Epoch	AverageEpRet	StdEpRet	MaxEpRet	MinEpRet	EpLen	AverageVVals	StdVVals	MaxVVals	MinVVals	TotalEnvInteracts	LossPi	LossV	DeltaLossPi	DeltaLossV	Entropy	KL	ClipFrac	StopIter	Time
0	-3.5917776	13.948697	159.79587	-63.89511	17.536533	-0.034464754	0.101276435	0.14596562	-0.2493296	50000	-0.0034746807	262.7016	-0.0063743135	-14.953081	1.7750653	0.011774709	0.089719996	39.0	25.432739734649658
1	-3.8140278	16.30445	114.57031	-71.2933	28.662436	-3.0803688	2.2751963	4.7806907	-7.913601	100000	-0.0027818037	330.05518	-0.0044570067	-38.121037	1.7654845	0.011211941	0.07898	39.0	51.93015813827515
2	-3.3365035	19.279041	264.05203	-63.728844	29.12061	-6.9027605	6.8833003	14.329001	-15.989557	150000	-0.0031767758	367.52362	-0.004693513	-14.387215	1.7645743	0.010379576	0.07988	39.0	81.34392595291138
3	-2.41435	23.488066	320.3041	-71.4719	26.573347	-5.928171	8.689415	17.29697	-18.375784	200000	-0.002146311	471.6206	-0.0058199745	-38.10697	1.7607356	0.010842025	0.08108	39.0	115.1484649181366
4	-1.8064239	23.178503	351.1897	-72.39581	25.991104	-3.002437	8.786392	26.969036	-21.881191	250000	-0.0034029307	461.6937	-0.006187482	-15.737064	1.7487862	0.011181745	0.09098999	39.0	151.3164234161377
5	0.91602373	35.039093	505.57538	-64.55793	22.921911	0.46329767	10.90446	33.48079	-25.261497	300000	-0.0031671338	898.65076	-0.006321205	-57.57865	1.7231379	0.01235297	0.11821	39.0	186.19184350967407
6	5.8877053	50.579735	753.6481	-61.331696	27.450275	6.459238	15.811342	45.4933	-26.36419	350000	-0.003676355	1410.896	-0.00549432	-79.756744	1.6906455	0.010234204	0.118090004	39.0	223.79204082489014
7	12.57325	66.68814	539.5972	-65.84242	30.09619	15.311554	21.1387	56.730648	-22.465342	400000	-0.0032508373	1930.981	-0.005729439	-134.51028	1.6428568	0.010764834	0.11154	39.0	259.8173758983612
8	23.470781	86.90593	608.55023	-61.02315	35.418736	26.811607	25.647999	66.35537	-15.805318	450000	-0.0035348162	2565.7458	-0.00467546	-127.02156	1.6013293	0.01161067	0.11052999	39.0	295.68353724479675
9	31.211258	97.66723	693.9303	-59.678394	37.786636	33.531815	29.420961	75.548225	-18.024323	500000	-0.0020990968	2982.8887	-0.005612823	-110.468575	1.5643537	0.011754772	0.0979	39.0	332.6037003993988
10	40.22961	111.19826	731.4071	-60.67145	43.126846	38.91985	34.7963	84.511826	-18.48011	550000	-0.003005948	3329.049	-0.004814019	-120.876945	1.5506928	0.0120122135	0.11060999	39.0	387.1176133155823
11	33.886528	108.00585	729.29956	-57.817234	34.09253	45.807426	36.539223	89.43617	-20.323925	600000	-0.00293326	3407.7136	-0.004040435	-75.68555	1.529712	0.010072361	0.06766	39.0	418.82820081710815
12	39.44398	116.994255	850.19476	-55.97581	34.512127	51.679424	38.136543	95.27491	-14.6126	650000	-0.0018649437	3851.9194	-0.004343892	-86.0336	1.4964978	0.009323303	0.06515	39.0	452.4287955760956
13	34.45302	111.04687	702.38635	-57.29853	31.956213	58.172283	40.61861	101.24103	-14.036444	700000	-0.0010673907	3417.613	-0.004394884	-49.53913	1.4870425	0.012682466	0.08024	39.0	485.3648250102997
14	45.197025	121.99181	590.4601	-63.91754	39.964546	60.873775	40.867203	104.506996	-12.683142	750000	-0.0019265227	3326.3315	-0.00420543	-36.119793	1.4847287	0.010345977	0.07353	39.0	512.0481057167053
15	51.114613	137.23505	757.9267	-58.749706	41.31089	62.16232	43.73926	107.302414	-11.077127	800000	-0.0018405691	3851.8362	-0.004230194	-63.434532	1.4425236	0.009435214	0.08354	39.0	547.0392100811005
16	57.07019	144.60652	710.7575	-62.848846	42.57314	67.29391	46.357426	112.60402	-12.114611	850000	-0.0022737961	4128.255	-0.004289647	-52.29678	1.4381074	0.011304	0.08775	39.0	582.1053416728973
17	60.354588	149.00266	720.9533	-65.639946	41.906567	71.949936	47.780365	117.21788	-13.835315	900000	-0.0011226335	4574.159	-0.00413844	-50.192017	1.3994706	0.007865423	0.058689997	39.0	614.2986083030701
18	64.04151	155.51274	753.9988	-62.43837	45.625347	76.50257	47.558823	120.24115	-15.870017	950000	-0.001712909	4394.638	-0.003551417	-32.259285	1.3988411	0.0073980438	0.05686	39.0	647.8916857242584
19	76.34968	169.1238	803.1578	-69.01312	49.211254	80.90213	46.875126	123.09385	-15.339053	1000000	-0.0021838658	4783.5693	-0.0038619344	-69.37958	1.3861797	0.009192011	0.06682	39.0	683.9278349876404
20	69.50274	161.28133	942.4131	-55.60927	41.605682	87.04137	43.701427	128.76549	-7.1729045	1050000	-0.0016783271	5436.714	-0.0045568366	-86.15369	1.3631711	0.010636324	0.09904999	39.0	719.2770669460297
21	78.131714	166.00659	823.03827	-20.0	44.212257	94.00488	36.214783	133.57811	10.744209	1100000	-0.0022612736	5548.298	-0.0044959285	-150.46667	1.3816335	0.007859225	0.07285	39.0	751.8508002758026
22	87.56555	178.37738	839.8605	-20.0	46.74883	99.3637	27.727718	137.05876	26.367775	1150000	-0.0016427767	5827.4785	-0.004615293	-130.59778	1.3487605	0.008124306	0.07937	39.0	786.5946745872498
23	97.20493	190.70145	868.8837	-20.0	48.821743	107.44678	25.623804	138.26404	-31.011713	1200000	-0.0025313823	6578.053	-0.0034630354	-66.207275	1.3019464	0.0067556733	0.07377	39.0	821.8491597175598
24	91.346886	188.48576	893.8226	-20.0	45.5326	111.10033	25.934858	141.6499	-3.780795	1250000	-0.0015520547	6785.0615	-0.0043941815	-113.134766	1.2651663	0.007913093	0.0579	39.0	855.5768465995789
25	106.6177	193.32361	827.74896	-20.0	50.075527	112.9957	30.201689	146.88863	-34.74146	1300000	-0.0028248578	6898.288	-0.0032041464	-109.73248	1.2718115	0.008320488	0.051699996	39.0	891.7614817619324
26	88.62704	186.32591	851.5955	-21.90601	43.263477	117.28892	24.130417	147.44666	-3.9315135	1350000	-0.0022584167	6968.2437	-0.0038576853	-51.581482	1.2324761	0.008019682	0.058039997	39.0	925.6581017971039
27	87.76489	182.22546	803.43616	-20.0	42.26933	117.85268	25.484299	148.55421	-3.196569	1400000	-0.0018227668	6898.037	-0.004382537	-44.756775	1.1820588	0.0066446215	0.06467	39.0	956.3797068595886
28	94.22426	188.10881	906.32324	-24.054684	43.106865	118.34146	26.866257	147.9955	-7.41606	1450000	-0.0024549458	7273.08	-0.0032447607	-73.7948	1.1586782	0.0064921584	0.05178	39.0	991.3276798725128
29	103.242386	201.56383	939.2282	-20.0	45.32	121.68162	23.691177	148.4641	-10.006159	1500000	-0.0018605432	7771.9688	-0.004197496	-56.47168	1.136713	0.0062614	0.06425	39.0	1026.9371843338013
30	116.9102	209.6376	878.03705	-20.0	50.052208	125.26844	26.788633	151.05887	-14.079407	1550000	-0.0012901854	7823.286	-0.0041494197	-89.65936	1.1040285	0.008670785	0.06435999	39.0	1061.085517168045
31	102.49463	196.99786	864.1099	-20.0	44.774456	127.67811	26.557497	155.68549	-5.15003	1600000	-0.001379665	7908.7563	-0.003800056	-76.076965	1.0813164	0.00847672	0.0594	39.0	1094.35160946846
32	108.43977	214.01003	880.0217	-26.529469	44.544804	128.86261	23.731897	155.19931	-2.1037278	1650000	-0.0026373062	9186.631	-0.0034974564	-118.36951	1.0593146	0.007978307	0.0667	39.0	1130.4572925567627
33	119.16856	225.90709	978.5221	-20.0	46.83664	134.6741	23.649181	156.49957	1.8036696	1700000	-0.0014842665	9313.57	-0.0046245023	-133.64258	1.0635906	0.006591928	0.05736	39.0	1163.1955902576447
34	120.07518	226.88797	913.06366	-20.0	49.19842	141.52954	27.09648	162.87296	-13.514255	1750000	-0.0022778905	8540.755	-0.0028674342	-57.96869	1.0536637	0.0051425016	0.04263	39.0	1198.57874584198
35	115.23714	223.1789	965.1698	-20.0	50.18357	139.58173	27.756567	165.07353	-2.2454782	1800000	-0.0008862987	8231.67	-0.0034836382	-136.58752	1.0485696	0.006281499	0.053489998	39.0	1232.704419374466
36	130.12025	243.78358	896.9237	-20.0	54.606827	135.32198	27.47188	170.53737	-2.5631618	1850000	-0.00044113724	8666.536	-0.0033613436	-94.10309	1.040072	0.0064017326	0.03728	39.0	1267.1697583198547
37	111.91215	222.64032	895.1008	-21.780235	49.68032	144.07957	26.692188	173.71951	9.613876	1900000	-0.0015379768	8394.896	-0.0038322236	-254.26526	1.034886	0.007007314	0.07196	39.0	1301.6476912498474
38	120.32939	234.29419	929.43933	-20.0	50.484264	135.01756	30.985765	173.77887	-0.20995188	1950000	-0.0026001274	8792.164	-0.0029251224	-126.37872	1.0287472	0.0067483927	0.048079997	39.0	1333.8634350299835
39	115.23713	229.29077	1007.088	-20.0	46.254425	140.64139	30.468369	175.99353	-7.6142926	2000000	-0.0019278843	9569.6045	-0.0029134597	-143.3056	1.0359461	0.006372913	0.03744	39.0	1368.0143525600433
40	118.51738	235.05031	918.9306	-26.00637	47.80639	147.26744	28.220798	176.34967	-23.53677	2050000	-0.0012360737	9417.408	-0.0033880575	-74.10785	1.0502002	0.0065203193	0.04568	39.0	1402.31858086586
41	117.75554	233.2549	904.86096	-20.0	46.467728	147.81088	24.816141	178.06288	15.835902	2100000	-0.0016341936	9004.517	-0.0027917495	-90.40979	1.0358088	0.0059271464	0.048929997	39.0	1436.3745739459991
42	118.93215	237.24742	937.3871	-20.0	47.511517	148.3912	28.549034	180.40599	-16.680552	2150000	-0.0023319875	9357.469	-0.0032610248	-71.08508	1.0209725	0.008288854	0.0497	39.0	1469.8574585914612
43	144.54178	260.59064	954.5774	-20.0	55.527435	149.38138	31.292053	183.03941	-4.3236475	2200000	-0.0019484255	9716.498	-0.0027949975	-81.98511	1.0205369	0.008103182	0.051579997	39.0	1503.158765077591
44	124.433105	240.12798	999.78265	-20.0	47.761997	153.93216	30.692974	186.98926	-1.0984635	2250000	-0.0008727871	9656.43	-0.00366035	-75.68317	1.0052702	0.007504876	0.03938	39.0	1535.5112688541412
45	151.96574	268.75607	1000.7034	-21.09673	56.30464	150.87575	27.21956	188.9006	-2.6263134	2300000	-0.001429473	10568.605	-0.0031337312	-125.46887	0.9946771	0.008817204	0.04497	39.0	1569.0621182918549
46	137.7229	257.60324	949.46484	-67.586716	52.046364	158.2364	26.884699	191.77705	0.21083796	2350000	-0.0020448407	10218.01	-0.0036859734	-81.40173	0.9991058	0.008664442	0.05605	39.0	1600.401450395584
47	139.10002	260.05286	1001.4907	-20.0	50.209938	159.40643	26.771269	195.04193	27.938702	2400000	-0.0002963394	10783.971	-0.0041645537	-121.06958	0.9691993	0.0069790827	0.04302	39.0	1633.0407536029816
48	144.8826	259.12936	1012.0601	-20.0	54.108578	163.70203	25.235256	196.01643	46.135143	2450000	-0.0013913596	10382.058	-0.0032997772	-112.25	0.98423594	0.007114715	0.046889998	39.0	1669.5056636333466
49	139.55046	263.21338	1049.442	-20.0	51.957024	157.24377	29.679502	198.70628	42.0008	2500000	-0.001587172	10603.428	-0.003954352	-91.77905	0.9903196	0.009444952	0.05742	39.0	1702.7481565475464
50	131.66127	255.76466	1034.421	-68.019714	49.991978	156.37334	37.332684	200.25824	11.796053	2550000	-0.0016539106	10453.863	-0.0035504773	-105.177124	0.99433863	0.006338143	0.05021	39.0	1738.8523976802826
51	125.04491	246.89932	980.7949	-67.390686	47.71126	159.06973	37.247738	203.48773	-21.656616	2600000	-0.0016843555	10345.43	-0.0030359093	-79.639404	0.9793235	0.006777902	0.046129998	39.0	1771.703899383545
52	148.70819	276.4398	1032.3196	-31.800434	53.351234	158.0159	32.322136	205.18916	-28.027336	2650000	-0.0015145168	11251.599	-0.0033878633	-169.9784	0.966912	0.007271446	0.04762	39.0	1806.5297956466675
53	164.22116	279.52393	1001.695	-20.0	57.272728	166.03394	30.025398	206.85619	-24.038456	2700000	-0.0014664335	11048.684	-0.0035768473	-149.45215	0.9497496	0.006534516	0.049609996	39.0	1842.4758248329163
54	141.62396	263.22092	989.8315	-20.0	50.531506	169.57968	26.777592	209.57617	-1.7264378	2750000	-0.0015139135	11165.871	-0.0045573143	-56.36035	0.9655086	0.009072114	0.05761	39.0	1877.185717344284
55	147.1976	267.2487	1068.5177	-20.0	51.599583	167.3122	28.424467	211.36807	7.0684433	2800000	-0.0013952293	11478.926	-0.0032822746	-59.430542	0.9562777	0.0067904284	0.04739	39.0	1914.2972729206085
56	169.20134	287.3744	1029.3804	-20.0	57.411354	170.86867	25.710165	213.97157	-2.7087142	2850000	-0.0007955842	11989.732	-0.004333228	-85.45447	0.94099927	0.0065099755	0.05025	39.0	1950.7269921302795
57	171.8569	295.1856	1022.25946	-20.0	58.148888	175.3421	26.019009	214.0616	14.312927	2900000	-0.0014129495	11706.07	-0.003695932	-59.926758	0.93450475	0.006863502	0.049739998	39.0	1982.5781569480896
58	155.9292	277.36612	972.3289	-20.0	55.73341	178.6045	27.58462	218.76428	4.505991	2950000	-0.0025633601	11692.906	-0.003276441	-187.3457	0.9274862	0.007067088	0.04936	39.0	2015.3317847251892
59	182.75995	301.70105	1004.36664	-20.0	61.85162	171.68211	30.405748	217.60771	-8.60767	3000000	-0.0007675011	12225.907	-0.0039412817	-179.72913	0.9138534	0.0060101934	0.052619997	39.0	2045.6475043296814
60	169.46634	283.85645	1067.0104	-20.0	59.76506	177.19316	27.231499	220.12947	1.2468171	3050000	-0.0010057748	11576.482	-0.0041169324	-151.86987	0.9294251	0.0069114314	0.04401	39.0	2081.212018728256
61	153.73212	283.9208	988.83966	-27.819841	55.99323	168.93353	31.35414	220.63205	-3.8368511	3100000	-0.0011611809	11677.719	-0.0042230166	-157.66467	0.9059019	0.007180497	0.0512	39.0	2117.130668401718
62	167.25769	292.49936	1039.7897	-20.0	58.60803	169.71037	34.29049	221.13397	20.670588	3150000	-0.0017579533	12045.449	-0.0038710302	-149.38794	0.91158295	0.006813661	0.061509997	39.0	2150.178995847702
63	180.81102	300.22104	995.3387	-20.0	62.043804	178.20209	28.127533	222.22552	-3.442728	3200000	-0.0013476508	11614.722	-0.0033441116	-74.49951	0.9130269	0.007005182	0.043129995	39.0	2180.8265471458435
64	156.47366	278.26147	935.57794	-20.0	56.398865	179.57788	23.453901	223.71217	17.93127	3250000	-0.0010628141	11208.291	-0.0032009138	-182.40857	0.90819776	0.005704934	0.03767	39.0	2210.6553761959076
65	151.9693	282.1255	1015.18445	-20.0	53.995647	168.1713	28.874529	226.10925	5.913645	3300000	-0.002002717	11697.682	-0.003175687	-168.8313	0.8982316	0.006329362	0.044269998	39.0	2243.312834739685
66	196.72742	314.56183	1002.88727	-20.0	66.37281	173.4993	30.87289	230.26895	-9.065109	3350000	-0.00064601935	11798.9375	-0.004479941	-221.13867	0.89790344	0.0066555515	0.057299998	39.0	2273.4238183498383
67	161.88861	288.6537	1043.6337	-20.0	56.14399	184.10577	25.972586	231.77144	-2.4095278	3400000	-0.0009182766	12214.619	-0.0038747983	-126.86133	0.88517296	0.0066706603	0.048509996	39.0	2303.738872051239
68	151.0351	279.57214	1012.24695	-20.0	52.804047	175.72754	32.113335	228.2613	48.329937	3450000	-0.0007079821	12103.139	-0.0034181576	-118.21997	0.8747009	0.004904109	0.04064	39.0	2335.271458387375
69	194.95496	313.37292	1019.3971	-15.650039	64.46484	175.82028	28.767332	228.73718	4.963106	3500000	-0.0009928439	12327.362	-0.0034172102	-163.47864	0.87560904	0.006101095	0.040639997	39.0	2367.6452646255493
70	186.63812	309.84354	999.70056	-20.0	62.227783	186.19658	26.035364	230.39787	12.003391	3550000	-0.00059458334	12137.795	-0.0040695923	-96.358154	0.879112	0.0075877197	0.04694	39.0	2400.325553894043
71	170.61676	305.55554	1025.6464	-20.0	57.188942	183.92548	30.025875	234.49454	5.1797514	3600000	-0.0011020796	13395.66	-0.0035530482	-164.51501	0.8636178	0.006700026	0.04563	39.0	2435.0313160419464
72	159.88287	292.62137	1040.9951	-20.0	52.99574	185.30748	30.879707	231.41733	-23.768854	3650000	-0.0014845263	12843.752	-0.0032990228	-146.93762	0.84609914	0.0069510564	0.051799998	39.0	2464.1725840568542
73	163.88165	295.4595	1051.2219	-20.0	54.288376	184.80035	32.920704	234.55013	51.447006	3700000	-0.0027055135	13030.876	-0.0037352184	-94.1687	0.82767445	0.0061756996	0.0676	39.0	2497.334734916687
74	195.80249	321.55994	996.80536	-20.0	62.625317	187.8039	27.466326	235.5276	21.755302	3750000	-0.0010175514	12775.691	-0.003177551	-83.99951	0.8158751	0.004426283	0.04384	39.0	2527.9878492355347
75	178.18427	311.75058	1066.6176	-20.0	58.02331	195.13248	28.063238	241.49454	76.80552	3800000	-0.0015010675	13024.023	-0.0028863393	-133.35327	0.79740876	0.0066125575	0.03839	39.0	2563.7062141895294
76	191.66425	316.69022	1098.88	-20.0	61.608696	191.26112	27.679998	238.96106	21.004786	3850000	-0.00040130876	12855.192	-0.003553193	-77.152466	0.7814189	0.0055620745	0.039229997	39.0	2597.007176399231
77	158.30013	299.5747	1058.8071	-20.0	51.967472	190.28368	29.042522	239.07115	84.21654	3900000	-0.0013665278	13234.123	-0.002715834	-165.51318	0.7609809	0.0075093005	0.039759997	39.0	2629.6398134231567
78	192.36058	322.46326	1048.9005	-20.0	61.930347	187.61328	30.930296	239.20485	15.70048	3950000	-0.001927143	13831.92	-0.003276427	-147.36316	0.78474873	0.0052061127	0.05347	39.0	2662.3696863651276
79	169.1971	296.79074	1055.5468	-20.0	55.84163	192.38956	31.46968	239.09485	74.45816	4000000	-0.0009612702	13270.67	-0.0041273306	-188.61389	0.7745929	0.0051294332	0.04539	39.0	2696.5452568531036
80	170.25043	305.7959	1030.199	-20.0	56.66514	184.55338	32.236847	239.49469	44.665047	4050000	-0.0013759881	13432.008	-0.0029163195	-146.0055	0.78907907	0.006603906	0.052819997	39.0	2728.7695338726044
81	218.6839	336.8015	1064.8604	-20.0	68.6326	188.02722	30.5965	238.94144	72.796425	4100000	-0.0008391347	13210.685	-0.0034577963	-176.10791	0.76971126	0.007174774	0.04569	39.0	2763.938365459442
82	180.3739	315.8654	1078.7509	-20.0	58.62972	196.12294	29.581032	242.64835	36.49601	4150000	-0.0014221044	13686.345	-0.0038170107	-134.33984	0.77737916	0.0071300305	0.060949996	39.0	2798.536073446274
83	163.85283	297.58194	1063.1158	-20.0	54.402412	188.2076	33.785816	246.08492	86.688896	4200000	-0.0019255383	13547.268	-0.0034348425	-65.318726	0.7735895	0.0059213056	0.04635	39.0	2831.778932571411
84	175.55595	306.3877	1097.598	-20.0	56.94158	187.4572	31.911943	246.19978	19.05723	4250000	-0.001973915	14188.205	-0.0024490634	-144.46826	0.7807301	0.0058729835	0.03496	39.0	2864.4316749572754
85	180.56099	314.0508	1092.8018	-20.0	57.210587	191.07956	29.312267	242.65894	41.72082	4300000	-0.0014323667	14160.555	-0.0030747703	-145.07971	0.7874033	0.0049204277	0.04547	39.0	2897.240879535675
86	205.00403	334.5049	1102.2867	-20.0	64.2671	193.39516	29.334686	237.69392	-22.610695	4350000	-0.0023678308	14432.344	-0.003852882	-140.55542	0.7781754	0.008234214	0.06769	39.0	2930.1414206027985
87	191.15582	322.34937	1106.8896	-20.0	61.26937	196.28888	30.076332	246.96413	-1.6350667	4400000	-0.0011848286	14447.963	-0.00337061	-152.0238	0.7788118	0.0055472227	0.034939997	39.0	2962.2659907341003
88	206.39374	332.15256	1121.08	-20.0	64.77503	194.6072	30.443237	245.1704	20.891388	4450000	-0.00032180105	14319.713	-0.0048847264	-112.14514	0.76550734	0.0050340057	0.04392	39.0	2997.7798302173615
89	186.19554	310.36517	1123.62	-24.125652	60.048428	195.60156	29.81273	247.43265	64.81959	4500000	-0.0009808103	13788.518	-0.003251953	-172.53687	0.77298915	0.0045199106	0.033379998	39.0	3030.297059774399
90	204.12825	331.52847	1119.0786	-20.0	63.775063	190.7448	28.352688	242.5268	43.516468	4550000	-0.00034604594	14414.432	-0.0041540787	-166.69958	0.7619129	0.0062386044	0.037989996	39.0	3063.2369542121887
91	181.7983	315.43427	1108.9364	-19.11751	57.857307	192.6995	30.1656	243.9054	18.668869	4600000	-0.00217136	14022.702	-0.002892595	-142.37744	0.7556952	0.0061246115	0.04468	39.0	3098.8280370235443
92	209.9964	333.83066	1085.9904	-20.0	64.8902	193.93529	31.41365	247.16348	8.746658	4650000	-0.0012231572	14104.99	-0.0032139297	-115.35132	0.7606118	0.006366735	0.04698	39.0	3131.598100423813
93	191.25697	325.084	1139.1903	-20.0	59.67347	194.94563	29.940063	253.87961	26.56416	4700000	-0.0015873723	14400.097	-0.002882056	-92.177734	0.7623254	0.0063020275	0.04357	39.0	3165.9750788211823
94	172.82834	310.09644	1087.8654	-20.0	55.4905	197.73895	31.465914	258.40063	4.886713	4750000	-0.0020366386	14127.711	-0.0032545123	-344.69666	0.7539214	0.006415017	0.057739995	39.0	3199.563461303711
95	174.97958	317.27734	1085.1313	-20.0	56.00113	193.15808	33.351067	255.4804	4.3609414	4800000	-0.0013280753	14750.735	-0.0034374327	-169.42688	0.7706864	0.006636683	0.04203	39.0	3233.0213499069214
96	199.64789	325.6036	1087.2141	-20.0	62.570705	197.74452	31.35688	252.62921	-27.926497	4850000	-0.0012140595	13940.318	-0.0032598162	-171.74011	0.7745603	0.0060858666	0.03828	39.0	3267.6268882751465
97	174.34158	314.59854	1075.9265	-20.0	56.12599	194.57498	31.424055	254.47174	6.2859354	4900000	-0.0008825059	14184.197	-0.0029673777	-93.3855	0.7696291	0.005834804	0.03171	39.0	3298.978645324707
98	206.46243	332.7896	1045.8319	-20.0	66.22563	193.47792	30.296339	253.37387	46.59168	4950000	-0.001115235	13513.736	-0.004020252	-141.6759	0.76609904	0.008189895	0.04646	39.0	3332.091364622116
99	195.73404	327.4295	1029.3428	-20.0	63.062103	194.06204	34.21844	255.22116	-17.026289	5000000	-0.0013675876	14102.471	-0.0033112117	-141.94849	0.75644684	0.0059790458	0.04432	39.0	3367.023594379425
100	209.85011	335.20596	1050.2739	-20.0	67.10256	193.13092	32.534397	254.46432	45.26962	5050000	-0.00094014034	13386.123	-0.0035724582	-132.55774	0.7528728	0.0067989784	0.0472	39.0	3402.6537318229675
101	204.94183	332.674	1055.5751	-20.0	64.74379	195.47185	31.29715	257.10486	19.259367	5100000	-0.0006630942	13974.129	-0.0041319462	-98.0072	0.73217356	0.0070835105	0.04839	39.0	3437.35994553566
102	186.22887	321.77744	1108.2549	-20.0	61.197044	197.72754	31.71194	259.23914	-41.53368	5150000	-0.0014340146	14394.503	-0.0034784381	-142.19312	0.7508475	0.006567858	0.043849997	39.0	3472.1743767261505
103	192.56157	334.65833	1082.0385	-20.0	61.548824	191.37389	36.441257	256.7988	21.414722	5200000	-0.0013611428	14642.184	-0.0031385415	-172.67834	0.7247572	0.005947268	0.03828	39.0	3505.0065903663635
104	197.07541	331.38892	1074.0602	-20.0	61.720844	198.85432	33.695972	260.10248	36.84318	5250000	-0.00032180734	14025.557	-0.0032013678	-132.64978	0.7182735	0.0043205526	0.034379996	39.0	3536.939736366272
105	165.51738	306.7326	1118.8208	-20.0	53.40948	197.90839	32.908195	262.26532	37.026913	5300000	-0.0011975169	14384.539	-0.0029535925	-165.51782	0.71760607	0.0052964548	0.039629996	39.0	3571.3964233398438
106	196.1333	328.37863	1066.261	-30.0	61.56613	193.85687	32.3706	258.70172	43.49447	5350000	-0.0008810647	14530.984	-0.0031241647	-163.67334	0.71243286	0.004725685	0.03817	39.0	3604.4296395778656
107	191.0424	329.9927	1058.9662	-20.0	59.466587	196.0082	28.309525	257.32504	50.014103	5400000	-0.0021167025	14694.676	-0.002867392	-163.25427	0.71604896	0.005674943	0.04168	39.0	3637.419443130493
108	197.48412	330.97202	1069.0933	-20.0	60.487804	198.74055	32.224808	258.11835	39.920105	5450000	-0.0005564485	14190.462	-0.0026913127	-100.4928	0.71628666	0.0045206416	0.02983	39.0	3672.1550619602203
109	192.25287	336.05222	1090.9696	-20.0	58.366745	201.04024	29.818142	261.33176	43.86841	5500000	-0.00086404756	14777.303	-0.0033968426	-155.19714	0.6987802	0.0055161566	0.040149998	39.0	3707.3730330467224
110	205.62756	344.88077	1097.4221	-20.0	62.486824	204.98296	29.222898	261.83575	82.21522	5550000	-0.00037701428	14508.365	-0.0034872834	-97.56238	0.6937089	0.0051214267	0.0345	39.0	3738.7960827350616
111	190.19336	335.5189	1087.0361	-20.0	58.420494	204.47864	29.88671	265.2474	87.73314	5600000	-0.0022689505	14991.865	-0.00237216	-117.668945	0.6946101	0.005062222	0.04293	39.0	3771.8062143325806
112	215.2918	339.86926	1073.4967	-20.0	66.22	205.62292	31.60119	266.68103	87.1194	5650000	-0.0011535678	13885.761	-0.0029005033	-113.89075	0.6957469	0.005491769	0.03402	39.0	3804.465847969055
113	188.43599	319.9903	1055.1887	-20.0	60.794117	200.51376	31.193377	267.16968	83.513596	5700000	-0.0014894856	14470.917	-0.0034984876	-324.5227	0.712588	0.0061614225	0.05407	39.0	3835.324093103409
114	213.58606	333.4663	1022.26544	-20.0	66.44744	196.47812	28.616444	259.3778	43.714485	5750000	-0.0018306971	13796.946	-0.0034452598	-152.67517	0.70731926	0.0046786075	0.0503	39.0	3865.1148047447205
115	188.5453	320.73987	1061.5997	-20.0	59.582233	198.21556	27.701624	260.31842	57.88197	5800000	-0.0010402007	14011.876	-0.003722693	-148.53723	0.7116157	0.00531428	0.04054	39.0	3900.3600816726685
116	221.2219	345.01135	1050.7944	-20.0	68.10069	196.19688	27.895199	260.42346	47.027714	5850000	-0.0019946788	13869.1875	-0.0029920542	-139.40405	0.7283168	0.004970737	0.057499997	39.0	3934.8297352790833
117	188.43149	322.5023	1070.2828	-20.0	58.361828	201.612	29.516436	259.8063	47.769016	5900000	-0.001287045	13908.877	-0.0027860967	-128.66833	0.70548594	0.0062562097	0.044209998	39.0	3968.4552388191223
118	201.26079	341.58908	1056.3774	-20.0	62.20974	197.74362	28.29454	259.9194	85.49627	5950000	-0.0011402119	14166.031	-0.003327986	-124.31799	0.70500803	0.004898187	0.042669997	39.0	4002.6131365299225
119	207.9432	339.02573	1052.6577	-20.0	63.321884	203.58922	29.16141	262.58517	61.171776	6000000	-0.0012971666	14227.355	-0.002861673	-149.45435	0.6758851	0.00459003	0.0424	39.0	4037.0029225349426
120	207.88866	341.0243	1100.6189	-20.0	63.70603	200.4758	29.272772	259.88724	90.58628	6050000	-0.0009655757	14640.305	-0.0033509787	-212.05261	0.67088187	0.0044917953	0.045709997	39.0	4071.7823600769043
121	209.05048	341.29968	1022.6445	-18.29198	66.05851	205.11671	32.077736	262.7612	41.392677	6100000	-0.0012959186	13807.141	-0.0033313837	-179.5232	0.68846595	0.0052158507	0.0423	39.0	4105.023861646652
122	182.96753	320.64185	1036.4309	-20.0	58.673733	200.57224	32.641933	257.96927	35.405556	6150000	-0.0010116491	13849.266	-0.0031501823	-162.31042	0.67622375	0.0041902354	0.038149998	39.0	4137.248822450638
123	189.76329	322.37848	1050.817	-20.0	59.83937	196.2742	32.096848	260.7579	38.778015	6200000	-0.00075745955	13584.647	-0.0035115387	-120.835815	0.66010785	0.0044871187	0.041199997	39.0	4171.966891527176
124	187.44406	317.75436	1029.4783	-30.0	60.27805	197.51727	32.923397	260.98413	18.664316	6250000	-4.0903687e-05	13299.475	-0.003867519	-111.03381	0.64404386	0.0045404444	0.03999	39.0	4206.466502189636
125	214.65025	339.0875	1053.222	-20.0	67.11533	195.38704	27.545715	261.93307	33.20994	6300000	-0.001041919	13350.328	-0.002915172	-84.554565	0.6510866	0.0041683214	0.03645	39.0	4240.774999141693
126	210.55206	338.46268	1077.2526	-20.0	65.66005	199.96768	27.412134	263.67502	89.673874	6350000	-0.0011642072	13481.617	-0.0027915437	-176.26697	0.64551973	0.004921625	0.03752	39.0	4271.1007516384125
127	195.91084	331.74146	1045.5684	-23.345175	61.662548	200.57484	29.362967	262.75787	67.8288	6400000	-0.0009831488	13825.102	-0.002861163	-114.78345	0.6388258	0.0053064744	0.03875	39.0	4305.547506570816
128	175.92929	320.26154	1058.1846	-20.0	55.764904	199.81737	32.16749	261.16534	90.03503	6450000	-0.0007069893	14253.275	-0.0027018297	-122.30469	0.6112027	0.0034946231	0.030420002	39.0	4341.51587843895
129	205.31763	335.7904	1090.0431	-20.0	62.987293	198.4977	32.108154	260.27695	78.203064	6500000	-0.0009703804	14041.066	-0.003920447	-112.25745	0.6108265	0.005142973	0.047769997	39.0	4375.670621871948
130	200.53352	334.9365	1069.341	-20.0	61.27318	198.51843	30.927114	259.1244	86.95176	6550000	-0.00051016826	13687.234	-0.002565942	-95.89917	0.6237208	0.0051822737	0.02948	39.0	4404.7892072200775
131	213.42375	344.38214	1106.5409	-20.0	65.049736	202.65704	30.405434	261.24255	89.7648	6600000	-1.2688339e-05	14168.591	-0.0038868284	-330.6582	0.61753845	0.005201899	0.029979998	39.0	4440.163522720337
132	191.66113	330.5407	1099.51	-20.0	58.228237	205.04268	34.75009	269.13885	48.1672	6650000	-0.00089374837	14773.754	-0.002987768	-143.41809	0.59765285	0.004027336	0.03789	39.0	4473.771516561508
133	224.33434	349.70447	1090.4739	-22.53876	66.90366	202.62901	32.09804	266.26404	87.36407	6700000	-0.0014552996	14074.797	-0.0027977016	-117.93518	0.5813885	0.003964099	0.03524	39.0	4504.463262796402
134	186.27402	331.8964	1112.0698	-20.0	56.892326	205.71036	34.20102	269.9246	53.575283	6750000	-0.0006847256	14318.721	-0.0030272054	-110.97681	0.56857044	0.003628868	0.02881	39.0	4536.782337665558
135	189.3998	329.64612	1112.0244	-20.0	57.7703	202.202	35.321754	272.29175	44.326035	6800000	-0.00109722	14118.963	-0.0026959695	-90.84619	0.56072664	0.0039538797	0.0316	39.0	4570.847969532013
136	203.32243	335.39752	1140.9197	-20.0	61.315987	199.78566	34.35261	276.70264	63.826405	6850000	-0.00082096085	14477.439	-0.002729095	-194.29272	0.54859847	0.0048512686	0.031779997	39.0	4603.7926688194275
137	209.84323	339.95706	1165.7771	-30.916313	63.679077	199.60497	34.024326	272.05252	45.811726	6900000	-0.0012213867	14078.908	-0.002546261	-124.82861	0.55029225	0.0052287327	0.03239	39.0	4638.711003065109
138	200.4222	337.28555	1142.5326	-20.0	60.815178	201.76764	34.826534	271.7464	-0.7094958	6950000	-0.00084693264	14393.913	-0.003134352	-122.82092	0.54581594	0.0052575665	0.04254	39.0	4672.379017114639
139	191.74602	332.64108	1124.6188	-24.428034	59.057144	202.87016	36.548656	268.16446	41.354214	7000000	-0.0011325069	14511.262	-0.0027405736	-168.3645	0.54982114	0.0036323266	0.02773	39.0	4705.182262182236
140	203.11201	335.16342	1155.9397	-20.0	60.833332	200.792	34.569183	271.58127	4.069915	7050000	-0.001720669	14412.38	-0.0020627726	-123.236206	0.5269568	0.0033276211	0.034789998	39.0	4739.779825925827
141	175.18884	315.11914	1081.1409	-20.0	53.977173	202.8459	36.56084	272.992	24.79963	7100000	-0.0011758022	14510.52	-0.0029529694	-138.09546	0.5325556	0.0049336795	0.034259997	39.0	4771.106486797333
142	199.39621	338.388	1133.1501	-24.821438	59.466347	194.59352	34.68896	272.03186	17.129848	7150000	-0.0017774682	14185.672	-0.0022791445	-189.2793	0.53154916	0.0032218425	0.0389	39.0	4805.334502696991
143	199.92421	337.8478	1134.9125	-20.0	59.046318	204.97504	36.294777	281.16092	3.847989	7200000	-0.0015902868	14661.545	-0.0022535808	-89.73401	0.514977	0.0042813793	0.03396	39.0	4838.012548923492
144	217.02629	355.53952	1126.8284	-20.0	62.405304	203.4012	34.848587	280.40262	22.73403	7250000	-0.0009765108	14954.931	-0.0025998307	-181.49927	0.5173683	0.0031311023	0.03627	39.0	4874.140157222748
145	224.39507	361.34586	1138.4047	-20.0	63.900646	213.0097	33.486748	280.43512	20.317215	7300000	-0.00012763217	15413.876	-0.0033183154	-145.7821	0.5013007	0.004423327	0.037019998	39.0	4909.628497838974
146	185.50499	330.50305	1132.6503	-20.0	54.066666	214.59436	32.113617	284.1757	44.756325	7350000	-0.0016782796	15330.232	-0.00266937	-126.41699	0.50844646	0.004636953	0.037979998	39.0	4943.365517616272
147	203.28896	334.15918	1118.5292	-20.0	59.274464	208.61746	34.725647	280.97366	62.555725	7400000	-0.00020354986	14841.018	-0.0033669076	-104.67285	0.51765275	0.0049434644	0.03374	39.0	4978.85246348381
148	213.6089	343.4656	1179.3549	-20.0	63.679028	206.8769	30.799402	272.385	32.41254	7450000	-0.0013131145	14775.28	-0.0026931418	-248.95569	0.52093303	0.0053134747	0.04239	39.0	5011.289755344391
149	232.75937	364.00504	1150.8673	-20.0	66.308	205.00143	33.01424	273.03366	-3.2624617	7500000	-0.00033234432	15560.709	-0.003917218	-166.60706	0.52251315	0.005033993	0.05093	39.0	5044.8652148246765
150	226.42807	363.83173	1132.1526	-20.0	65.50464	213.85384	32.287975	277.1612	4.6412296	7550000	-0.0011409903	15751.646	-0.0027114688	-251.63916	0.50682056	0.004689614	0.029649999	39.0	5080.5817539691925
151	242.89865	366.71906	1141.9546	-20.0	69.114685	215.3458	32.593292	277.1847	-5.3633585	7600000	-0.00043532532	15597.609	-0.0030150933	-106.96033	0.4974627	0.0040307944	0.034539998	39.0	5112.621088504791
152	212.52454	350.54233	1130.2959	-20.0	61.02457	214.21956	33.2309	278.80496	3.2817678	7650000	-0.00075261854	14978.324	-0.0028682803	-90.61536	0.49755102	0.0040636463	0.028420001	39.0	5145.97706246376
153	231.87181	364.28143	1139.6198	-20.0	66.97301	213.20113	34.92988	280.82532	9.404513	7700000	-0.0010424256	14828.96	-0.0025715635	-128.16638	0.4993115	0.0036874865	0.03418	39.0	5180.927147388458
154	197.61537	336.139	1127.9644	-20.0	58.325058	215.4904	32.425148	284.83182	-1.7597866	7750000	-0.0012406409	15117.938	-0.0024511842	-182.18372	0.50039464	0.0036081863	0.03154	39.0	5215.521966934204
155	216.49048	352.08652	1139.5455	-20.0	62.75474	207.6199	33.16846	278.3172	-13.868553	7800000	-0.0010180958	14822.521	-0.0020898597	-101.236084	0.48499554	0.004687098	0.031	39.0	5248.331572294235
156	208.3276	349.30005	1108.7806	-20.0	61.431564	211.59695	35.494083	281.7624	-10.420918	7850000	-0.0010466101	14640.744	-0.0027942343	-107.4541	0.48807928	0.003923639	0.03517	39.0	5278.720681667328
157	197.95251	342.4371	1135.7563	-20.0	59.104885	210.75423	33.937847	282.2443	-14.126007	7900000	-0.0016451948	14698.277	-0.0024410104	-90.91394	0.47741494	0.004814014	0.040859997	39.0	5309.775310754776
158	219.93481	359.4538	1117.3853	-20.0	64.25974	206.72464	35.04344	286.28485	1.6061807	7950000	-0.0009087692	14653.625	-0.0021501114	-122.79089	0.47034514	0.0032917843	0.03028	39.0	5346.196950435638
159	188.08525	331.22992	1125.5537	-20.0	56.087105	215.31589	37.757587	292.12463	22.765491	8000000	-0.0010317257	14683.053	-0.0019827553	-210.60608	0.47876853	0.0036216069	0.026379999	39.0	5379.32731795311
160	245.43123	366.98688	1102.6805	-20.0	71.10029	207.72131	34.758095	286.50684	39.653976	8050000	-0.0012229267	15010.982	-0.0021391246	-179.3457	0.47344637	0.0049800295	0.033	39.0	5409.644637107849
161	211.95894	352.91132	1105.446	-20.0	62.637627	213.60127	32.235115	289.21683	35.627808	8100000	-0.0012884177	15110.564	-0.0026331926	-174.20801	0.47561795	0.0037489538	0.033749998	39.0	5444.034574508667
162	193.012	340.14053	1126.2025	-20.0	57.672855	214.16176	33.734924	289.70135	56.28435	8150000	-0.0015325285	15118.279	-0.002707784	-174.92603	0.47797635	0.0058195493	0.041139998	39.0	5479.027222633362
163	211.36978	348.37814	1093.404	-20.0	61.71163	206.83496	37.0921	286.27103	13.739444	8200000	-0.0009554662	14890.166	-0.0022661923	-136.71289	0.48197883	0.0038899772	0.029409999	39.0	5514.487576246262
164	211.05139	346.85446	1110.2307	-20.0	61.941177	210.93602	33.484463	284.64227	54.333923	8250000	-0.00061218883	14971.958	-0.003113002	-87.882324	0.47478652	0.0042007742	0.03554	39.0	5547.798766851425
165	211.06056	359.31366	1150.3539	-20.0	61.6267	210.89832	32.531425	285.68158	-5.918215	8300000	-0.0004395228	15469.391	-0.0027159182	-154.71643	0.48372272	0.003980779	0.02807	39.0	5584.584376335144
166	212.19696	359.52686	1163.2222	-20.0	62.2193	213.6362	37.771786	285.76462	-7.609558	8350000	-0.0010622488	15608.693	-0.0024850876	-115.91516	0.49410892	0.0043873275	0.036069997	39.0	5620.035890340805
167	212.1635	363.85562	1117.0975	-20.0	60.905056	216.14957	33.26118	287.30313	13.272989	8400000	-0.0011667693	15588.816	-0.0027254343	-145.52075	0.47483662	0.0037096944	0.02913	39.0	5652.299985170364
168	224.2429	365.34958	1126.5319	-20.0	64.215485	221.05498	34.758457	287.96094	51.999847	8450000	-0.0007147603	15915.99	-0.0033131053	-193.29968	0.48825157	0.0041836845	0.037869997	39.0	5684.830493450165
169	202.26872	338.22397	1109.3221	-30.0	58.9346	217.15346	33.893085	287.2633	69.06788	8500000	-0.0012541506	15124.592	-0.0026246007	-222.30115	0.4792596	0.0032202383	0.03645	39.0	5719.637577056885
170	196.59262	345.85687	1136.0504	-20.0	57.876457	206.8084	38.04691	288.6694	-0.29118013	8550000	-0.0014600558	15949.117	-0.002972182	-152.63208	0.4833573	0.005632577	0.03756	39.0	5752.511333942413
171	225.83345	361.00342	1130.6248	-20.0	65.133156	213.75813	35.59311	285.93402	5.7891607	8600000	-0.0015013181	15758.531	-0.0025548136	-178.30981	0.47830108	0.0036298106	0.0352	39.0	5787.165447711945
172	203.03162	347.9806	1142.6482	-20.0	59.164875	212.42752	34.085377	287.2509	1.0426993	8650000	-0.0016272962	16276.032	-0.0032798809	-172.6438	0.47346982	0.0057383096	0.0436	39.0	5822.807118654251
173	188.80577	335.20844	1120.3175	-20.0	56.754307	212.78027	37.614677	285.53726	9.564632	8700000	-0.00086471345	15436.585	-0.003161273	-122.15381	0.48818988	0.003926131	0.037809998	39.0	5853.510061740875
174	189.52863	333.9656	1124.4109	-20.0	57.868298	206.46678	38.352306	279.12662	21.997477	8750000	-0.001218271	15571.27	-0.0028915452	-144.27588	0.4979671	0.0045390027	0.034549996	39.0	5887.3249435424805
175	178.4783	325.51328	1122.978	-20.0	55.266666	203.67	37.32185	277.19183	22.485264	8800000	-0.0011436762	15126.4375	-0.0024967836	-105.75415	0.5004959	0.0037239417	0.032969996	39.0	5922.224890232086
176	218.72673	346.4215	1158.5817	-19.11751	67.01075	200.3415	39.53895	276.39142	7.8128014	8850000	-0.0013922863	15072.904	-0.0025088838	-143.17603	0.5057279	0.004727498	0.03341	39.0	5954.392555713654
177	180.96332	326.9867	1141.8289	-20.0	56.235893	202.5184	37.498497	279.05276	-14.669117	8900000	-0.0006107446	15356.637	-0.0030750076	-227.25427	0.5040581	0.0046710894	0.035099998	39.0	5983.839549541473
178	239.44568	366.15674	1151.8749	-20.0	71.68261	200.90163	36.102566	276.92044	-12.917841	8950000	-0.0019297758	15747.432	-0.002930238	-315.45496	0.50081575	0.004586549	0.04391	39.0	6017.589323759079
179	217.20284	348.53778	1136.318	-20.0	65.379944	212.8014	32.729588	284.5741	-3.4947743	9000000	-0.0010318593	14659.026	-0.0028452221	-159.15222	0.48678544	0.001880313	0.03401	39.0	6048.951278686523
180	191.10748	335.93726	1143.0741	-20.0	59.02135	208.07426	37.726044	285.42462	23.863903	9050000	-0.0013407357	15063.354	-0.0027125468	-268.24792	0.48644218	0.0044631213	0.03581	39.0	6083.865490436554
181	210.06287	346.5591	1125.5851	-20.0	63.62516	207.85657	35.16266	275.79886	4.5029488	9100000	-0.001378756	15163.4	-0.0026357244	-130.31982	0.50105405	0.0044579213	0.03097	39.0	6111.968800544739
182	208.8216	347.60852	1155.4849	-20.0	63.621136	207.90031	35.07037	277.6159	4.547523	9150000	-0.0020039878	14990.203	-0.0028875452	-168.33704	0.4982422	0.005370291	0.042849995	39.0	6146.538370609283
183	227.49826	351.91162	1132.8903	-20.0	69.08889	205.87508	37.159462	286.26572	13.814442	9200000	-0.0009919656	14925.613	-0.0027399184	-142.76392	0.48322338	0.003607144	0.03564	39.0	6180.812565088272
184	210.49585	347.0841	1116.7094	-20.0	63.8742	205.32751	34.40531	283.02	-22.609219	9250000	-0.0009591663	14918.91	-0.0033978915	-163.06067	0.47562173	0.003529283	0.034089997	39.0	6213.501942157745
185	221.50412	357.127	1114.0999	-20.0	65.50132	207.12267	34.519707	287.77368	12.296267	9300000	-0.00056340825	14749.519	-0.0024760442	-154.00989	0.4786341	0.002776815	0.02349	39.0	6247.050984382629
186	207.18759	346.5349	1124.1871	-20.0	62.732235	210.16628	39.533092	291.76465	4.9561405	9350000	-0.00088990154	14804.791	-0.002912044	-164.63037	0.47849834	0.0038158935	0.029779999	39.0	6278.083065509796
187	191.57452	336.05966	1108.2527	-20.0	58.92781	209.16092	41.39533	290.37762	10.463196	9400000	-0.000978237	15176.396	-0.002547456	-167.20569	0.4756328	0.003352723	0.028329998	39.0	6310.186162471771
188	219.15056	354.62833	1136.4196	-20.0	66.073135	202.51637	38.94142	280.59216	-30.654257	9450000	-0.0011075065	15620.933	-0.002866414	-184.20056	0.46819967	0.0050377175	0.03272	39.0	6342.092863082886
189	192.56279	335.2665	1108.0071	-20.0	58.997627	207.5892	40.08877	286.587	-10.53664	9500000	-0.0012835218	15040.891	-0.0028316688	-145.9237	0.47588742	0.0044982713	0.041079998	39.0	6373.434779644012
190	204.28197	335.00906	1113.415	-20.0	63.166035	204.72108	40.425243	290.69852	-6.9073715	9550000	-0.0008665484	14860.471	-0.0027952138	-121.4552	0.4877215	0.0032857596	0.03429	39.0	6408.945835590363
191	204.95177	338.7612	1092.3066	-20.0	63.520462	199.25504	41.872746	286.9834	-39.731274	9600000	-0.0009929864	14487.951	-0.0033300153	-125.7854	0.48386228	0.0042644613	0.039800003	39.0	6444.334158182144
192	204.0486	345.2757	1107.1582	-20.0	62.056393	204.24188	40.62261	287.4704	-23.316227	9650000	-0.00096985884	15496.767	-0.0024715601	-226.68054	0.4795493	0.0031914718	0.027609998	39.0	6477.427485704422
193	224.60487	358.2147	1099.5326	-20.0	66.246666	209.11154	38.41653	290.5967	3.4834392	9700000	-0.00067789666	15071.858	-0.0025766687	-219.02637	0.4625997	0.0032563705	0.02512	39.0	6509.221979379654
194	210.66019	354.6625	1121.9972	-20.0	62.811707	211.43169	38.270058	289.06534	-7.326427	9750000	-0.0009843099	15329.846	-0.002610465	-166.16443	0.4589009	0.0034911348	0.030849999	39.0	6542.389404535294
195	215.75928	347.41452	1110.1315	-20.0	63.847042	212.80264	36.891945	291.5116	-11.627845	9800000	-0.0015935441	15089.66	-0.0026879362	-132.72119	0.4618017	0.0053213155	0.04163	39.0	6578.333885192871
196	228.49516	362.6662	1108.487	-20.0	66.29773	209.14348	32.866882	294.6142	-13.745696	9850000	-0.00094293244	15059.528	-0.0022859024	-151.09375	0.4450561	0.0028221107	0.02623	39.0	6611.696972370148
197	198.8024	343.28195	1088.6722	-20.0	59.019093	213.7856	36.388878	296.58157	3.8861108	9900000	-0.0011186777	15494.273	-0.0020729648	-113.93677	0.45068866	0.003358108	0.02998	39.0	6646.698438167572
198	202.74574	348.46918	1108.4886	-20.0	60.14842	210.56049	34.873173	294.3549	5.490715	9950000	-0.0005606031	15694.862	-0.0029453186	-118.71094	0.46317497	0.0036812446	0.028749999	39.0	6679.743120670319
199	208.71477	345.31396	1129.8864	-20.0	61.702602	210.78802	34.745617	285.7331	-16.418674	10000000	-0.0015167855	15363.539	-0.0026945334	-155.64111	0.44882685	0.0032853712	0.0354	39.0	6714.706081628799
200	205.42477	349.10007	1104.3693	-20.0	60.662193	205.81694	37.910908	297.92276	1.2823498	10050000	-0.0009332802	15715.427	-0.002522403	-247.51343	0.44058096	0.003518785	0.02835	39.0	6748.299609661102
