Epoch	AverageEpRet	StdEpRet	MaxEpRet	MinEpRet	EpLen	AverageVVals	StdVVals	MaxVVals	MinVVals	TotalEnvInteracts	LossPi	LossV	DeltaLossPi	DeltaLossV	Entropy	KL	ClipFrac	StopIter	Time
0	39.075306	2.8482754	44.302105	30.708189	970.525	-0.039525513	0.24501407	0.4494904	-0.45189878	40000	-9.7905286e-08	13.446972	-0.0078952415	-12.351528	0.9189437	0.005803964	0.0745	79.0	6.834725856781006
1	42.12069	2.47602	46.67193	34.053318	992.5	3.4796398	0.36351642	4.5002995	1.8879342	80000	-2.1187589e-08	17.318386	-0.00822437	-16.982624	0.9006463	0.006293839	0.084075004	79.0	14.473376274108887
2	45.062218	2.7134833	50.005566	37.352383	978.525	4.171299	0.26766032	4.8866324	2.681113	120000	5.5879354e-09	20.190926	-0.008263711	-19.751123	0.88400805	0.006541607	0.082449995	79.0	21.176848649978638
3	49.720898	2.9066346	56.28243	37.945152	992.775	4.482946	0.2071069	4.9492636	3.3157048	160000	2.0721927e-08	24.182468	-0.010033363	-23.822224	0.85875964	0.00801209	0.09455	79.0	28.041661500930786
4	53.91511	2.7826607	59.816265	44.028835	993.725	4.924305	0.16631342	5.3051267	2.5930681	200000	-7.450581e-09	28.391516	-0.010185985	-28.028341	0.8332844	0.0100276135	0.092225	79.0	35.86426901817322
5	57.55537	4.3661704	63.933067	41.23555	972.475	5.332248	0.17469206	5.7015696	2.3172197	240000	-8.381903e-09	33.33481	-0.009824924	-32.81539	0.8064428	0.00780313	0.093575	79.0	42.49674725532532
6	63.365486	3.1862664	72.55002	52.292095	994.75	5.777997	0.25591984	6.4528394	1.2792902	280000	-2.7939677e-08	39.386204	-0.009957951	-38.938503	0.78038204	0.008082749	0.087925	79.0	49.447789907455444
7	67.3423	3.9200592	75.47841	53.846306	991.8	6.2872357	0.21246819	6.8843327	0.05890528	320000	1.21071935e-08	45.25644	-0.010395752	-44.7229	0.75736165	0.008621212	0.091325	79.0	57.346818685531616
8	72.49363	5.322404	79.48949	59.017776	980.175	6.7110944	0.28401265	7.192815	0.18227178	360000	3.3527613e-08	52.76824	-0.009917034	-52.10206	0.7311776	0.00727459	0.083625	79.0	64.20653462409973
9	76.52385	5.2739196	87.1643	62.237816	982.9	7.241532	0.541909	8.095014	-0.5716627	400000	8.614734e-09	58.543186	-0.008925611	-57.789627	0.70698094	0.007488488	0.076975	79.0	71.0451774597168
10	80.73341	6.759618	92.20547	65.03798	971.275	7.6291313	0.65356594	8.626028	-2.2303023	440000	-1.1175871e-08	66.35414	-0.009294352	-65.4601	0.68121326	0.007310368	0.081175	79.0	78.54466223716736
11	85.08214	7.202958	93.95423	69.93108	962.975	8.068533	0.83695173	9.193278	-0.9685259	480000	-5.5879354e-09	74.58476	-0.007780823	-73.63815	0.6595355	0.0061124284	0.06195	79.0	85.57148265838623
12	91.31715	6.7617745	105.43515	74.33814	981.625	8.592255	0.8078166	9.769297	-0.54808825	520000	-1.5832484e-08	83.40076	-0.009205136	-82.40999	0.6383148	0.0065716705	0.072825	79.0	92.7461805343628
13	96.57525	7.3747716	111.884224	75.45432	976.375	9.036343	1.0264312	10.236198	-1.4950557	560000	-1.4901161e-08	93.318596	-0.009102222	-92.11162	0.61327624	0.0062346887	0.073325	79.0	100.25851583480835
14	104.10344	7.0952067	118.228874	80.62767	983.575	9.674358	0.87282586	10.849008	-0.6623857	600000	-2.7008355e-08	108.01312	-0.008901879	-106.846466	0.5883774	0.0064913398	0.068925	79.0	107.25252938270569
15	107.88251	8.68168	119.896484	85.889534	964.15	10.176003	1.3789703	11.587569	0.014804043	640000	-2.0489097e-08	118.57149	-0.008891042	-117.08077	0.5654952	0.005133916	0.068399996	79.0	114.3819968700409
16	115.32332	7.297545	129.44771	92.98998	986.45	10.97338	1.0221889	12.15178	-0.553435	680000	-2.2351742e-08	132.86987	-0.008378238	-131.44662	0.54324955	0.0067124423	0.06645	79.0	121.29486298561096
17	118.76837	8.315911	130.37846	92.315285	986.425	11.5108795	0.9364223	12.528471	-0.3472911	720000	5.122274e-09	142.58344	-0.0083526485	-140.95206	0.52132726	0.0072069666	0.068475	79.0	128.19045281410217
18	127.7526	4.7747736	141.73177	119.34168	999.725	11.864062	0.8068262	13.007243	-0.002131261	760000	-1.3504177e-08	159.31665	-0.008510482	-157.59723	0.4988199	0.007189084	0.065175	79.0	135.53152990341187
19	131.35295	10.449323	149.55846	105.30227	969.85	12.440276	1.503921	13.802834	-1.3525904	800000	-3.7252903e-09	174.74686	-0.008384315	-172.83365	0.4749987	0.0067477953	0.06875	79.0	142.2341513633728
20	136.53667	10.68055	158.87885	110.50542	979.225	13.057672	1.5116102	14.745771	-0.446313	840000	5.5879354e-09	186.47717	-0.008226605	-184.0954	0.45242333	0.006480056	0.062425	79.0	149.50304412841797
21	145.26173	9.992281	160.60274	115.36315	987.5	13.67285	1.3234878	15.03057	0.22214913	880000	1.4901161e-08	211.28354	-0.007747399	-208.64807	0.4302454	0.006395124	0.06075	79.0	157.27017974853516
22	149.47318	8.142176	167.04965	128.97948	990.4	14.290913	1.65364	15.718882	0.0846138	920000	9.313226e-10	219.61026	-0.008225061	-216.71037	0.40869665	0.0072791344	0.06465	79.0	164.15229606628418
23	158.92566	9.06695	175.55809	127.53332	995.0	14.806185	1.3971846	16.320143	0.07849067	960000	-1.5832484e-08	250.1613	-0.008091007	-246.93753	0.38699064	0.0059840167	0.061675	79.0	171.0413818359375
24	159.42522	12.227876	183.42653	122.63783	979.4	15.610539	1.5860451	16.941425	0.23831832	1000000	-6.519258e-09	256.57056	-0.007965522	-252.57475	0.3643394	0.0062532285	0.0592	79.0	178.64892578125
25	166.69077	11.717232	184.21245	138.81506	982.55	15.844531	1.9271455	17.57159	-0.24916065	1040000	1.8626451e-08	279.04022	-0.0072129318	-274.82358	0.3420979	0.0048300494	0.05105	79.0	185.30950903892517
26	172.72726	11.85409	199.2134	147.98805	981.925	16.496479	1.849666	18.235153	0.34363717	1080000	6.519258e-09	299.72546	-0.0076710824	-295.6337	0.32424515	0.0059688943	0.059074998	79.0	192.46096205711365
27	175.33012	13.991853	197.2937	142.14339	976.7	17.047895	2.258831	19.010633	-0.5372331	1120000	-2.7939677e-09	311.95007	-0.008257899	-306.76743	0.3039312	0.006967942	0.067725	79.0	200.39602327346802
28	183.3418	15.103165	207.20288	144.51564	981.225	17.407055	2.3692863	19.42893	-0.7381314	1160000	2.561137e-09	336.8451	-0.008349234	-330.9417	0.2828887	0.005547623	0.067099996	79.0	207.1770932674408
29	185.00224	15.533056	215.1878	150.23254	959.975	17.99706	2.5132935	20.073795	-0.810308	1200000	8.381903e-09	358.32785	-0.008067471	-352.73804	0.26330692	0.0057011554	0.0637	79.0	214.01368618011475
30	198.27774	18.125849	232.58957	150.0633	981.7	18.858356	2.3439286	21.007431	-0.09021717	1240000	5.5879354e-09	395.8876	-0.0072150016	-388.83224	0.24316223	0.005435416	0.057350002	79.0	222.03226113319397
31	200.58803	17.348423	232.34576	160.97194	973.175	19.372305	2.9220016	22.16631	-0.64111334	1280000	1.4901161e-08	407.63843	-0.0077766255	-400.36923	0.22441395	0.005306067	0.05965	79.0	229.0573136806488
32	208.44263	16.74966	242.76935	166.99013	984.5	20.075836	2.3619084	22.52267	-0.04969108	1320000	1.8626451e-09	438.51422	-0.008026033	-430.50488	0.20642123	0.005171444	0.0606	79.0	235.94075846672058
33	213.35039	17.779234	256.51337	165.19104	982.375	20.54061	2.5789332	22.915073	-0.51882046	1360000	7.450581e-09	461.5187	-0.007838584	-453.10138	0.18438035	0.006568204	0.064325005	79.0	243.71198749542236
34	219.9573	18.790537	249.1042	170.7939	972.65	20.985703	2.9276843	23.461433	0.01709117	1400000	4.656613e-09	488.8048	-0.0070024356	-480.80157	0.16489546	0.0050941138	0.048	79.0	250.65702319145203
35	225.85522	19.192415	265.96823	172.08614	982.3	21.848904	2.990069	24.809275	-1.513172	1440000	-2.7939677e-09	511.64722	-0.0077293925	-501.94064	0.14814033	0.005416072	0.0587	79.0	257.50647139549255
36	231.29707	22.020056	273.5886	168.0204	970.35	22.279709	3.0466487	24.998167	-1.4844016	1480000	9.313226e-10	558.5094	-0.007972646	-546.4718	0.12989229	0.0062205866	0.066324994	79.0	264.96731448173523
37	238.46497	14.653844	275.96518	206.50525	988.225	23.442896	2.4604225	26.044613	0.44957483	1520000	-1.4901161e-08	577.66284	-0.007364773	-566.9662	0.11218263	0.005852578	0.057125002	79.0	271.7785859107971
38	247.69302	22.69507	288.32422	190.11702	978.95	23.67026	2.8282144	26.190414	-0.072521254	1560000	3.7252903e-09	636.1864	-0.007616648	-623.1102	0.09321666	0.0063078464	0.05745	79.0	278.84221506118774
39	250.5416	23.38784	289.9952	205.7468	974.525	24.445282	3.633009	27.575592	-2.2338436	1600000	-1.0244548e-08	640.97205	-0.007318477	-627.8613	0.076344855	0.004537007	0.058775	79.0	286.018666267395
40	257.78497	16.189663	293.88068	232.0223	990.95	25.194342	2.8021524	27.831486	-0.05846396	1640000	7.450581e-09	672.5264	0.0060885577	-657.8134	0.061808903	0.018049324	0.24795	26.0	291.8862102031708
41	259.79865	19.659391	295.743	206.4539	980.825	25.360434	3.0605946	28.301409	0.57120144	1680000	-4.1909516e-09	693.39856	-0.0073124403	-679.34155	0.054906372	0.0060843704	0.055124998	79.0	299.68397402763367
42	264.3335	22.118244	312.10553	220.95778	992.05	26.104048	2.7367456	28.737118	-3.5200682	1720000	5.7043508e-09	714.4369	-0.0071775145	-697.3435	0.035987727	0.0056133675	0.0602	79.0	306.431521654129
43	272.4577	28.362623	331.55988	199.28249	978.675	26.006655	3.487937	29.579252	-0.36356324	1760000	9.313226e-09	771.8625	-0.0077693393	-753.3535	0.018018115	0.005091169	0.058700003	79.0	313.2094757556915
44	286.07822	20.61312	332.3573	233.71638	995.025	27.358576	3.3565376	30.776682	0.44063044	1800000	6.519258e-09	824.55493	-0.008245059	-804.82043	-0.0029444988	0.0061408305	0.063250005	79.0	320.7108838558197
45	289.00165	25.389612	337.493	201.24174	985.8	28.11356	3.6598227	31.616438	-0.7525957	1840000	1.8626451e-09	847.219	-0.0072828056	-825.7276	-0.021567151	0.00545147	0.058525	79.0	327.54394030570984
46	291.46402	21.95319	337.27103	243.02042	973.55	28.209082	4.4903135	32.342506	-0.739163	1880000	-1.1175871e-08	863.63495	-0.007927178	-843.4045	-0.034606274	0.006219112	0.061274998	79.0	334.7462365627289
47	298.46774	23.968431	352.6943	252.60056	983.925	29.020456	3.7497213	32.913967	-0.33903405	1920000	5.5879354e-09	910.8334	-0.00769531	-886.0477	-0.05212492	0.006267707	0.0612	79.0	342.11151456832886
48	312.24893	27.27631	364.19077	240.30194	983.7	29.829044	3.3877845	33.54531	-0.36699826	1960000	-6.519258e-09	1016.4367	0.0037189228	-989.2343	-0.06747328	0.0151635865	0.20655	14.0	347.7125129699707
49	312.50824	30.275723	381.02112	257.12418	972.825	30.702766	4.89865	35.06029	-0.5496875	2000000	-2.4214387e-08	1024.4832	-0.007234887	-994.5101	-0.07073209	0.0060322676	0.05665	79.0	355.4475121498108
50	312.56274	35.66998	376.49954	204.34001	970.45	31.196913	4.9756527	35.713722	-0.7094579	2040000	1.3038516e-08	1034.6173	-0.007909261	-1005.24915	-0.08539796	0.0057407147	0.058975	79.0	362.21579027175903
51	319.6994	29.049603	376.12756	247.11726	979.525	31.682756	4.3161607	36.105015	-0.26637492	2080000	-2.2351742e-08	1070.675	-0.007635613	-1040.0571	-0.104930215	0.006544756	0.060675	79.0	369.0794675350189
52	321.12863	33.518482	425.01898	262.1428	963.025	31.694925	4.8528805	36.72706	0.20252135	2120000	-7.450581e-09	1120.2775	-0.008081164	-1088.9539	-0.122344814	0.0064186156	0.0653	79.0	377.1484806537628
53	340.6845	35.420193	419.6653	262.58966	971.625	32.460236	5.48963	38.04432	-0.16665083	2160000	1.8626451e-08	1210.3956	-0.007169105	-1169.0417	-0.13718908	0.0045787226	0.054325	79.0	384.0975852012634
54	351.95227	32.155624	409.4121	277.9152	986.9	34.36622	4.3295107	38.955566	-0.8277405	2200000	-1.8626451e-09	1296.5195	-0.00742663	-1261.4059	-0.15082976	0.0055082375	0.056125	79.0	390.8881022930145
55	355.3888	30.703804	437.13586	276.33685	990.3	35.205826	4.5026727	39.807446	-0.46988803	2240000	-2.7939677e-09	1313.8787	-0.00808849	-1275.8882	-0.16570778	0.0063429466	0.061625	79.0	398.8338761329651
56	365.7812	32.403595	424.40933	280.77142	983.975	35.289692	5.0900908	40.417103	-0.15176556	2280000	1.8626451e-09	1378.1477	0.004591679	-1333.812	-0.1871842	0.018455915	0.24835	37.0	404.90275597572327
57	380.09296	40.095013	458.55463	285.4974	984.8	36.48827	4.254573	41.612003	-0.24827954	2320000	6.519258e-09	1530.9686	-0.00806022	-1478.6389	-0.19612943	0.007271311	0.074975	79.0	412.06392669677734
58	376.33868	25.833511	437.9527	328.14456	979.1	37.59605	5.8848867	43.631508	-1.3332098	2360000	-5.5879354e-09	1481.0117	-0.007250188	-1430.1484	-0.21160379	0.006389478	0.0613	79.0	419.70505952835083
59	374.5499	52.528038	473.5997	246.049	968.2	37.341805	5.8420477	43.277122	-1.2468473	2400000	2.7939677e-09	1491.6951	-0.007608371	-1443.3662	-0.22672904	0.0062873582	0.0589	79.0	426.68037033081055
