Epoch	AverageEpRet	StdEpRet	MaxEpRet	MinEpRet	EpLen	AverageVVals	StdVVals	MaxVVals	MinVVals	TotalEnvInteracts	LossPi	LossV	DeltaLossPi	DeltaLossV	Entropy	KL	ClipFrac	StopIter	Time
0	-659.82135	23.904228	-622.8263	-701.89984	1000.0	0.03305223	0.111338206	0.3898937	-0.43478802	40000	-7.227063e-07	3716.4578	-0.038237963	-595.9985	0.9189385	0.015028949	0.23389998	12.0	135.76077890396118
1	-638.96155	26.058428	-603.9676	-691.70734	1000.0	-5.357044	0.4385726	-1.0211122	-6.333439	80000	-5.6251884e-07	2931.5022	-0.037674792	-420.38593	0.91844153	0.015071588	0.26889998	17.0	277.55400943756104
2	-620.25305	24.264029	-589.14594	-668.0117	1000.0	-9.583605	0.27754638	-3.1603565	-9.971344	120000	5.289912e-07	2341.44	-0.029292233	-269.26526	0.9176892	0.015225545	0.24917498	11.0	413.67952704429626
3	-601.3609	21.84372	-566.3128	-651.37024	1000.0	-12.599073	0.28035766	-4.920233	-12.888833	160000	-1.899898e-07	1928.5859	-0.023571974	-216.08026	0.91727674	0.0152264815	0.25857502	9.0	548.9681189060211
4	-580.223	23.169	-547.2582	-625.0308	1000.0	-15.265211	0.2914732	-6.621645	-15.501909	200000	2.9802322e-07	1560.1211	-0.021786554	-176.65329	0.91699433	0.016052185	0.25805	8.0	684.371354341507
5	-556.80237	23.348572	-519.1406	-602.1506	1000.0	-17.69181	0.30407718	-8.281238	-17.894274	240000	-3.7252903e-08	1235.6868	-0.020910384	-143.61772	0.9166709	0.016237432	0.24894999	7.0	813.0523865222931
6	-535.8499	21.5866	-506.3916	-579.20306	1000.0	-19.911203	0.3180452	-9.865314	-20.077425	280000	-3.3527613e-07	971.42053	-0.018949782	-116.57326	0.91641784	0.01650099	0.2683	6.0	957.1960773468018
7	-514.69934	18.36396	-485.387	-553.8213	1000.0	-21.94555	0.32603619	-11.388944	-22.057568	320000	2.0116568e-07	746.3574	-0.016668806	-93.05325	0.91621196	0.0188604	0.287875	6.0	1098.342092037201
8	-493.31232	17.82009	-467.0594	-528.22876	1000.0	-23.801416	0.33322963	-12.842351	-23.941708	360000	-7.4505806e-08	557.011	-0.015850678	-72.395775	0.91605055	0.01742921	0.29305	6.0	1233.7793922424316
9	-473.60712	14.497434	-445.8935	-507.50226	1000.0	-25.474874	0.34344393	-14.192999	-25.642725	400000	-1.8253922e-07	410.38385	-0.015178918	-55.5767	0.9158945	0.016380634	0.25255	5.0	1371.1484298706055
10	-458.93317	13.103113	-435.62527	-482.89822	1000.0	-26.974432	0.3526858	-15.453893	-27.15055	440000	3.2410026e-07	307.26672	-0.01223119	-43.270634	0.91577864	0.017990775	0.287	5.0	1513.6580848693848
11	-443.18573	9.809763	-428.0268	-461.20096	1000.0	-28.325745	0.3631752	-16.637447	-28.500795	480000	3.1664968e-07	220.27086	-0.011708025	-32.410225	0.91568613	0.018174611	0.29782498	5.0	1654.5344429016113
12	-428.60727	10.5838175	-413.05396	-450.4757	1000.0	-29.524784	0.37229484	-17.75139	-29.71303	520000	-1.4901161e-07	153.66856	-0.011799613	-23.529121	0.91559464	0.0186814	0.29285	5.0	1799.1080260276794
13	-418.75293	10.72926	-401.60742	-445.08932	1000.0	-30.570059	0.38868615	-18.769625	-30.857647	560000	-2.0861626e-07	110.34005	-0.012089993	-17.513748	0.91547996	0.01540371	0.22677499	4.0	1934.635629415512
14	-407.50552	10.156825	-390.83392	-433.5011	1000.0	-31.488987	0.4164543	-19.692755	-31.89389	600000	-1.4901161e-07	74.379105	-0.009283949	-12.350808	0.9153839	0.017622821	0.28842497	4.0	2078.1269059181213
15	-397.82275	10.953854	-382.5037	-420.46725	1000.0	-32.27978	0.44740856	-20.55076	-32.78957	640000	-3.7252903e-08	49.37784	-0.00884822	-8.425059	0.91530794	0.016845569	0.2741	4.0	2226.402966737747
16	-387.04498	12.702795	-364.231	-412.41544	1000.0	-32.9466	0.48789203	-21.314426	-33.56466	680000	-4.4703484e-08	30.025412	-0.008678343	-5.267399	0.91523635	0.018601663	0.32415	5.0	2367.5039694309235
17	-377.34662	14.068315	-359.74356	-410.45648	1000.0	-33.48478	0.54462355	-21.960688	-34.234283	720000	0.0	17.011597	-0.011325052	-3.0479584	0.91509014	0.018210918	0.282975	5.0	2505.3345260620117
18	-368.83878	13.432901	-350.2561	-399.19226	1000.0	-33.900616	0.608799	-22.485748	-34.78906	760000	2.2351742e-08	9.069801	-0.009684442	-1.6196934	0.9149306	0.017779794	0.29805	5.0	2653.2225139141083
19	-358.73102	12.904076	-342.0865	-384.13348	1000.0	-34.207966	0.6725591	-22.921955	-35.224964	800000	1.2665987e-07	3.8372486	-0.010337792	-0.58875465	0.91476357	0.016468376	0.284575	5.0	2801.0556643009186
20	-349.597	12.52963	-332.49707	-377.867	1000.0	-34.396828	0.7301792	-23.25726	-35.52674	840000	0.0	1.7535307	-0.009645492	-0.12939113	0.91458535	0.01923974	0.29834998	5.0	2926.7860968112946
21	-342.05972	14.121001	-323.33914	-369.38654	1000.0	-34.47474	0.7787817	-23.467588	-35.702156	880000	-7.450581e-09	1.5957236	-0.009854397	-0.081239164	0.91440594	0.018577026	0.290025	5.0	3055.6702075004578
22	-332.3794	14.970132	-314.34924	-363.54727	1000.0	-34.46205	0.83155894	-23.573154	-35.795395	920000	3.7252903e-08	2.9405985	-0.009730568	-0.31735173	0.91424024	0.017029945	0.295375	5.0	3193.876267671585
23	-325.28943	15.712197	-307.34607	-358.0389	1000.0	-34.34834	0.89508647	-23.61152	-35.80252	960000	2.2351742e-08	4.4823627	-0.00992886	-0.69455695	0.9140904	0.016260728	0.23979999	4.0	3333.933480978012
24	-317.79614	15.098494	-293.3523	-349.56165	1000.0	-34.153435	0.9645071	-23.575775	-35.739433	1000000	-8.940697e-08	6.2812524	-0.007190421	-1.0988853	0.9140117	0.017494168	0.28672498	4.0	3476.9177510738373
25	-309.46753	15.141551	-291.18073	-339.6457	1000.0	-33.89023	1.0166748	-23.4517	-35.57106	1040000	-2.9802322e-08	8.903023	-0.0072482973	-1.726476	0.9139409	0.018100787	0.276725	4.0	3610.393268108368
26	-302.12	15.497922	-281.43033	-335.09128	1000.0	-33.550076	1.0584822	-23.243217	-35.30325	1080000	5.2154064e-08	10.745726	-0.0073942244	-2.235476	0.913859	0.018976491	0.295825	4.0	3745.5419013500214
27	-293.56635	15.8958435	-273.3129	-325.41058	1000.0	-33.151283	1.1043966	-22.975998	-34.9808	1120000	-1.4901161e-08	13.697032	-0.007532837	-3.004527	0.91375065	0.018841999	0.3114	4.0	3889.238401889801
28	-288.2161	15.063239	-264.5147	-318.9982	1000.0	-32.681736	1.1540825	-22.63915	-34.594467	1160000	-1.5646219e-07	13.801735	-0.006356096	-3.1678321	0.9136262	0.016701588	0.270625	4.0	4035.2700521945953
29	-282.24182	14.682861	-261.5043	-309.98056	1000.0	-32.184242	1.1940937	-22.300137	-34.161976	1200000	1.3038516e-07	14.404043	-0.0069527896	-3.4206595	0.91348934	0.01757135	0.27135	4.0	4178.846187114716
30	-275.2	13.108294	-256.98108	-300.76675	1000.0	-31.660215	1.2204758	-21.928663	-33.67619	1240000	-1.8253922e-07	15.855432	-0.0065637752	-3.8662302	0.91334176	0.018618848	0.311675	4.0	4327.169653892517
31	-269.27606	11.796712	-253.35818	-294.62595	1000.0	-31.097244	1.2224215	-21.524517	-33.095142	1280000	-1.5646219e-07	16.003502	-0.0065029827	-3.9718244	0.91319674	0.017395299	0.287175	4.0	4467.841185092926
32	-263.5643	12.886936	-241.17032	-291.05328	1000.0	-30.514631	1.2053169	-21.137974	-32.468388	1320000	5.9604645e-08	15.90481	-0.0061230743	-4.105525	0.91307443	0.018419253	0.278975	4.0	4600.676885128021
33	-258.39618	11.92524	-237.8434	-282.12646	1000.0	-29.9142	1.2003435	-20.71604	-31.847954	1360000	-6.519258e-08	15.423891	-0.006010329	-4.039734	0.91296375	0.019363672	0.286275	4.0	4743.431118488312
34	-255.26083	10.785706	-236.73416	-279.3834	1000.0	-29.31	1.189308	-20.289305	-31.201748	1400000	-4.8428774e-08	13.461089	-0.0058985855	-3.66761	0.91284734	0.018255431	0.27757502	4.0	4886.199311971664
35	-249.70914	10.49714	-230.64255	-277.3888	1000.0	-28.72496	1.1625322	-19.884357	-30.545177	1440000	-5.401671e-08	13.151852	-0.005190869	-3.5992208	0.912725	0.018023025	0.27635002	4.0	5030.061560869217
36	-246.8451	8.797422	-231.49858	-262.4216	1000.0	-28.141907	1.124584	-19.48426	-29.866982	1480000	-3.7252903e-08	11.1133175	-0.0056274086	-3.0948584	0.9126351	0.017719155	0.2801	4.0	5162.7852284908295
37	-241.91313	9.045777	-223.58691	-257.2082	1000.0	-27.59074	1.0766073	-19.123455	-29.20655	1520000	1.4156103e-07	10.74418	-0.0051228376	-3.0484338	0.9125626	0.015423091	0.25	4.0	5309.429582357407
38	-239.79996	10.217417	-219.53027	-253.73628	1000.0	-27.042082	1.0340364	-18.752989	-28.546932	1560000	-5.2154064e-08	8.862764	-0.0052317306	-2.578942	0.9124714	0.01513187	0.258075	4.0	5444.906812906265
39	-235.80338	8.525131	-219.0683	-253.12518	1000.0	-26.526247	1.0127708	-18.386642	-27.9405	1600000	5.2154064e-08	8.219734	-0.0047031064	-2.3958964	0.9123734	0.018605294	0.26174998	4.0	5582.330918073654
40	-234.00874	8.660362	-214.19214	-247.95685	1000.0	-26.027426	0.97405624	-18.055847	-27.326017	1640000	-7.4505806e-08	6.809722	-0.0054834415	-2.0311286	0.912253	0.01732694	0.25744998	4.0	5706.304562091827
41	-231.07846	7.912308	-216.11877	-241.38406	1000.0	-25.561815	0.9360086	-17.746233	-26.730717	1680000	-4.0978193e-08	6.047526	-0.004794969	-1.8070787	0.9121247	0.016606845	0.2618	4.0	5844.071302652359
42	-228.94038	7.5930076	-213.37329	-245.33208	1000.0	-25.119862	0.8999891	-17.465298	-26.15367	1720000	2.9802322e-08	5.138072	-0.0044459663	-1.5374484	0.91200423	0.016181588	0.2591	4.0	5983.582682132721
43	-227.27165	8.1399	-208.135	-240.24167	1000.0	-24.706472	0.8542702	-17.227394	-25.60717	1760000	8.195639e-08	4.1718845	-0.0064695827	-1.2526197	0.91189474	0.015122501	0.2436	5.0	6130.191751003265
44	-225.81735	8.801881	-206.94826	-240.58263	1000.0	-24.330238	0.82395947	-16.997894	-25.095158	1800000	1.0430813e-07	3.4651418	-0.0066533065	-0.9943929	0.9117655	0.015004471	0.241	5.0	6275.98831820488
45	-223.20877	9.349865	-205.39296	-236.97221	1000.0	-23.988554	0.82201964	-16.77693	-24.656101	1840000	1.1175871e-08	3.1710525	-0.046643972	-0.91826797	0.9116288	0.01217728	0.2193	39.0	6423.3213975429535
46	-221.94693	9.101161	-203.80418	-236.08159	1000.0	-23.661371	0.8276439	-16.558907	-24.23356	1880000	1.1175871e-08	2.5483904	-0.00710727	-0.73338217	0.9096844	0.015361217	0.24895	5.0	6560.595986843109
47	-219.31143	7.542916	-205.26544	-234.49094	1000.0	-23.362476	0.83394367	-16.36735	-23.988188	1920000	-7.450581e-09	2.4924068	-0.04549057	-0.70770717	0.9095166	0.010903906	0.21945	39.0	6695.408451080322
48	-218.4448	7.99993	-201.28238	-230.37373	1000.0	-23.068956	0.8161925	-16.223206	-23.73519	1960000	-3.3527613e-08	1.9411973	-0.046321258	-0.53515816	0.90808916	0.012580223	0.22667499	39.0	6840.740458488464
49	-216.20634	8.902656	-198.35118	-229.61926	1000.0	-22.806591	0.80455905	-16.0981	-23.51621	2000000	-1.1175871e-08	1.9304087	-0.04716344	-0.502968	0.907135	0.012478555	0.23537499	39.0	6984.193461179733
50	-214.24435	8.720329	-196.71754	-227.50267	1000.0	-22.55034	0.8085879	-15.951846	-23.293268	2040000	3.4458935e-08	1.6945386	-0.048229203	-0.44245505	0.9062566	0.01258401	0.24157499	39.0	7128.008630990982
51	-211.15034	8.281688	-193.22658	-227.23041	1000.0	-22.30563	0.81081593	-15.811626	-23.07445	2080000	-8.940697e-08	1.8975217	-0.0065198033	-0.5077106	0.90485626	0.015669893	0.221325	4.0	7264.1851053237915
52	-210.58853	7.7729373	-192.9838	-226.4756	1000.0	-22.044077	0.79905486	-15.677039	-22.814867	2120000	-6.3329935e-08	1.3863256	-0.004492266	-0.36817774	0.9047695	0.015850322	0.2528	4.0	7395.276970863342
53	-208.84842	8.650533	-192.36296	-228.2186	1000.0	-21.813322	0.78682077	-15.571628	-22.594566	2160000	-2.2351742e-08	1.2585944	-0.048199542	-0.33555117	0.9046595	0.014357716	0.24522498	39.0	7538.065912246704
54	-208.5513	9.2076435	-192.1095	-224.31734	1000.0	-21.59463	0.7946903	-15.45018	-22.399109	2200000	1.5133992e-08	1.0265331	-0.048585936	-0.22558606	0.9036659	0.014596436	0.254425	39.0	7686.402077674866
55	-205.66342	8.561593	-189.68968	-220.18765	1000.0	-21.410583	0.8118075	-15.34374	-22.259289	2240000	-1.8626451e-09	1.1361799	-0.047828853	-0.28306746	0.90256417	0.012047989	0.24595	39.0	7819.13947725296
56	-204.11156	8.046234	-189.83733	-219.02554	1000.0	-21.209314	0.8173609	-15.243258	-22.088923	2280000	7.8231096e-08	1.0737586	-0.049263433	-0.25498635	0.9012612	0.01334798	0.261775	39.0	7956.651026725769
57	-201.27188	8.648995	-185.1405	-215.59132	1000.0	-21.01277	0.8101179	-15.162914	-21.918968	2320000	1.8626451e-08	1.0862205	-0.048707284	-0.30004424	0.9001254	0.013240773	0.259125	39.0	8097.451951503754
58	-199.5454	8.954336	-181.13513	-212.07933	1000.0	-20.798124	0.8193245	-15.034518	-21.707146	2360000	-9.406358e-08	1.0856919	-0.049778342	-0.30292404	0.899539	0.013420296	0.2652	39.0	8239.607313871384
59	-198.63892	8.456151	-180.83339	-211.07913	1000.0	-20.57724	0.83835316	-14.882457	-21.487055	2400000	1.8626451e-08	0.8695468	-0.049771324	-0.22274014	0.89792764	0.01518677	0.269925	39.0	8374.481673717499
60	-196.81442	8.3131275	-184.56204	-211.223	1000.0	-20.38484	0.8359232	-14.791853	-21.302906	2440000	1.3038516e-08	0.8796873	-0.049992595	-0.20809309	0.89668626	0.013152195	0.26999998	39.0	8511.254835605621
61	-195.44861	8.466046	-179.4947	-208.39516	1000.0	-20.19862	0.83208793	-14.703965	-21.122236	2480000	-1.8626451e-09	0.79921955	-0.047736656	-0.19651137	0.8954271	0.015177528	0.25794998	35.0	8653.443567037582
62	-193.18349	8.041855	-177.6902	-205.17102	1000.0	-20.015924	0.82943714	-14.587979	-20.896296	2520000	2.0489097e-08	0.83947754	-0.049618527	-0.20959508	0.8943491	0.014666046	0.27627498	39.0	8799.850395202637
63	-191.64236	7.7023005	-178.14328	-204.4277	1000.0	-19.826162	0.8146055	-14.475277	-20.682583	2560000	-1.6763806e-08	0.8034718	-0.05052508	-0.19159353	0.89321715	0.015149609	0.272375	37.0	8941.537043571472
64	-191.52225	8.466433	-176.05093	-206.03505	1000.0	-19.640966	0.79419535	-14.385984	-20.47435	2600000	-3.7252903e-09	0.6145178	-0.0470549	-0.11419718	0.89255583	0.015341851	0.2591	31.0	9080.764368534088
65	-189.56046	8.543342	-174.1446	-202.64766	1000.0	-19.492027	0.80061334	-14.297078	-20.339165	2640000	-5.7742e-08	0.6327938	-0.05087638	-0.14442268	0.8916054	0.0145283975	0.281125	39.0	9217.93988442421
66	-187.62224	8.459134	-170.96661	-200.91574	1000.0	-19.33389	0.81299615	-14.219273	-20.213682	2680000	-1.8626451e-08	0.64402384	-0.051791005	-0.15720198	0.89022756	0.0151272835	0.288575	39.0	9359.749831676483
67	-186.38658	7.8537827	-171.46846	-200.87726	1000.0	-19.160923	0.8164398	-14.115274	-20.032467	2720000	-2.7939677e-08	0.6294472	-0.0470388	-0.13445231	0.88864076	0.01514545	0.2598	32.0	9505.363204240799
68	-185.33458	8.168509	-170.46422	-198.51517	1000.0	-18.997972	0.80250484	-14.039227	-19.846138	2760000	-1.3038516e-08	0.5491177	-0.049250163	-0.11399068	0.88786966	0.015008248	0.2769	35.0	9634.451340913773
69	-183.8908	8.31666	-167.65959	-197.73524	1000.0	-18.847353	0.7977332	-13.953048	-19.706747	2800000	2.7939677e-08	0.55378395	-0.0473359	-0.11362148	0.88690424	0.015070849	0.25744998	30.0	9779.185576915741
70	-182.44257	8.950421	-167.45311	-197.0428	1000.0	-18.695553	0.80155134	-13.861819	-19.57436	2840000	-4.656613e-08	0.5566499	-0.045841597	-0.11012955	0.885874	0.015125548	0.2566	29.0	9910.951154708862
71	-181.32812	7.8623023	-166.88132	-193.3763	1000.0	-18.544365	0.8197206	-13.7503605	-19.448898	2880000	1.1175871e-08	0.5139122	-0.04640185	-0.10030816	0.885093	0.015108346	0.2586	30.0	10043.859055280685
72	-179.7943	7.6685004	-166.84389	-191.19904	1000.0	-18.400103	0.8098249	-13.692283	-19.314384	2920000	-2.0489097e-08	0.47459212	-0.049549393	-0.09435689	0.8840802	0.01501722	0.283	33.0	10182.596587181091
73	-180.21967	8.509121	-164.68777	-194.4103	1000.0	-18.25936	0.78996956	-13.646105	-19.165787	2960000	-1.3969839e-09	0.38848656	-0.046731986	-0.038688786	0.8831709	0.015261864	0.26164997	29.0	10315.751749038696
74	-178.25032	7.6858087	-162.36604	-191.82985	1000.0	-18.162226	0.79682523	-13.596552	-19.08378	3000000	1.9092113e-08	0.51628774	-0.04604444	-0.07429483	0.88220376	0.01502198	0.25287497	27.0	10461.163917779922
75	-176.96336	7.946401	-164.68817	-193.80344	1000.0	-18.042904	0.77253205	-13.534107	-18.906742	3040000	1.3038516e-08	0.42270532	-0.047963414	-0.07039517	0.8813336	0.015077635	0.275375	30.0	10598.183680534363
76	-175.80936	7.153448	-164.14346	-189.73946	1000.0	-17.91633	0.76085645	-13.472984	-18.778872	3080000	3.7252903e-09	0.4093279	-0.043802436	-0.07054593	0.88000596	0.015051357	0.2417	25.0	10752.089496850967
77	-174.70236	7.2519236	-160.3698	-188.70163	1000.0	-17.79074	0.7395194	-13.429241	-18.64749	3120000	0.0	0.41708744	-0.0096191075	-0.06873058	0.8790412	0.015167548	0.218425	5.0	10881.80515384674
78	-175.54863	7.798898	-160.81815	-186.98755	1000.0	-17.665659	0.7150098	-13.382261	-18.469503	3160000	9.313226e-09	0.3020559	-0.044955622	-0.010654777	0.87894785	0.015472418	0.2573	26.0	11017.456022977829
79	-173.872	7.876564	-158.93513	-185.50629	1000.0	-17.61129	0.71656436	-13.370798	-18.398811	3200000	-4.02797e-08	0.3532123	-0.048110593	-0.033237442	0.8778788	0.015426131	0.27765	31.0	11167.972122907639
80	-172.54623	7.4039435	-160.04051	-185.71819	1000.0	-17.526836	0.7362242	-13.306203	-18.319628	3240000	-1.816079e-08	0.37007034	-0.05009016	-0.048787277	0.8767848	0.015234682	0.291625	33.0	11302.450939655304
81	-170.7416	7.872048	-158.81122	-182.57474	1000.0	-17.417557	0.73079526	-13.259526	-18.214727	3280000	3.7252903e-09	0.39485133	-0.046778165	-0.07710887	0.8762244	0.015188503	0.26752502	28.0	11447.124858140945
82	-169.76682	7.3880944	-158.16911	-181.881	1000.0	-17.27954	0.73836035	-13.175848	-18.109339	3320000	2.6542693e-08	0.33342642	-0.048399147	-0.0648442	0.87534904	0.015010517	0.27862498	31.0	11586.732138872147
83	-169.4705	8.284109	-155.81453	-182.82552	1000.0	-17.14765	0.7331959	-13.106814	-17.990528	3360000	1.071021e-08	0.32437605	-0.045638412	-0.033263315	0.87416196	0.015418267	0.25895	27.0	11728.123354911804
84	-168.3937	7.5884233	-154.94011	-179.57796	1000.0	-17.05231	0.75051785	-13.0213	-17.893805	3400000	1.8626451e-08	0.29869267	-0.045994557	-0.036297284	0.8725598	0.015350258	0.26635	28.0	11863.960427999496
85	-167.31824	7.4537644	-155.54123	-179.50351	1000.0	-16.954557	0.7506206	-12.980873	-17.789627	3440000	-4.0978193e-08	0.3134235	-0.044257943	-0.035877693	0.8721467	0.015027313	0.2557	24.0	12012.5158162117
86	-166.25046	6.6371655	-153.73274	-176.99617	1000.0	-16.859163	0.7347616	-12.970667	-17.694801	3480000	1.6763806e-08	0.31443062	-0.042106487	-0.043882724	0.87145114	0.015093364	0.23929998	23.0	12165.55022096634
87	-165.80655	7.341351	-152.77081	-176.05139	1000.0	-16.757921	0.6990961	-12.927044	-17.540964	3520000	1.4901161e-08	0.28782707	-0.046107862	-0.022632591	0.87053	0.015155712	0.262725	27.0	12298.010427236557
88	-164.51797	7.138792	-153.43985	-174.83784	1000.0	-16.675322	0.69295245	-12.876036	-17.429985	3560000	2.2351742e-08	0.26565757	-0.047053218	-0.03823061	0.86972564	0.015136379	0.274625	27.0	12433.59771990776
89	-163.38412	6.969755	-153.31662	-175.71356	1000.0	-16.573774	0.69081146	-12.814626	-17.285978	3600000	-1.1175871e-08	0.3117303	-0.042625997	-0.04333076	0.86886126	0.01513777	0.24524999	23.0	12576.676874876022
90	-163.05765	7.4752245	-149.4428	-173.50725	1000.0	-16.461996	0.68074673	-12.778601	-17.17037	3640000	1.4901161e-08	0.26320195	-0.044144772	-0.020861216	0.8677449	0.0151627585	0.24804999	24.0	12726.02931857109
91	-162.4073	7.036765	-149.95699	-175.42072	1000.0	-16.380571	0.6968188	-12.712171	-17.120834	3680000	2.2351742e-08	0.26371133	-0.045034364	-0.020461705	0.8668263	0.015475666	0.265925	25.0	12871.143744945526
92	-161.94081	6.831642	-149.68527	-171.08415	1000.0	-16.308443	0.69677943	-12.672275	-17.090185	3720000	1.9324943e-08	0.2463833	-0.04449818	-0.013652716	0.8655721	0.015040675	0.2629	24.0	13015.104186058044
93	-160.73723	6.921756	-148.91739	-171.83304	1000.0	-16.243681	0.6863987	-11.619366	-17.00595	3760000	-1.9557774e-08	0.23261112	-0.042432293	-0.025507051	0.86469275	0.015251007	0.245825	23.0	13177.672394275665
94	-159.72128	7.2715297	-147.5389	-173.67155	1000.0	-16.158405	0.679445	-12.60979	-16.940493	3800000	-2.3283064e-09	0.3031773	-0.049016234	-0.029375803	0.86384654	0.015208222	0.291475	30.0	13322.404165267944
95	-159.20395	6.94986	-148.45	-169.94865	1000.0	-16.059137	0.68475103	-12.531704	-16.839859	3840000	-7.450581e-09	0.2636577	-0.043565262	-0.025735017	0.86245054	0.0150501095	0.24685	23.0	13465.051803827286
96	-158.58076	7.1196585	-146.50024	-169.05284	1000.0	-15.979257	0.67458856	-12.519137	-16.704742	3880000	-1.9557774e-08	0.2285957	-0.04134076	-0.014339153	0.861701	0.015343929	0.22952498	21.0	13608.07916021347
97	-157.61726	6.5865216	-147.08047	-168.41495	1000.0	-15.909229	0.68057036	-12.463009	-16.635515	3920000	3.5390258e-08	0.24259728	-0.04568494	-0.023183893	0.8608699	0.015036505	0.26959997	25.0	13751.594475746155
98	-157.05708	7.021548	-146.35565	-168.14491	1000.0	-15.8282795	0.657181	-12.463448	-16.520552	3960000	-2.4214387e-08	0.24435395	-0.04413432	-0.019707449	0.8602536	0.01522064	0.255025	24.0	13893.380327224731
99	-156.80305	6.348431	-146.65016	-166.03156	1000.0	-15.747347	0.6620606	-12.417256	-16.475412	4000000	-1.1175871e-08	0.20383354	-0.042734805	-0.008789338	0.85963404	0.015260918	0.24340001	23.0	14027.350596666336
100	-155.38817	6.0170064	-146.04013	-165.14348	1000.0	-15.694186	0.6446329	-12.399753	-16.40719	4040000	1.8626451e-09	0.22604895	-0.04511659	-0.022072673	0.8587729	0.01503583	0.26405	25.0	14162.239051103592
101	-154.94203	6.230316	-144.24765	-163.8871	1000.0	-15.610828	0.6148342	-12.387748	-16.285563	4080000	-1.8626451e-09	0.18400414	-0.044863205	-0.016329162	0.8576159	0.0151155135	0.2622	24.0	14299.694070339203
102	-154.06914	6.847252	-142.15532	-164.79224	1000.0	-15.535276	0.603548	-12.371799	-16.225605	4120000	-4.656613e-10	0.22196455	-0.043499462	-0.024094619	0.8563236	0.0150736775	0.248825	23.0	14433.678406953812
103	-153.52797	6.860499	-141.59447	-164.35718	1000.0	-15.447298	0.62465495	-12.274308	-16.121256	4160000	1.8626451e-08	0.20220108	-0.043601908	-0.015433233	0.8553661	0.015470907	0.25397497	22.0	14577.506132125854
104	-152.74739	6.1557384	-141.00754	-160.88358	1000.0	-15.3808565	0.6499272	-12.207331	-16.026012	4200000	3.1664968e-08	0.18739478	-0.045966193	-0.014618635	0.8543353	0.015327612	0.28179997	25.0	14729.141943454742
105	-151.95091	6.9324884	-138.80656	-163.25327	1000.0	-15.310878	0.6313097	-12.198482	-15.957011	4240000	-2.2351742e-08	0.20764452	-0.043518312	-0.019248612	0.85328996	0.015567529	0.25425	23.0	14869.137788057327
106	-151.64554	6.9435873	-141.11519	-162.4542	1000.0	-15.23015	0.6519516	-11.8333845	-15.867801	4280000	-8.381903e-09	0.18390253	-0.044351373	-0.011322094	0.8527165	0.015370554	0.26225	24.0	15018.352538824081
107	-150.81094	6.880624	-141.06682	-162.39627	1000.0	-15.171417	0.664283	-12.080502	-15.861986	4320000	-2.7939677e-09	0.19616412	-0.045181908	-0.011828404	0.8520219	0.015515432	0.2686	24.0	15157.547377109528
108	-150.03806	6.4087377	-138.19183	-161.87741	1000.0	-15.103455	0.6641725	-12.06085	-15.817732	4360000	-3.7252903e-09	0.19938615	-0.044194274	-0.0140954405	0.851439	0.015435487	0.25672498	23.0	15301.392305850983
109	-148.50241	6.187349	-139.3167	-158.23502	1000.0	-15.0303545	0.63762563	-12.042695	-15.70721	4400000	9.313226e-10	0.21552466	-0.046738237	-0.03446653	0.85086894	0.015504238	0.28075	25.0	15440.03987812996
110	-148.08115	6.349558	-138.01204	-159.03694	1000.0	-14.912667	0.6149393	-12.0063095	-15.579787	4440000	-5.5879354e-09	0.18798764	-0.047417328	-0.024080124	0.84985554	0.015454884	0.28227502	27.0	15590.269922971725
111	-147.29536	5.951309	-137.99321	-157.18256	1000.0	-14.821547	0.60758877	-11.93716	-15.44157	4480000	-7.450581e-09	0.1784524	-0.04383884	-0.012601554	0.8486066	0.015455211	0.255325	22.0	15738.287873744965
112	-146.91716	6.096558	-138.25652	-155.95306	1000.0	-14.751458	0.59260076	-11.920311	-15.401794	4520000	0.0	0.174913	-0.043267872	-0.00859407	0.8474924	0.015207892	0.2508	21.0	15884.92984032631
113	-146.53598	6.2258043	-136.61067	-156.9675	1000.0	-14.705127	0.58779216	-11.901718	-15.295621	4560000	0.0	0.17597075	-0.04361233	-0.0074906237	0.8469244	0.015297499	0.25722498	22.0	16021.790527105331
114	-145.4106	5.5872617	-137.43137	-153.52307	1000.0	-14.6564	0.5986704	-11.879863	-15.295174	4600000	-1.4901161e-08	0.17644645	-0.043430395	-0.022226326	0.8459463	0.015303915	0.258425	22.0	16158.161816120148
115	-145.32663	6.2163367	-136.13869	-154.77003	1000.0	-14.572337	0.57889754	-10.74936	-15.165543	4640000	3.7252903e-09	0.17936742	-0.04285512	-0.0048213825	0.8448557	0.015483986	0.24509999	21.0	16292.860916376114
116	-144.3497	6.2392197	-134.3923	-153.37668	1000.0	-14.534456	0.5815306	-11.8255625	-15.127155	4680000	9.778887e-09	0.15334672	-0.04298701	-0.011600375	0.8438338	0.015351395	0.249525	21.0	16437.283899784088
117	-143.85573	6.362543	-133.56723	-152.95738	1000.0	-14.4601	0.59362876	-10.579327	-15.077366	4720000	2.9802322e-08	0.16222379	-0.04576152	-0.009065123	0.8432553	0.015597728	0.275975	24.0	16570.213282346725
118	-143.25525	5.99902	-135.27243	-153.38048	1000.0	-14.397312	0.60927945	-11.74511	-15.029889	4760000	2.2351742e-08	0.14722419	-0.047449134	-0.011617022	0.84257066	0.0150099285	0.28655	25.0	16724.346825122833
119	-142.19687	6.242478	-131.61357	-151.17114	1000.0	-14.333247	0.5963329	-11.71918	-14.962993	4800000	-2.9802322e-08	0.18301097	-0.041453674	-0.021323455	0.8420861	0.015183687	0.23152499	19.0	16862.87673687935
120	-141.75034	5.8804917	-132.74861	-150.58334	1000.0	-14.241928	0.59429383	-11.6187725	-14.857508	4840000	0.0	0.16048679	-0.040983114	-0.009556331	0.84160626	0.015412316	0.2458	20.0	16998.870722293854
121	-141.5507	5.9866495	-132.1156	-149.93956	1000.0	-14.178594	0.5721203	-10.35018	-14.7553215	4880000	3.3527613e-08	0.13742527	-0.041965872	-0.0052774064	0.84075344	0.015638983	0.25019997	20.0	17134.751150131226
122	-140.20193	5.784279	-130.99123	-149.83183	1000.0	-14.139123	0.5666815	-11.590835	-14.759711	4920000	-2.9802322e-08	0.17523324	-0.043476835	-0.018031262	0.8398596	0.015294702	0.260375	21.0	17267.230367183685
123	-140.15564	5.9057584	-131.95677	-148.99165	1000.0	-14.043447	0.56069344	-11.538459	-14.625715	4960000	-2.4214387e-08	0.14682838	-0.0402535	-0.007587619	0.8390552	0.01513059	0.220225	18.0	17409.511947393417
124	-139.19972	6.000417	-130.32301	-148.87576	1000.0	-13.991733	0.5653853	-11.553625	-14.5726595	5000000	1.44355e-08	0.1582168	-0.041629598	-0.009247968	0.83817434	0.015188012	0.251225	20.0	17559.163681030273
