Epoch	AverageEpRet	StdEpRet	MaxEpRet	MinEpRet	EpLen	AverageVVals	StdVVals	MaxVVals	MinVVals	TotalEnvInteracts	LossPi	LossV	DeltaLossPi	DeltaLossV	Entropy	KL	ClipFrac	StopIter	Time
0	39.783623	2.9375517	43.481525	31.00699	975.225	-0.13021713	0.35445896	0.48381755	-0.8540778	40000	1.3993122e-07	11.887309	-0.0055843433	-10.764408	0.9189437	0.0054593543	0.059175	79.0	8.27415657043457
1	43.150963	2.8589091	47.22913	34.593376	983.675	3.5028477	0.39210832	4.5323577	1.4504035	80000	-4.0512532e-08	15.725925	-0.0068653114	-15.307214	0.9052729	0.0062583503	0.067	79.0	16.21686887741089
2	45.803135	3.284533	52.975765	34.918533	978.75	4.206894	0.2570459	4.8328614	2.6927378	120000	1.6763806e-08	18.481606	-0.009465121	-18.083244	0.88653934	0.0073196148	0.091125	79.0	23.82056164741516
3	48.515495	4.394484	57.965843	37.30242	971.8	4.528973	0.18050651	4.990471	3.2236576	160000	-1.1175871e-08	21.059784	-0.008859215	-20.625568	0.8639984	0.007480853	0.08515	79.0	31.315536499023438
4	53.158436	3.9718208	59.706554	43.56346	980.875	4.8237963	0.16877173	5.2246265	2.6164732	200000	-7.450581e-09	25.214598	-0.011114411	-24.752449	0.84080154	0.008231682	0.104375005	79.0	38.72111392021179
5	57.229156	4.5402603	65.26306	46.861717	976.3	5.2501197	0.21495546	5.775492	0.7527563	240000	-2.3283064e-08	29.802694	-0.010360032	-29.288311	0.81403893	0.007815788	0.09200001	79.0	45.824612855911255
6	62.681313	3.6565113	69.59159	51.46149	991.625	5.686484	0.27194285	6.3719716	0.19560325	280000	-3.7252903e-08	35.00129	-0.009520209	-34.498497	0.7861677	0.0076139	0.084325	79.0	53.13086414337158
7	67.695145	4.170536	73.91349	55.03377	983.25	6.1446843	0.35300717	6.8854184	-0.8180459	320000	1.6763806e-08	41.642174	-0.008837042	-41.05972	0.7601681	0.0066123465	0.081925005	79.0	60.44951772689819
8	71.26302	5.3113575	77.72858	53.563236	970.15	6.6600423	0.54514414	7.5868683	-1.3694463	360000	-1.3038516e-08	46.68168	-0.009277495	-46.013268	0.73698664	0.008145094	0.0809	79.0	67.69232892990112
9	77.49447	4.7091126	84.97796	57.905006	987.1	7.0818124	0.59230906	8.110711	-0.50110537	400000	5.122274e-09	54.74994	-0.009079322	-54.05561	0.7113081	0.007711224	0.081425	79.0	74.99628782272339
10	80.3157	6.0170503	89.252785	65.547905	979.45	7.5880017	0.7076766	8.5170765	-1.4811654	440000	-1.9557774e-08	60.558865	-0.0084090335	-59.64978	0.68946606	0.0068925237	0.070275	79.0	82.71557474136353
11	87.13029	5.5824256	95.918465	71.35369	984.525	8.027946	0.6224582	8.932723	-0.82095027	480000	2.3050234e-08	70.840706	-0.010279389	-69.98062	0.6640601	0.0074882964	0.085875	79.0	90.50459671020508
12	90.534744	6.7909694	100.05117	69.96973	968.025	8.550161	0.91486007	9.654208	-0.9865105	520000	-1.8626451e-09	78.59436	-0.008320944	-77.56477	0.6360599	0.006622292	0.068574995	79.0	98.70457530021667
13	98.83164	7.585404	113.261925	75.21708	984.95	9.141349	0.83063567	10.375197	-0.891791	560000	-4.1909516e-09	92.20494	-0.009571321	-91.07745	0.612539	0.0065720323	0.07505	79.0	106.96823954582214
14	103.42822	6.7310314	115.52213	85.8259	980.575	9.778744	0.90622157	10.827044	-0.7152829	600000	-3.259629e-08	101.59207	-0.008357378	-100.429474	0.5855322	0.007175283	0.066325	79.0	114.97486996650696
15	111.537476	6.0398297	122.900566	98.988686	992.625	10.243646	0.9831627	11.384957	-0.60888356	640000	-1.1175871e-08	115.97484	-0.009633064	-114.56621	0.5619534	0.0060670134	0.073775	79.0	122.64028096199036
16	113.77034	9.961728	126.64023	89.68493	967.125	10.867387	1.2118216	12.041161	-0.4018851	680000	-3.259629e-09	126.42897	-0.008153558	-124.808136	0.5336206	0.0066583194	0.063875005	79.0	130.2260615825653
17	123.85105	7.6562414	137.63214	101.441345	990.55	11.529674	0.9629277	12.750445	-0.23001531	720000	-2.6077032e-08	145.48254	-0.0092927	-143.62672	0.51059306	0.0062137144	0.074925	79.0	137.6401355266571
18	125.61857	9.797052	142.06364	103.30156	962.525	11.937611	1.6838524	13.299904	-0.43304002	760000	-1.7462298e-08	152.13133	-0.008342745	-149.90839	0.48773342	0.0055413116	0.06395	79.0	144.81887912750244
19	135.16016	12.42627	156.20436	104.07953	979.175	12.628225	1.498878	14.169256	-0.74543405	800000	1.8626451e-08	177.31749	-0.009163127	-174.47151	0.46548247	0.0058054747	0.067549996	79.0	151.74383115768433
20	141.86858	8.650409	155.00015	114.30583	984.925	13.426405	1.3983507	14.84252	-0.2466612	840000	-7.450581e-09	191.8966	-0.0083408	-189.4963	0.44271457	0.0069357175	0.064899996	79.0	158.63958883285522
21	146.40833	11.589302	168.82025	106.11614	986.7	14.092775	1.3021729	15.403566	-0.7104572	880000	-3.7252903e-09	209.7209	-0.00837194	-206.56795	0.42200524	0.0065989504	0.0676	79.0	165.8175585269928
22	152.79039	11.151034	174.28053	124.999115	979.575	14.567234	1.4291638	15.848068	-0.25136048	920000	9.313226e-10	229.82628	-0.0073227263	-226.54181	0.39936644	0.0067682336	0.055325	79.0	172.80721879005432
23	159.12932	9.854009	177.56363	131.65659	988.0	15.307265	1.2497866	16.562197	-0.9080077	960000	9.546056e-09	246.52881	-0.008206032	-243.9912	0.3821014	0.005863833	0.064175	79.0	180.17163038253784
24	163.52206	8.973134	181.59686	137.95604	987.55	15.793542	1.6548425	17.218119	-0.15194896	1000000	1.3969839e-08	259.12158	-0.007560384	-255.53847	0.36256874	0.005700842	0.060325	79.0	187.7048373222351
25	169.18631	11.749286	190.98628	136.88934	981.825	16.22526	1.6359866	17.702457	-0.27243796	1040000	-1.8626451e-09	280.9378	-0.0073664165	-277.02563	0.34299678	0.0056434185	0.056575	79.0	195.53715538978577
26	172.53848	13.181631	194.33284	135.76607	982.525	16.747017	1.8786422	18.325403	-0.6104579	1080000	9.313226e-10	289.76392	-0.008735766	-285.1378	0.323684	0.0066535044	0.0676	79.0	203.66344380378723
27	181.43567	13.972158	202.46974	138.16751	984.775	17.127193	1.9041826	18.878521	-0.8623828	1120000	-1.8626451e-08	321.5568	-0.008579977	-316.83112	0.30257043	0.0072966325	0.067875	79.0	211.83243703842163
28	187.17516	13.890118	212.27548	151.92537	979.4	17.928715	2.0102358	19.773764	0.42200002	1160000	4.656613e-09	345.37854	-0.0074064024	-339.924	0.28051516	0.0058840797	0.05665	79.0	219.59554767608643
29	197.21225	11.904417	223.00298	174.66035	985.575	18.662624	1.9758942	20.67396	-0.8794065	1200000	2.2351742e-08	380.31873	-0.008319296	-374.74158	0.2611963	0.005669143	0.06165	79.0	227.05575728416443
30	200.72604	13.172599	221.31699	163.7112	990.0	19.508966	2.1870503	21.381239	-0.3315797	1240000	-3.7252903e-09	392.94116	-0.008710919	-386.75494	0.24015422	0.0052767093	0.061925	79.0	234.1938877105713
31	208.84225	15.77662	242.20609	172.6576	981.55	19.774137	2.3918822	21.868296	-0.44776848	1280000	2.0489097e-08	429.75217	-0.008620472	-422.17532	0.21845165	0.006156594	0.06385	79.0	241.07963395118713
32	213.89151	15.016615	244.09898	162.76187	989.1	20.720339	2.1984835	22.72819	-0.2989335	1320000	-2.7939677e-09	451.69763	-0.0076666255	-442.82095	0.19940963	0.0057618315	0.059225	79.0	247.98905205726624
33	214.64531	15.716204	253.80902	160.6094	981.975	21.335922	2.2295382	23.396677	-0.35394645	1360000	1.1175871e-08	464.51587	-0.007936202	-456.83902	0.1800574	0.0058346223	0.0629	79.0	254.88810276985168
34	226.68623	19.048656	272.62817	174.91386	980.675	21.303755	2.612321	23.878609	0.14534734	1400000	-3.7252903e-09	506.4814	-0.0074228044	-496.41965	0.16337244	0.0054528797	0.054825	79.0	261.80051445961
35	231.8293	15.1582985	260.8127	181.31427	988.4	22.458893	2.6679366	24.922764	-0.74729574	1440000	-1.8626451e-09	530.89453	-0.0077888696	-520.97156	0.1459319	0.0064750016	0.064925	79.0	269.23053455352783
36	236.67415	21.438639	278.4835	178.22012	979.1	22.92105	2.7757704	25.641302	-0.9409725	1480000	1.21071935e-08	561.83093	0.006267203	-548.78015	0.12646246	0.017490294	0.23072499	6.0	275.52040243148804
37	234.97375	17.94402	278.11984	198.09402	985.075	23.48954	2.8879087	26.314724	-0.47500002	1520000	1.3969839e-08	544.9303	0.007182871	-534.38184	0.12519626	0.015997954	0.221175	11.0	281.88494873046875
38	239.25276	21.908714	285.96182	179.67233	986.15	23.370138	2.6441903	26.122734	-0.24414003	1560000	0.0	570.4597	-0.007299933	-559.61816	0.122026354	0.0056981696	0.056775	79.0	289.5484640598297
39	241.89287	17.889902	283.41	195.55493	976.375	23.589594	3.2323406	26.592642	-1.2898743	1600000	-5.5879354e-09	596.83954	-0.007137139	-583.00854	0.10490873	0.006417045	0.05315	79.0	296.7708911895752
40	249.89383	20.796202	285.9256	186.68814	982.725	24.338017	3.0924926	27.282858	-0.6895255	1640000	5.122274e-09	624.4135	-0.007518133	-612.5208	0.08639488	0.0061820764	0.058975	79.0	303.8060202598572
41	256.7456	17.230942	298.48233	208.51671	990.475	24.907532	2.9169576	27.753557	-0.82096446	1680000	9.313226e-10	653.9043	-0.007364448	-639.7883	0.06847926	0.006530859	0.058750004	79.0	310.86909222602844
42	269.0584	17.197903	306.34656	233.46594	999.375	25.572216	2.3432443	28.658762	-0.32450485	1720000	2.7939677e-09	709.42004	-0.007893914	-693.5188	0.053030465	0.0057360856	0.065325	79.0	317.8802421092987
43	263.63702	23.281435	307.4308	214.78085	977.925	26.220106	3.3347604	29.309332	-0.94562894	1760000	1.4901161e-08	709.08563	-0.00772628	-691.83246	0.03604867	0.0058804927	0.063825	79.0	324.90214800834656
44	272.4483	32.622208	334.72134	195.10356	965.625	26.271347	3.3633325	29.9234	0.2835679	1800000	-9.313226e-10	761.5967	-0.007216882	-742.73254	0.019124072	0.0073489454	0.058875	79.0	332.2039933204651
45	282.39435	19.78177	324.52045	228.45181	985.425	27.458363	3.5538275	31.128107	-0.93620306	1840000	-1.4901161e-08	801.0269	-0.008266321	-781.7932	0.005990535	0.0061823195	0.066925	79.0	340.1205065250397
46	284.4399	19.68917	329.6799	223.91153	980.275	27.926172	3.807876	31.740139	-0.6240437	1880000	0.0	821.7235	-0.006901171	-802.32904	-0.011221681	0.005124094	0.050025	79.0	348.1725070476532
47	289.19327	25.279444	348.71237	227.45139	978.975	28.27495	4.0168147	32.28105	-0.2446629	1920000	4.656613e-09	849.067	-0.008256481	-824.6361	-0.028445905	0.006036358	0.064	79.0	356.41808462142944
48	297.0477	26.442766	344.62723	199.1181	978.875	28.756926	4.0254984	32.808952	-0.89035326	1960000	5.5879354e-09	904.8239	-0.0073709274	-883.5193	-0.047684897	0.005140445	0.057000004	79.0	364.7458248138428
49	309.36224	26.564451	367.6663	249.89978	978.8	29.687338	4.161225	33.90115	-0.8409224	2000000	3.7252903e-09	976.09296	-0.008032203	-949.49835	-0.06314997	0.007273458	0.0662	79.0	372.92115235328674
50	317.44006	29.679604	372.38437	226.95103	979.65	30.934896	4.007818	35.057663	-0.71126634	2040000	9.313226e-10	1040.394	-0.00801642	-1013.43555	-0.07806656	0.005229476	0.063925	79.0	380.68158054351807
51	324.3058	28.270823	385.77768	255.14728	982.6	31.94385	4.0173316	36.15843	-0.49191928	2080000	-5.5879354e-09	1084.0006	-0.0064195003	-1054.3481	-0.09106172	0.0050619952	0.05475	79.0	388.13702511787415
52	325.7485	24.485079	385.99103	268.88672	978.1	32.429333	4.198893	36.856678	0.4999196	2120000	-7.450581e-09	1101.3379	-0.00745693	-1072.0363	-0.10358008	0.0063365716	0.056874998	79.0	395.8436121940613
53	338.36505	29.555752	392.04935	247.67625	975.6	32.4638	4.882286	37.34849	-0.2934554	2160000	4.656613e-09	1174.7764	-0.0071721366	-1141.8784	-0.11592298	0.005033153	0.051825	79.0	403.3758533000946
54	340.077	26.873762	390.6563	285.16812	989.55	33.99641	4.6420836	38.6629	-0.30286893	2200000	-7.450581e-09	1190.0181	-0.00804854	-1150.1587	-0.13209051	0.006734542	0.0623	79.0	411.2547171115875
55	347.41107	35.51089	432.1017	270.99762	984.175	33.851055	4.2597046	39.02532	-0.23901543	2240000	-9.313226e-10	1231.3635	-0.0074303495	-1189.3362	-0.14903018	0.0060600275	0.062275	79.0	419.02865743637085
56	362.02466	38.78224	434.8812	266.59842	966.1	34.034397	5.325356	39.60582	-0.3791729	2280000	-2.0489097e-08	1365.4238	-0.008061975	-1311.5465	-0.16765288	0.0067915786	0.06635	79.0	426.9542727470398
57	369.80035	41.72208	475.69785	289.2058	984.025	36.41226	4.9279	41.579334	0.14713678	2320000	5.5879354e-09	1417.8015	-0.006907503	-1367.4154	-0.1842142	0.0060690157	0.056475	79.0	434.55060935020447
58	368.12296	39.918793	446.0735	261.73917	976.225	36.84222	4.8520827	42.325573	-0.8617625	2360000	-1.0244548e-08	1431.8264	-0.007670393	-1383.1975	-0.19974746	0.0054900465	0.058175	79.0	442.3268995285034
59	388.59613	32.702084	441.86346	298.28403	984.575	37.16727	5.310079	43.01728	-1.1697865	2400000	9.313226e-10	1564.8983	-0.007633117	-1508.3756	-0.21442905	0.005512583	0.05565	79.0	450.04566645622253
