Epoch	AverageEpRet	StdEpRet	MaxEpRet	MinEpRet	EpLen	AverageVVals	StdVVals	MaxVVals	MinVVals	TotalEnvInteracts	LossPi	LossV	DeltaLossPi	DeltaLossV	Entropy	KL	ClipFrac	StopIter	Time
0	134.5146	10.703364	150.33885	117.00345	1000.0	0.009303913	0.14236823	0.23390524	-0.18523282	40000	-9.49949e-08	155.71086	-0.0048971195	-125.4539	0.91894364	0.005543294	0.042075	79.0	10.055516481399536
1	139.04416	9.690361	154.40796	120.77369	1000.0	7.5015984	0.6455456	8.54977	4.522113	80000	1.7695129e-07	177.94342	-0.0063254945	-174.82478	0.89840156	0.0052124904	0.05105	79.0	19.225197553634644
2	143.77977	8.999975	156.7676	129.46753	1000.0	12.576159	0.44596285	13.109538	11.02629	120000	0.0	201.69919	-0.007856574	-200.73505	0.874534	0.005963263	0.052275	79.0	29.211395502090454
3	151.57797	6.290351	163.22357	139.76831	1000.0	13.964942	0.6405488	14.671354	12.564669	160000	2.0954758e-08	226.91805	-0.0076292567	-225.97609	0.8462855	0.0056389244	0.056975	79.0	38.76613402366638
4	157.6136	6.0864034	167.821	143.81563	1000.0	15.139313	0.41773072	15.507356	13.027711	200000	5.5879354e-09	246.44585	-0.0061944453	-245.36661	0.8189271	0.004337935	0.036275	79.0	48.33324885368347
5	163.41357	5.202179	176.27132	153.5662	1000.0	15.556591	0.3488658	16.000862	14.070622	240000	2.6077032e-08	262.89542	-0.0062765023	-261.8134	0.79176515	0.00488814	0.044925	79.0	58.46247100830078
6	169.3674	7.2764378	185.81454	155.31058	1000.0	16.20756	0.29094157	16.606129	15.243011	280000	1.6763806e-08	282.45306	-0.0054427814	-280.97586	0.76755124	0.002896132	0.031875	79.0	67.4717526435852
7	174.3074	6.0247974	187.41626	159.88048	1000.0	16.77909	0.29056782	17.22463	16.091013	320000	-9.313226e-09	299.47083	-0.004992831	-297.81708	0.74438274	0.0048185084	0.0363	79.0	75.17144322395325
8	177.52757	6.5433064	191.66144	162.72868	1000.0	17.410645	0.24325489	17.70588	16.7693	360000	0.0	311.3871	-0.005292047	-309.8251	0.72399384	0.0038899549	0.028875	79.0	84.13131427764893
9	184.55368	5.7076054	196.05588	173.25339	1000.0	17.606384	0.15969177	17.886705	16.995365	400000	1.3969839e-08	334.2049	-0.0039164675	-332.7364	0.69858027	0.0018639943	0.017625	79.0	92.49710702896118
10	188.62335	6.1800413	202.38225	177.34694	1000.0	18.293835	0.21758334	18.658789	17.74329	440000	-3.1199306e-08	350.8858	-0.00397522	-349.09326	0.6765041	0.0021617387	0.01475	79.0	101.67509245872498
11	194.01262	6.0518827	206.63954	181.14427	1000.0	18.838634	0.17324793	19.048822	18.337225	480000	1.8626451e-09	373.3686	-0.0039607743	-371.60907	0.6531539	0.0030942447	0.0205	79.0	109.95745730400085
12	198.213	7.4536605	215.69415	183.12119	1000.0	19.360575	0.16239044	19.591324	18.815277	520000	4.656613e-09	387.90887	-0.003487625	-385.62875	0.63080215	0.0026337975	0.020725	79.0	118.32851815223694
13	202.13007	6.952064	215.01375	190.19278	1000.0	19.695568	0.072256595	19.844376	19.229055	560000	1.1641532e-08	403.7934	-0.0028502962	-401.2992	0.61047345	0.0021170422	0.0148	79.0	126.73510551452637
14	203.56839	7.099411	216.58144	189.44444	1000.0	20.104248	0.15388684	20.32929	19.628262	600000	-5.5879354e-09	410.6408	-0.0029184849	-408.2935	0.5923502	0.0024487535	0.016275	79.0	135.29836225509644
15	205.34302	6.208165	220.60173	195.10129	1000.0	20.2629	0.109949425	20.460758	19.745274	640000	-5.5879354e-09	417.73657	-0.0030696925	-415.2232	0.57538795	0.0026795366	0.016075	79.0	143.77265095710754
16	208.44083	9.060545	230.84312	191.37358	1000.0	20.439405	0.0884092	20.585089	20.096346	680000	-1.0244548e-08	429.16083	-0.0034819173	-426.28085	0.55739254	0.0030793357	0.023925	79.0	152.13030290603638
17	213.2043	7.2394834	231.29182	196.85205	1000.0	20.67035	0.12592578	20.906673	20.09717	720000	-1.3969839e-09	449.0402	-0.0034148446	-445.9196	0.53898	0.002319203	0.0207	79.0	160.59322810173035
18	216.55212	7.596861	231.816	196.91042	1000.0	21.145535	0.042632304	21.257374	20.777843	760000	6.519258e-09	462.11737	-0.0030562654	-459.12448	0.52147377	0.0017686419	0.017675	79.0	169.9153335094452
19	219.75484	8.432937	235.28876	200.60327	1000.0	21.537298	0.248283	21.796383	20.897617	800000	1.1175871e-08	475.17877	-0.0032498958	-471.9345	0.50477445	0.002562534	0.0224	79.0	178.5247139930725
20	221.4207	8.736438	244.5748	199.14984	1000.0	21.773027	0.15038244	22.010279	21.178183	840000	-1.3038516e-08	487.01434	-0.0030058955	-483.2846	0.4879834	0.0029312836	0.0222	79.0	186.94529223442078
21	223.8104	9.309867	241.91756	208.74092	1000.0	22.08177	0.13071053	22.25835	21.398102	880000	0.0	494.862	-0.0026578796	-490.8974	0.47278687	0.0026551643	0.016075	79.0	195.53607153892517
22	228.65063	9.3273	253.26688	210.86769	1000.0	22.26331	0.2719584	22.50738	21.522089	920000	3.7252903e-09	514.76154	-0.002479501	-510.90427	0.45703307	0.002863567	0.01605	79.0	204.10305619239807
23	228.61508	9.624064	248.97234	209.34996	1000.0	22.580322	0.29389763	22.940163	21.795584	960000	0.0	518.1576	-0.0029420634	-514.20337	0.442279	0.002907358	0.017324999	79.0	212.86503338813782
24	231.84607	8.376655	249.96942	216.48088	1000.0	22.739054	0.057900198	22.8778	22.245281	1000000	2.514571e-08	530.30273	-0.003037022	-526.14276	0.42413193	0.0025591552	0.0228	79.0	221.87704038619995
25	232.53967	9.889495	252.61282	211.68163	1000.0	23.016302	0.23381145	23.309187	22.372454	1040000	-1.3038516e-08	532.43195	-0.0025236378	-527.8744	0.40808856	0.002875715	0.018199999	79.0	231.27845692634583
26	235.91483	10.053472	258.22922	211.32011	1000.0	23.04485	0.08290148	23.220343	22.22542	1080000	-1.8626451e-08	545.353	-0.0030261637	-540.34143	0.39499733	0.002656274	0.021325	79.0	241.6121644973755
27	237.72543	9.534081	254.73882	219.08432	1000.0	23.319437	0.10500269	23.512558	22.295765	1120000	-9.313226e-09	553.69604	-0.0025390636	-548.85095	0.3822947	0.0026359423	0.016649999	79.0	251.74016857147217
28	240.50569	10.310822	266.55875	216.82181	1000.0	23.495314	0.16834635	23.744722	22.377615	1160000	1.8626451e-08	570.16156	-0.0025878334	-564.8969	0.36799234	0.0028795758	0.019375	79.0	261.97872519493103
29	242.18169	11.134184	261.41656	217.14758	1000.0	23.853243	0.23657233	24.12909	23.078176	1200000	2.0489097e-08	578.26526	-0.002391859	-573.14276	0.35344693	0.0023545423	0.01695	79.0	272.2053973674774
30	241.77129	10.357209	265.74463	221.33818	1000.0	24.012915	0.3316855	24.342098	23.154266	1240000	-1.3038516e-08	575.5189	-0.0027578706	-569.9458	0.3400839	0.002503377	0.019650001	79.0	282.48473286628723
31	242.57846	11.948131	275.01303	220.19095	1000.0	23.90714	0.30578792	24.264772	22.71526	1280000	-9.313226e-09	582.45593	-0.0026024533	-576.2607	0.32490033	0.0026179496	0.019225	79.0	293.37470293045044
32	248.03386	12.170047	280.87216	217.25735	1000.0	24.105957	0.27231428	24.392857	22.901863	1320000	1.6763806e-08	604.8945	-0.0029444178	-599.0421	0.31036317	0.002520733	0.022599999	79.0	304.4771361351013
33	243.83035	10.6862	264.02182	220.88113	1000.0	24.538153	0.3157818	24.93781	23.66728	1360000	0.0	589.7457	-0.0026329297	-584.24066	0.29454708	0.0031971517	0.01805	79.0	316.04910039901733
34	247.72134	10.354208	273.6538	224.62198	1000.0	24.244106	0.26089662	24.558926	23.403248	1400000	-9.313226e-09	603.9676	-0.0030121612	-596.9518	0.27740434	0.0027640737	0.02225	79.0	326.54171228408813
35	254.59863	11.803132	277.04117	229.77228	1000.0	24.50028	0.28725925	24.849	23.559141	1440000	1.1175871e-08	634.90076	-0.0024472494	-628.25946	0.26180333	0.0020639189	0.015175	79.0	336.8069930076599
36	252.96304	13.83949	284.23972	223.99553	1000.0	25.18792	0.4609343	25.627514	23.670639	1480000	-1.4901161e-08	627.66034	-0.0028596893	-620.3881	0.25142667	0.0028547584	0.01825	79.0	346.7483253479004
37	261.20786	11.006359	287.564	238.50279	1000.0	24.969337	0.34315634	25.33924	23.582762	1520000	-2.7008355e-08	667.83496	-0.0031865158	-659.98737	0.23318389	0.00343983	0.02675	79.0	355.9890127182007
38	261.25934	13.1947365	290.6835	240.22025	1000.0	25.747236	0.15543951	25.95254	25.133698	1560000	1.6763806e-08	671.17737	-0.0029553813	-663.0298	0.21911347	0.0032431902	0.0242	79.0	368.72126030921936
39	258.15546	11.197433	285.79977	231.07675	1000.0	25.814474	0.21770488	26.078989	24.75896	1600000	-3.7252903e-09	659.95056	-0.0019749245	-651.5029	0.2056206	0.0028017557	0.013525001	79.0	380.7363483905792
40	265.80005	13.716341	305.1103	237.84908	1000.0	25.507338	0.26583686	25.892475	24.649685	1640000	9.546056e-09	694.5157	-0.0030162258	-685.79785	0.19314909	0.0028863996	0.023325	79.0	391.30815839767456
41	267.44748	14.160686	295.83826	230.262	1000.0	26.34025	0.34136713	26.704578	25.215923	1680000	1.4901161e-08	702.4335	-0.0030221092	-693.39343	0.17907074	0.0025495358	0.02425	79.0	401.7928445339203
42	262.72037	13.209763	298.23633	234.80432	1000.0	26.4075	0.49158064	26.916988	24.499506	1720000	-1.6530976e-08	681.1968	-0.0022405593	-672.50037	0.16286337	0.0022000787	0.017099999	79.0	412.1051833629608
43	265.06885	14.576282	294.21838	226.55525	1000.0	25.992903	0.14148027	26.245846	24.995527	1760000	1.3038516e-08	694.12573	-0.0022665733	-684.30725	0.14769174	0.002162336	0.019675002	79.0	421.83636116981506
44	268.41815	11.956455	312.98535	245.48192	1000.0	26.189016	0.23311673	26.69393	25.094984	1800000	1.8626451e-09	706.34985	-0.0028511332	-697.7001	0.13780093	0.0028027177	0.022125	79.0	431.5442056655884
45	268.49542	12.10642	298.86777	246.8527	1000.0	26.44806	0.2698443	27.430744	25.715813	1840000	8.381903e-09	706.7207	-0.0019835038	-698.15564	0.12727651	0.0028880208	0.015125001	79.0	440.9528000354767
46	272.07495	15.811958	305.03305	231.63882	1000.0	26.446325	0.45766115	28.051767	25.296217	1880000	0.0	724.70044	-0.0022382566	-713.9354	0.1163057	0.0026896046	0.0194	79.0	451.7336823940277
47	269.3531	16.235779	302.04495	234.38683	1000.0	26.784893	0.5605635	28.68337	25.364664	1920000	7.450581e-09	718.4754	-0.002273352	-706.44006	0.10560768	0.0028397418	0.015574999	79.0	460.4990146160126
48	270.02255	15.423037	292.7075	237.35577	1000.0	26.651155	0.4626137	28.784544	25.022402	1960000	-7.450581e-09	718.23206	-0.0026206337	-707.0249	0.0966448	0.0032752464	0.025625	79.0	470.4175822734833
49	274.29736	14.571108	300.6342	224.20984	1000.0	26.596138	0.52765363	29.027449	25.283438	2000000	2.7939677e-09	738.36084	-0.0024011282	-727.0453	0.08226892	0.0026712571	0.0183	79.0	479.8605420589447
50	275.69678	15.634582	307.46014	231.83754	1000.0	27.018541	0.6046562	29.528038	25.349277	2040000	-5.5879354e-09	741.37494	-0.0023584657	-730.42566	0.07011456	0.0022525005	0.019425001	79.0	489.2581868171692
51	276.17343	13.794886	310.4243	242.78192	1000.0	26.975187	0.8502243	30.091856	24.647598	2080000	-5.5879354e-09	747.02673	-0.002562604	-734.1846	0.056991618	0.0036988538	0.022374999	79.0	498.8184235095978
52	275.58282	15.220015	304.1722	231.31578	1000.0	27.063213	0.6492388	30.03695	25.744015	2120000	9.313226e-09	748.46246	-0.0025169523	-736.4276	0.048874855	0.003215198	0.021675	79.0	508.33528661727905
53	278.93024	15.958839	317.4882	243.26637	1000.0	27.232412	0.6765197	30.275265	25.903748	2160000	1.8626451e-09	763.1791	-0.0021081965	-750.5657	0.040493984	0.0029488003	0.018675	79.0	517.277468919754
54	275.90747	16.217329	307.51758	236.20175	1000.0	27.275284	0.89391094	30.923637	25.70288	2200000	9.313226e-09	749.1582	-0.0020743313	-736.3865	0.027148236	0.003489241	0.017425	79.0	526.4044518470764
55	275.80426	18.0002	315.4148	231.66168	1000.0	27.353506	0.78022254	30.577356	25.855722	2240000	1.8626451e-08	751.52527	-0.0026788623	-737.68726	0.020144003	0.0034652664	0.022225	79.0	534.7006928920746
56	282.70102	17.43822	319.55017	247.25616	1000.0	27.256384	1.1355251	30.681309	25.001446	2280000	-3.7252903e-09	781.61523	-0.0030213324	-768.0661	0.008320584	0.0031328257	0.027700001	79.0	542.7496631145477
57	280.61847	19.30897	327.02304	244.97913	1000.0	27.319876	1.1201395	31.349888	25.381437	2320000	-7.450581e-09	780.7805	-0.0025003552	-765.7175	-0.0032426117	0.003104629	0.023374999	79.0	551.5246086120605
58	279.38428	14.651212	318.59525	246.742	1000.0	27.903576	1.0856572	31.972944	25.946486	2360000	5.5879354e-09	773.217	-0.0024665294	-759.5965	-0.006913436	0.003457922	0.019975	79.0	560.4995911121368
59	280.33554	19.410213	322.99506	233.07913	1000.0	27.508087	0.8792103	32.084435	25.865023	2400000	-2.3283064e-08	771.5552	-0.0023641903	-756.27106	-0.014612625	0.0023235395	0.01825	79.0	569.6667194366455
