Epoch	AverageEpRet	StdEpRet	MaxEpRet	MinEpRet	EpLen	AverageVVals	StdVVals	MaxVVals	MinVVals	TotalEnvInteracts	LossPi	LossV	DeltaLossPi	DeltaLossV	Entropy	KL	ClipFrac	StopIter	Time
0	0.6799413	0.078381754	0.872275	0.5116614	1000.0	0.058154535	0.29603094	0.6862156	-0.85927784	40000	1.2340024e-08	0.05957451	-0.0090945065	-0.053748205	0.9189447	0.007243648	0.068825	79.0	11.559017658233643
1	0.7065256	0.098836206	0.9141524	0.5102437	1000.0	0.066771396	0.020440599	0.25523785	-0.11476293	80000	-9.313226e-09	0.054897904	-0.015573687	-0.054346196	0.9190719	0.0066578425	0.1028	79.0	22.33039951324463
2	0.7954149	0.09032436	0.9761615	0.636321	1000.0	0.06819246	0.013500833	0.20302665	-0.0653142	120000	-6.9849193e-10	0.05614289	-0.016421705	-0.055662334	0.9087033	0.009133622	0.11660001	79.0	32.55941891670227
3	0.9297124	0.08879408	1.1322135	0.78261286	1000.0	0.075810775	0.010577975	0.18392882	-0.06873272	160000	-2.0721927e-08	0.058647893	-0.01745708	-0.058062203	0.9013971	0.009085468	0.1207	79.0	43.932600021362305
4	1.0492604	0.12197035	1.2645494	0.80260533	1000.0	0.08907314	0.008832588	0.18532005	-0.006883461	200000	0.0	0.061929204	-0.018517226	-0.06119826	0.8902703	0.009318367	0.130625	79.0	53.816678047180176
5	1.2287222	0.14130731	1.4765629	0.9316628	1000.0	0.10264599	0.0074526877	0.1866062	-0.029983567	240000	1.8626451e-09	0.06609589	-0.0069655795	-0.065174885	0.8781768	0.015138376	0.198925	5.0	63.05885338783264
6	1.4526396	0.13067536	1.8520893	1.1953833	1000.0	0.11889136	0.007497753	0.20729205	0.016706008	280000	-1.8626451e-09	0.07302806	-0.0057152677	-0.07192278	0.87716556	0.015933646	0.21502501	4.0	71.45155501365662
7	1.8334863	0.15051243	2.1505823	1.3895473	1000.0	0.14298187	0.006778632	0.2131888	0.057958856	320000	-1.8626451e-09	0.08714408	-0.0065448224	-0.08539531	0.8752182	0.015083752	0.2073	3.0	80.46646571159363
8	2.156446	0.18934095	2.5238001	1.6328629	1000.0	0.1806678	0.007957012	0.24922232	0.096626446	360000	3.7252903e-09	0.102452844	-0.003991392	-0.10058969	0.87342846	0.016918654	0.252825	3.0	89.04332327842712
9	2.6167428	0.21957569	3.5150518	2.2452483	1000.0	0.21465874	0.009413544	0.26851213	0.12454382	400000	-2.3283064e-08	0.12557659	-0.0038205348	-0.123033464	0.87128127	0.017993007	0.25735	3.0	97.2061288356781
10	3.0967991	0.22216088	3.6431046	2.7665155	1000.0	0.2600382	0.011455836	0.31260583	0.083255224	440000	6.519258e-09	0.15643048	-0.0025122631	-0.15325682	0.868789	0.017446484	0.24852501	3.0	105.66424345970154
11	3.5797973	0.29928744	4.23334	2.929214	1000.0	0.31123066	0.015555037	0.35045958	0.12042134	480000	-4.749745e-08	0.19379573	-0.0030884268	-0.18958151	0.8660605	0.017909314	0.237275	3.0	115.64184284210205
12	4.084935	0.30569163	4.651778	3.3655877	1000.0	0.36117187	0.01915185	0.40921205	0.20915608	520000	5.4948032e-08	0.23687333	-0.0013918788	-0.23182438	0.86316246	0.017359328	0.2608	4.0	127.2092010974884
13	4.6777887	0.38430253	5.4805226	3.8807027	1000.0	0.41476417	0.024951037	0.4542306	0.23433971	560000	3.7252903e-09	0.29478443	-0.01871889	-0.28882188	0.859147	0.011906239	0.160175	79.0	137.95638751983643
14	5.496483	0.40916377	6.4297843	4.41544	1000.0	0.4752793	0.03259195	0.5096475	0.1958109	600000	1.1175871e-08	0.38634694	-0.018264432	-0.378065	0.8302327	0.010690264	0.1499	79.0	149.31192350387573
15	6.6909204	0.44097203	7.703671	5.8341174	1000.0	0.5598181	0.036166497	0.5956551	0.2588719	640000	-4.656613e-08	0.54230213	-0.01732577	-0.529003	0.80203605	0.011321011	0.141525	79.0	160.45481896400452
16	7.7577987	0.7288929	9.125269	5.7923026	1000.0	0.67809206	0.044052538	0.72303057	0.3403462	680000	3.5390258e-08	0.7178631	-0.01809651	-0.6973239	0.7754935	0.012166249	0.149875	79.0	171.25623726844788
17	9.369409	0.818181	11.612352	7.742325	1000.0	0.7891572	0.05348178	0.83888143	0.3816691	720000	8.381903e-09	1.0227646	-0.01692822	-0.9966744	0.7490882	0.011238143	0.13805	79.0	182.47726440429688
18	10.949418	0.73685724	12.1800785	8.71183	1000.0	0.95607996	0.077326536	1.0330162	0.43819043	760000	1.0244548e-08	1.3736653	-0.017769821	-1.3393092	0.7259287	0.010738758	0.143175	79.0	193.42862033843994
19	12.345381	1.03792	14.954424	8.979156	1000.0	1.116	0.0907101	1.1977863	0.16139475	800000	1.1175871e-08	1.7488649	-0.017411191	-1.7019632	0.7005792	0.011304775	0.13402501	79.0	205.12121725082397
20	14.668683	1.1957642	16.987457	11.761661	1000.0	1.2705902	0.101702414	1.3621912	0.4804925	840000	5.5879354e-09	2.4295228	-0.01739971	-2.3596857	0.6758002	0.011048419	0.14545	79.0	217.25344944000244
21	16.691013	1.1093553	19.425833	14.8494625	1000.0	1.5021209	0.10794168	1.591074	0.6531374	880000	-1.8626451e-09	3.1232948	-0.017367765	-3.0512657	0.6488131	0.010920553	0.13769999	79.0	227.72034096717834
22	19.467442	1.5770748	23.553158	16.856964	1000.0	1.7117566	0.1359276	1.8305535	0.74211603	920000	-5.5879354e-09	4.248398	-0.017463919	-4.126417	0.62509376	0.010551115	0.13775	79.0	237.44653582572937
23	23.128424	1.7047248	25.977777	19.800797	1000.0	1.9978446	0.16158509	2.1241791	0.7573217	960000	-4.0978193e-08	5.968918	-0.018076094	-5.806677	0.5997657	0.010469666	0.14542499	79.0	249.78710174560547
24	26.905258	2.0431955	30.626059	21.143953	1000.0	2.3816898	0.202281	2.5408444	0.98807365	1000000	-4.8428774e-08	8.094572	-0.01699455	-7.8854365	0.5730507	0.009718072	0.1279	79.0	260.7454538345337
25	30.906864	2.2694154	36.537685	26.052292	1000.0	2.7744963	0.23902743	2.9447634	1.1036735	1040000	2.3283064e-09	10.657641	-0.017798878	-10.385495	0.54795736	0.011534477	0.13905	79.0	272.3834698200226
26	35.244366	2.4956748	41.142677	29.077513	1000.0	3.1821473	0.27346507	3.3632665	1.2741684	1080000	-2.6077032e-08	13.892184	-0.016220404	-13.494105	0.5215408	0.010504564	0.1283	79.0	284.0831925868988
27	40.63092	3.0245655	47.741867	34.703598	1000.0	3.634699	0.32120425	3.860418	1.246457	1120000	-7.450581e-09	18.285881	-0.016453069	-17.727684	0.49806482	0.010143605	0.124974996	79.0	296.32618021965027
28	46.655296	4.3724756	58.215897	38.39783	1000.0	4.171332	0.3259577	4.3802752	1.396209	1160000	2.6077032e-08	24.472591	-0.017641988	-23.710056	0.4750467	0.011985032	0.136975	79.0	306.3700227737427
29	51.85741	5.0383162	62.910427	38.655426	1000.0	4.8054576	0.53138065	5.131999	-2.2744162	1200000	5.5879354e-09	30.19291	-0.017737495	-29.198507	0.4524983	0.010661684	0.1251	79.0	316.4008193016052
30	59.94635	4.513424	71.72461	51.50477	1000.0	5.3642726	0.50818664	5.7115345	1.1619277	1240000	2.6077032e-08	40.400528	-0.017959796	-39.179977	0.43020248	0.01042922	0.136425	79.0	328.32671451568604
31	67.33787	5.7359242	78.87233	51.63432	1000.0	6.2138467	0.5733667	6.564705	2.0556014	1280000	-3.7252903e-09	51.40544	-0.017605081	-49.581936	0.40611318	0.011905411	0.1353	79.0	338.78415513038635
32	76.035995	7.222949	90.83698	62.50857	1000.0	6.9905963	0.74530387	7.4388037	-0.30950394	1320000	7.450581e-09	65.27182	-0.01809443	-62.930622	0.38335496	0.011659675	0.13975	79.0	350.31502962112427
33	87.68544	7.582383	101.99735	72.87688	1000.0	7.8818703	0.7496041	8.310021	1.2887017	1360000	-1.2572855e-08	86.76391	-0.01819249	-83.89694	0.36091456	0.011602046	0.134375	79.0	362.99157881736755
34	100.74221	8.270214	117.00861	83.925545	1000.0	9.11841	0.87377936	9.679215	2.7204087	1400000	7.450581e-09	114.491875	-0.016432619	-111.13292	0.33917892	0.010774999	0.125825	79.0	373.7753236293793
35	110.41775	11.495563	133.97188	83.385605	1000.0	10.438837	1.0703765	11.093645	3.1432085	1440000	-2.3283064e-08	138.99042	-0.01705962	-134.57407	0.31756085	0.011915389	0.13115	79.0	383.7380487918854
36	122.505875	11.255672	151.25551	96.365234	1000.0	11.5065565	1.1657604	12.302836	3.821688	1480000	-3.5390258e-08	170.71608	-0.01652605	-165.23453	0.29699007	0.0114106275	0.134525	79.0	395.02432513237
37	141.07599	11.599574	157.17278	111.51336	1000.0	12.782749	1.2680478	13.589042	4.237261	1520000	1.9092113e-08	224.58307	-0.017843522	-217.44145	0.27490172	0.013399466	0.141925	79.0	405.9413273334503
38	159.48975	13.151044	182.8244	134.61935	1000.0	14.606675	1.5208738	15.486268	1.530118	1560000	3.5390258e-08	288.9254	-0.017439296	-279.37366	0.25103348	0.011781819	0.134675	79.0	416.60791850090027
39	177.83453	15.104266	209.41069	150.10316	1000.0	16.608747	1.706281	17.532469	5.758386	1600000	-2.2351742e-08	362.8253	-0.016831145	-349.14313	0.22945404	0.011525022	0.134275	79.0	427.7342028617859
40	203.88867	21.671513	242.30386	151.27872	1000.0	18.560968	1.9732889	19.820553	4.771961	1640000	-1.4901161e-08	474.56506	-0.0177524	-456.16077	0.20712304	0.011780003	0.137675	79.0	442.98926520347595
41	228.32841	21.846985	299.95312	185.4606	1000.0	21.16354	2.3507943	22.786982	-0.76073194	1680000	3.7252903e-09	592.55066	-0.017712595	-571.5348	0.18532968	0.011149379	0.13775	79.0	455.5008165836334
42	254.35835	22.445288	304.35852	214.24338	1000.0	23.804571	2.2863584	25.088892	7.7382984	1720000	0.0	746.9293	-0.016685799	-718.7035	0.16356498	0.0122296065	0.13075	79.0	465.7078220844269
43	280.28207	25.52235	333.21393	227.86813	1000.0	26.531937	3.0992115	28.66047	1.1029024	1760000	4.656613e-09	900.13416	-0.017100697	-863.50995	0.14287888	0.011077322	0.1364	79.0	475.6810882091522
44	305.8188	29.244171	381.2014	255.36104	1000.0	29.183928	3.0671606	31.06198	2.966055	1800000	2.0489097e-08	1080.6903	-0.016734445	-1039.0338	0.12408333	0.013156227	0.129675	79.0	487.23404264450073
45	349.68558	40.12777	447.22794	277.4505	1000.0	32.063522	3.5097942	34.513077	9.265152	1840000	2.0489097e-08	1398.0153	-0.017097231	-1345.8855	0.10488272	0.011414958	0.127375	79.0	497.59154319763184
46	384.82355	41.364212	448.04758	252.24275	1000.0	36.33287	3.884374	38.8045	13.263874	1880000	4.656613e-09	1708.9048	-0.01772355	-1638.0942	0.084069856	0.012760852	0.139375	79.0	508.93642830848694
47	434.53052	43.54563	533.7765	347.92465	1000.0	40.289757	4.2313013	42.843777	11.1335945	1920000	-9.313226e-09	2150.85	-0.016690928	-2066.918	0.06364925	0.010412443	0.13165	79.0	521.4955196380615
48	492.83575	54.48598	621.3931	386.14813	1000.0	45.150433	4.237212	47.498245	15.694498	1960000	3.7252903e-09	2797.099	-0.016793257	-2688.3042	0.041913718	0.012390712	0.12965	79.0	532.9357287883759
49	529.0675	46.860806	646.75195	414.33487	1000.0	51.316933	5.95816	56.1758	13.239313	2000000	-1.8626451e-09	3235.101	-0.017145678	-3110.3667	0.019893026	0.010473992	0.13755	79.0	543.5398511886597
50	596.84973	46.290943	697.83496	503.9273	1000.0	55.236477	5.867965	59.917583	2.4807825	2040000	2.0489097e-08	4109.452	-0.017302515	-3941.128	0.00097178144	0.012398909	0.13945	79.0	554.6497201919556
51	662.8965	66.066315	782.7109	482.47964	1000.0	62.077686	6.869704	67.88913	20.781652	2080000	-2.0489097e-08	5054.4106	-0.017081197	-4846.156	-0.019835962	0.012503859	0.13745001	79.0	565.2568252086639
52	734.3092	76.80398	862.40765	539.2561	1000.0	68.93959	6.9495	74.882545	20.164724	2120000	-1.7695129e-08	6232.8135	-0.016233724	-5978.0386	-0.03960601	0.012081444	0.13462499	79.0	575.8735690116882
53	799.6964	73.20877	958.7851	642.7615	1000.0	76.15191	8.259232	82.852615	25.715729	2160000	2.7939677e-09	7495.5815	-0.016475908	-7155.179	-0.060030665	0.011326227	0.13589999	79.0	587.2895700931549
54	920.942	82.57017	1173.7981	704.4975	1000.0	83.40664	9.691402	90.81543	7.9664993	2200000	2.7939677e-09	9764.742	-0.017057015	-9350.269	-0.07919608	0.013791256	0.138675	79.0	599.9125952720642
55	979.5334	88.957695	1197.0481	810.3646	1000.0	94.78002	10.90596	101.88526	8.934931	2240000	-9.313226e-10	11255.153	-0.01657128	-10743.463	-0.100891896	0.014087981	0.13145	79.0	610.6724331378937
56	1104.3444	94.31406	1315.0443	882.7808	1000.0	101.67905	12.303604	109.79526	15.019935	2280000	-6.9849193e-09	14032.827	-0.016373165	-13346.979	-0.121150084	0.012204069	0.133975	79.0	620.9032106399536
57	1208.0276	110.89665	1470.3079	932.7704	1000.0	113.234375	11.088157	120.14147	38.22953	2320000	0.0	16919.332	-0.015574298	-16169.17	-0.13897109	0.010884839	0.1261	79.0	632.7367339134216
58	1323.1918	150.18254	1627.7378	956.0025	1000.0	123.548775	13.727066	130.49936	18.277676	2360000	7.450581e-09	20316.078	-0.015916845	-19363.316	-0.15736486	0.011891558	0.13325	79.0	643.2365255355835
59	1456.8539	167.3146	1849.822	1167.8278	1000.0	134.19827	15.245504	141.46727	14.742551	2400000	5.5879354e-09	24567.871	-0.016457304	-23268.828	-0.17638743	0.01180955	0.132825	79.0	653.3420827388763
