255,255,255,150,222,255,246,202,248,1,137,238,164,255,255,60,116,46,36,153,15,9,81,176,128,128,0,109,93,
255,255,255,150,222,255,246,202,247,1,136,237,164,255,255,60,117,46,36,153,15,9,82,176,128,128,0,107,213,
255,255,255,151,223,255,246,202,247,1,136,236,164,255,255,59,117,46,36,154,15,9,84,176,128,128,0,7,146,
255,255,255,151,223,255,246,202,247,1,136,236,166,255,255,59,118,46,36,152,15,9,85,176,128,128,0,54,206,
255,255,255,152,222,255,246,203,247,1,135,236,167,255,255,59,118,47,37,152,16,9,85,176,128,128,0,241,36,
255,255,255,151,223,255,246,203,247,1,135,236,169,255,255,59,117,46,35,151,15,9,85,176,128,128,0,24,220,
255,255,255,151,223,255,246,203,247,1,136,236,170,255,255,59,117,46,35,151,15,9,86,177,128,128,0,43,210,
255,255,255,151,223,255,245,203,247,1,136,236,171,255,255,59,118,46,35,152,15,9,87,177,128,128,0,171,37,
255,255,255,151,223,255,245,203,247,1,136,236,172,255,255,58,118,46,35,152,16,9,89,177,128,128,0,150,228,
255,255,255,152,223,255,245,202,248,1,136,235,172,255,255,58,118,45,34,152,16,9,88,177,128,128,0,15,141,
255,255,255,152,223,255,245,202,248,1,136,235,172,255,255,58,118,45,34,151,16,9,88,177,128,128,0,79,205,
255,255,255,153,223,255,245,200,249,1,135,235,172,255,255,59,118,46,33,151,16,9,89,177,128,128,0,71,73,
255,255,255,154,223,255,245,200,250,1,134,236,171,255,255,58,118,46,33,150,16,9,89,177,128,128,0,143,93,
255,255,255,156,224,255,244,201,251,1,134,236,171,255,255,58,118,46,33,150,16,9,90,177,128,128,0,70,187,
255,255,255,157,224,255,244,201,251,1,135,237,171,255,255,58,118,46,33,150,16,9,90,177,128,128,0,139,46,
255,255,255,157,224,255,244,201,250,1,136,238,170,255,255,58,118,46,32,149,16,9,91,178,128,128,0,114,209,
255,255,255,157,224,255,244,200,250,1,136,238,170,255,255,58,118,46,32,149,16,9,91,178,128,128,0,79,0,
255,255,255,157,224,255,244,200,249,1,136,238,169,255,255,58,118,46,32,148,16,9,92,178,128,128,0,60,73,
255,255,255,157,224,255,244,200,249,1,136,238,168,255,255,58,117,46,32,147,16,9,92,178,128,128,0,179,235,
255,255,255,157,224,255,244,200,249,1,136,238,169,255,255,58,117,46,31,145,16,9,93,178,128,128,0,219,3,
255,255,255,157,224,255,244,200,249,1,136,238,168,255,255,57,117,46,31,145,16,9,93,178,128,128,0,30,7,
255,255,255,158,224,255,244,200,249,1,136,239,168,255,255,57,118,46,30,144,16,9,95,178,128,128,0,129,176,
255,255,255,158,224,255,244,200,249,1,136,239,168,255,255,58,118,46,30,143,16,9,96,178,128,128,0,208,253,
255,255,255,158,224,255,244,200,249,1,136,239,168,255,255,58,118,46,30,142,16,8,97,178,128,128,0,45,32,
255,255,255,158,225,255,244,200,249,1,136,239,168,255,255,58,118,46,30,141,17,8,97,178,128,128,0,176,105,
255,255,255,158,225,255,244,200,249,1,137,239,167,255,255,57,118,46,29,139,17,8,98,179,128,128,0,123,223,
255,255,255,158,225,255,244,200,249,1,137,239,167,255,255,57,118,46,28,139,17,8,98,179,128,128,0,118,79,
255,255,255,158,224,255,244,200,249,1,137,239,166,255,255,56,118,46,26,136,17,8,101,179,128,128,0,89,101,
255,255,255,158,224,255,244,200,248,1,137,239,165,255,255,56,118,46,24,135,17,9,102,179,128,128,0,59,105,
255,255,255,158,224,255,243,200,248,1,137,239,165,255,255,56,118,46,22,135,18,9,105,179,128,128,0,102,191,
255,255,255,157,224,255,243,200,248,1,137,239,166,255,255,56,118,46,21,133,18,9,106,179,128,128,0,16,104,
255,255,255,158,224,255,243,200,248,1,136,240,176,255,255,55,118,46,1,122,27,14,109,179,128,128,0,242,86,
255,255,255,158,224,255,243,200,249,1,135,240,192,255,255,55,118,46,1,78,105,72,173,178,128,128,0,213,214,
255,255,255,158,224,255,243,200,249,1,135,240,212,255,255,56,117,45,1,32,173,174,255,172,128,128,0,129,12,
255,255,255,157,224,255,243,200,248,1,134,241,232,255,255,56,117,45,1,1,190,249,255,170,128,128,0,24,100,
255,255,255,157,224,255,243,200,248,1,134,240,239,255,255,56,117,45,1,1,194,255,255,170,128,128,0,35,87,
255,255,255,157,224,255,243,200,249,1,134,240,245,255,255,56,117,45,1,1,211,255,255,171,128,128,0,132,93,
255,255,255,157,224,255,243,200,248,1,134,241,247,255,255,56,118,45,1,1,212,255,255,171,128,128,0,131,180,
255,255,255,158,224,255,243,200,248,1,134,240,249,255,255,56,118,45,1,1,213,255,255,171,128,128,0,56,31,
255,255,255,158,223,255,243,200,248,1,134,240,249,255,255,56,118,45,1,3,216,255,255,172,128,128,0,50,215,
255,255,255,158,223,255,243,200,248,1,134,240,249,255,255,56,118,45,1,10,203,255,255,172,128,128,0,208,124,
255,255,255,158,223,255,243,200,248,1,133,240,249,255,255,56,118,45,1,10,205,255,255,172,128,128,0,70,140,
255,255,255,158,224,255,243,201,248,1,133,240,249,255,255,56,118,46,1,12,212,255,255,173,128,128,0,212,224,
255,255,255,158,224,255,243,201,248,1,133,240,248,255,255,55,118,45,1,13,216,255,255,173,128,128,0,252,55,
255,255,255,158,223,255,243,201,248,1,133,240,248,255,255,56,118,45,1,16,225,255,255,172,128,128,0,214,236,
255,255,255,158,223,255,243,201,249,1,133,240,248,255,255,56,118,45,1,19,230,255,255,172,128,128,0,221,197,
255,255,255,158,224,255,243,201,249,1,132,241,248,255,255,56,118,46,1,22,234,255,1,172,128,128,0,206,132,
255,255,255,159,224,255,243,201,249,1,133,241,249,255,255,56,118,46,1,22,236,255,1,171,128,128,0,100,245,
255,255,255,159,224,255,243,201,249,1,133,241,250,255,255,56,118,46,1,23,236,255,1,171,128,128,0,230,56,
255,255,255,158,224,255,243,201,249,1,133,241,251,255,255,56,118,46,1,23,237,255,1,171,128,128,0,106,109,
255,255,255,158,224,255,243,201,248,1,133,241,254,255,255,55,118,46,1,22,236,255,1,171,128,128,0,87,138,
255,255,255,160,224,255,244,201,248,1,132,241,255,255,255,54,118,45,1,22,236,255,1,171,128,128,0,196,202,
255,255,255,173,228,255,242,201,249,1,132,241,255,255,255,54,118,45,1,21,236,255,1,171,128,128,0,37,28,
255,255,255,176,227,255,239,201,249,1,132,241,255,255,255,54,118,45,1,21,236,255,1,170,128,128,0,137,69,
255,255,255,174,222,252,234,201,248,1,133,241,255,255,255,53,119,45,1,8,235,255,1,160,128,128,0,88,0,
255,255,255,172,221,250,233,201,248,1,132,241,255,255,255,50,120,45,1,1,234,255,1,136,128,128,0,45,211,
255,255,255,168,219,249,233,201,249,1,132,241,255,255,246,40,121,44,1,1,231,255,30,96,128,128,0,87,208,
255,255,255,167,219,249,234,201,248,1,133,241,255,255,244,40,121,44,1,1,216,255,76,88,128,128,0,5,162,
255,255,255,167,219,249,234,201,248,1,133,241,255,255,243,38,120,45,1,1,223,255,78,86,128,128,0,191,227,
255,255,255,167,219,250,234,201,248,1,133,241,255,255,242,40,120,45,1,1,233,254,77,87,128,128,0,53,142,
255,255,255,167,219,250,235,202,248,1,132,241,255,255,241,40,120,45,1,3,237,251,86,87,128,128,0,149,113,
255,255,255,167,219,250,235,202,248,1,132,241,255,255,240,41,120,45,1,3,237,252,87,86,128,128,0,87,184,
255,255,255,167,219,250,235,202,248,1,132,241,255,255,239,40,121,46,1,1,233,254,86,86,128,128,0,140,44,
255,255,255,167,219,250,235,202,248,1,132,241,255,255,239,40,121,46,1,1,234,251,85,87,128,128,0,250,133,
255,255,255,167,220,250,235,202,248,1,132,240,255,255,239,40,122,46,1,1,233,252,79,89,128,128,0,59,218,
255,255,255,167,219,250,235,202,247,1,132,240,255,255,239,40,122,46,1,1,232,251,76,90,128,128,0,95,234,
255,255,255,167,220,251,235,202,247,1,133,240,255,255,238,39,121,46,1,1,232,250,73,91,128,128,0,109,92,
255,255,255,167,220,250,235,202,248,1,132,240,255,255,238,40,120,46,1,1,229,248,67,91,128,128,0,238,222,
255,255,255,167,220,250,235,202,248,1,132,240,255,255,238,40,120,46,1,1,229,248,63,93,128,128,0,191,156,
255,255,255,167,220,251,235,202,248,1,132,240,255,255,238,40,121,46,1,3,230,248,63,93,128,128,0,217,117,
255,255,255,167,220,251,235,202,248,1,132,240,255,255,237,40,121,46,1,5,227,244,61,94,128,128,0,112,212,
255,255,255,167,220,251,235,202,248,1,132,240,255,255,237,39,121,46,1,1,227,247,60,94,128,128,0,88,192,
255,255,255,167,220,251,235,202,248,1,131,240,255,255,237,39,121,46,1,1,224,242,51,94,128,128,0,141,165,
255,255,255,167,220,251,235,202,248,1,131,240,255,255,237,40,121,46,1,1,225,231,38,95,128,128,0,135,139,
255,255,255,167,220,251,235,202,248,1,131,240,255,255,236,39,121,46,1,1,223,226,33,95,128,128,0,251,72,
255,255,255,167,220,251,235,202,248,1,131,240,255,255,234,40,121,46,1,3,225,219,29,93,128,128,0,236,84,
255,255,255,167,220,251,235,202,248,1,131,240,255,255,233,39,121,46,1,6,215,186,9,90,128,128,0,82,185,
255,255,255,166,220,251,235,202,248,1,131,240,255,255,229,37,121,46,1,15,210,86,1,82,128,128,0,135,64,
255,255,255,165,220,251,235,202,248,1,131,240,255,255,227,36,121,45,1,18,194,25,255,79,128,128,0,151,102,
255,255,255,165,220,251,235,202,248,1,130,240,255,255,223,37,121,45,1,29,192,31,255,78,128,128,0,9,19,
255,255,255,165,220,251,235,202,248,1,130,240,255,255,222,38,121,45,1,39,195,45,255,77,128,128,0,187,171,
255,255,255,165,220,251,235,202,248,1,129,240,255,255,221,37,122,45,1,35,194,62,255,77,128,128,0,86,72,
255,255,255,165,220,251,235,202,248,1,129,240,255,255,221,37,122,46,1,37,195,74,255,77,128,128,0,60,25,
255,255,255,164,220,251,235,202,248,1,129,239,255,255,221,37,122,46,1,36,204,106,1,78,128,128,0,57,136,
255,255,255,164,220,251,235,202,248,1,129,239,255,255,221,37,122,46,1,36,209,125,1,78,128,128,0,247,174,
255,255,255,164,220,251,235,202,248,1,130,239,255,255,221,37,122,45,1,33,208,129,1,80,128,128,0,53,186,
255,255,255,164,220,251,235,202,248,1,130,239,255,255,221,37,122,45,1,34,211,136,1,80,128,128,0,70,54,
255,255,255,164,220,251,235,202,248,1,130,240,255,255,221,37,122,45,1,43,219,169,42,81,128,128,0,100,239,
255,255,255,164,220,251,235,202,248,1,130,240,255,255,221,38,122,45,1,46,223,184,73,80,128,128,0,35,161,
255,255,255,164,220,251,235,202,248,1,130,240,255,255,220,38,122,45,1,44,238,220,102,82,128,128,0,92,96,
255,255,255,164,220,251,235,202,248,1,129,240,255,255,220,38,122,45,1,47,243,227,104,82,128,128,0,77,74,
255,255,255,164,220,251,235,202,248,1,129,240,255,255,220,39,122,46,1,41,240,226,106,83,128,128,0,138,65,
255,255,255,164,220,251,235,202,248,1,129,239,255,255,220,39,123,46,1,44,246,225,104,84,128,128,0,24,61,
255,255,255,164,220,251,235,202,248,1,129,239,255,255,219,39,122,46,1,49,248,226,104,84,128,128,0,56,224,
255,255,255,164,220,251,235,202,248,1,129,239,255,255,219,39,122,46,1,50,248,224,101,85,128,128,0,85,42,
255,255,255,164,220,252,235,202,248,1,129,239,255,255,219,40,122,46,1,58,249,225,101,85,128,128,0,103,111,
255,255,255,164,220,252,235,202,248,1,129,239,255,255,219,39,122,46,1,60,247,222,93,87,128,128,0,185,227,
255,255,255,164,220,252,235,202,247,1,129,239,255,255,219,40,121,46,1,64,245,220,88,87,128,128,0,28,245,
255,255,255,164,220,252,235,202,247,1,129,239,255,255,219,39,122,46,1,64,244,219,88,88,128,128,0,21,198,
255,255,255,164,220,252,234,202,248,1,129,239,255,255,217,39,122,46,1,63,244,219,91,88,128,128,0,86,36,
255,255,255,164,220,252,234,202,248,1,129,239,255,255,217,39,122,46,1,63,244,218,90,88,128,128,0,106,53,
255,255,255,164,220,252,234,202,248,1,129,239,255,255,216,39,122,46,1,64,244,218,92,87,128,128,0,164,196,
255,255,255,165,221,252,234,202,248,1,129,239,255,255,215,39,122,46,1,67,231,184,77,83,128,128,0,183,103,
255,255,255,165,221,252,234,202,248,1,128,239,255,255,215,38,122,46,1,62,207,138,36,81,128,128,0,44,40,
255,255,255,165,221,252,234,202,248,1,128,239,255,255,213,35,123,45,1,72,178,7,1,75,128,128,0,173,158,
255,255,255,165,221,252,234,202,248,1,128,239,255,255,213,35,122,45,1,42,61,1,255,76,128,128,0,120,157,
255,255,255,165,221,252,235,202,248,1,129,239,255,255,214,37,121,45,1,33,1,1,255,81,128,128,0,128,143,
255,255,255,165,221,252,234,202,248,1,129,239,255,255,215,37,121,46,1,16,1,1,255,81,128,128,0,160,8,
255,255,255,165,221,252,235,202,248,1,129,238,255,255,216,37,122,46,1,1,1,1,255,80,128,128,0,171,62,
255,255,255,165,221,252,235,202,248,1,129,238,255,255,217,35,122,46,1,1,1,1,255,83,128,128,0,161,243,
255,255,255,165,221,252,234,202,248,1,128,238,255,255,217,37,123,46,1,1,1,1,255,82,128,128,0,237,186,
255,255,255,165,221,252,234,202,248,1,128,238,255,255,217,36,123,46,1,1,1,1,255,82,128,128,0,16,121,
255,255,255,165,222,251,234,202,248,1,128,238,255,255,217,35,123,46,1,1,24,1,255,83,128,128,0,14,140,
255,255,255,165,221,243,232,202,248,1,128,238,255,255,217,36,123,46,1,1,52,1,255,82,128,128,0,233,216,
255,255,255,165,221,236,230,202,248,1,128,238,255,255,217,36,123,46,1,4,99,1,255,82,128,128,0,78,65,
255,255,255,165,221,236,230,202,248,1,128,239,255,255,216,36,123,46,1,11,134,17,255,83,128,128,0,122,178,
255,255,255,165,221,237,231,202,248,1,128,238,255,255,216,36,123,45,1,16,153,27,255,82,128,128,0,36,24,
255,255,255,165,221,238,231,202,248,1,128,238,255,255,216,36,123,46,1,20,161,33,255,83,128,128,0,27,148,
255,255,255,166,221,238,231,202,248,1,128,238,255,255,216,36,123,46,1,28,184,45,255,83,128,128,0,118,192,
255,255,255,166,221,238,231,202,248,1,128,238,255,255,216,36,123,46,1,35,194,52,255,84,128,128,0,237,46,
255,255,255,166,222,238,231,202,247,1,128,238,255,255,216,36,123,46,1,40,200,56,255,83,128,128,0,4,213,
255,255,255,166,222,238,231,202,247,1,128,238,255,255,215,37,123,46,1,44,203,58,255,83,128,128,0,222,8,
255,255,255,166,222,238,231,202,247,1,128,238,255,255,215,36,123,46,1,43,202,57,255,84,128,128,0,115,170,
255,255,255,166,222,238,231,202,247,1,127,238,255,255,215,36,123,46,1,43,201,57,255,84,128,128,0,49,106,
255,255,255,166,222,238,231,202,247,1,128,238,255,255,215,36,123,46,1,46,206,60,255,84,128,128,0,246,0,
255,255,255,166,222,238,231,202,247,1,127,238,255,255,215,36,123,46,1,46,204,60,255,85,128,128,0,165,252,
255,255,255,166,222,238,231,202,247,1,127,238,255,255,214,35,124,46,1,54,214,71,255,85,128,128,0,249,226,
255,255,255,166,222,238,231,202,248,1,127,238,255,255,214,35,124,46,1,57,207,58,255,84,128,128,0,109,167,
255,255,255,166,222,238,231,202,247,1,127,238,255,255,215,35,124,46,1,45,148,1,255,85,128,128,0,215,126,
255,255,255,166,222,238,231,202,248,1,127,238,255,255,215,35,124,46,1,53,185,1,255,85,128,128,0,125,195,
255,255,255,166,222,238,231,203,248,1,127,238,255,255,215,35,124,46,1,53,169,1,255,87,128,128,0,80,107,
255,255,255,166,222,238,231,202,248,1,127,238,255,255,216,35,124,46,1,47,170,1,255,87,128,128,0,203,198,
255,255,255,166,222,238,231,202,248,1,127,238,255,255,215,34,125,46,1,34,109,1,255,87,128,128,0,81,163,
255,255,255,165,222,238,231,203,248,1,126,238,255,255,215,34,125,46,1,20,1,1,255,85,128,128,0,247,157,
255,255,255,166,222,238,231,202,248,1,126,238,255,255,212,32,125,45,1,1,1,1,255,88,128,128,0,225,39,
255,255,255,166,222,238,231,203,248,1,126,238,255,255,213,34,126,46,1,1,1,1,255,86,128,128,0,218,19,
255,255,255,166,222,238,231,203,248,1,126,238,255,255,213,34,126,46,11,1,1,1,255,87,128,128,0,165,79,
255,255,255,165,222,238,231,202,248,1,126,238,255,255,213,34,126,46,61,1,1,1,255,86,128,128,0,2,60,
255,255,255,166,222,238,231,202,248,1,126,238,255,255,213,34,126,46,76,1,1,1,255,85,128,128,0,142,213,
255,255,255,166,222,239,232,203,248,1,127,238,255,255,213,34,126,46,89,1,1,1,255,85,128,128,0,63,55,
255,255,255,166,222,239,232,203,248,1,127,238,255,255,213,33,126,46,94,1,1,1,255,85,128,128,0,29,3,
255,255,255,166,222,239,231,203,248,1,127,238,255,255,213,34,126,46,99,1,1,1,255,84,128,128,0,235,149,
255,255,255,166,222,235,230,203,248,1,127,238,255,255,213,33,126,46,98,1,1,1,255,85,128,128,0,182,223,
255,255,255,166,222,222,229,202,248,1,127,238,255,255,213,33,126,46,95,1,1,1,255,85,128,128,0,18,132,
255,255,255,166,222,221,229,202,248,1,126,238,255,255,212,33,126,46,91,1,1,1,255,84,128,128,0,1,188,
255,255,255,166,222,223,229,203,248,1,126,238,255,255,212,32,126,46,95,1,1,1,255,83,128,128,0,81,195,
255,255,255,166,222,224,229,203,248,1,126,238,255,255,211,32,126,46,96,1,1,1,255,83,128,128,0,195,34,
255,255,255,166,222,225,230,203,248,1,126,238,255,255,211,32,126,46,100,1,1,1,255,83,128,128,0,18,29,
255,255,255,166,222,226,230,203,248,1,126,238,255,255,211,32,126,46,105,1,1,1,255,83,128,128,0,57,152,
255,255,255,166,222,226,230,203,248,1,126,238,255,255,211,32,126,46,118,1,1,1,255,83,128,128,0,181,168,
255,255,255,166,222,226,230,203,248,1,126,238,255,255,211,32,126,46,121,1,1,1,255,83,128,128,0,244,88,
255,255,255,166,222,226,230,203,247,1,126,238,255,255,210,32,126,46,122,1,1,1,255,84,128,128,0,180,72,
255,255,255,166,222,226,230,203,247,1,126,238,255,255,210,32,126,46,119,1,1,1,255,84,128,128,0,236,216,
255,255,255,166,222,226,230,203,247,1,126,237,255,255,210,32,126,46,92,1,1,1,255,85,128,128,0,71,36,
255,255,255,166,222,226,230,203,247,1,126,237,255,255,210,32,127,46,82,1,1,1,255,83,128,128,0,15,48,
255,255,255,166,223,226,230,203,248,1,126,237,255,255,208,32,126,46,56,1,78,61,1,84,128,128,0,211,253,
255,255,255,166,222,226,230,203,248,1,126,237,255,255,207,33,127,46,22,1,130,122,1,84,128,128,0,27,27,
255,255,255,166,223,226,230,203,248,1,126,237,255,255,206,34,126,46,1,1,191,202,71,86,128,128,0,65,138,
255,255,255,166,223,226,230,203,247,1,126,237,255,255,206,35,126,47,1,1,218,222,101,86,128,128,0,116,140,
255,255,255,166,222,226,230,203,247,1,126,237,255,255,204,36,125,47,1,3,230,228,110,87,128,128,0,152,96,
255,255,255,166,222,226,230,203,248,1,126,237,255,255,204,36,125,47,1,6,231,226,110,88,128,128,0,28,248,
255,255,255,166,222,226,230,203,248,1,126,237,255,255,204,37,125,47,1,8,232,227,109,88,128,128,0,218,102,
255,255,255,166,222,226,230,203,248,1,126,237,255,255,203,37,125,47,1,8,231,227,109,88,128,128,0,46,33,
255,255,255,166,222,226,230,203,248,1,126,237,255,255,203,37,125,47,1,10,231,226,109,88,128,128,0,174,41,
255,255,255,166,222,226,230,203,248,1,126,237,255,255,203,37,125,47,1,19,237,229,112,88,128,128,0,40,250,
255,255,255,167,223,226,230,203,248,1,126,237,255,255,202,36,126,47,1,22,238,229,112,90,128,128,0,186,114,
255,255,255,167,223,226,230,203,248,1,126,237,255,255,202,37,125,47,1,25,239,229,113,90,128,128,0,37,181,
255,255,255,167,223,226,230,203,248,1,126,238,255,255,202,37,126,47,1,28,240,229,113,90,128,128,0,68,254,
255,255,255,167,223,226,230,203,248,1,126,238,255,255,201,37,126,47,1,28,240,230,113,91,128,128,0,64,242,
255,255,255,166,223,226,230,203,248,1,126,238,255,255,201,37,126,47,1,30,241,231,113,90,128,128,0,140,83,
255,255,255,166,223,226,230,203,248,1,126,237,255,255,201,36,126,47,1,33,241,230,113,91,128,128,0,114,24,
255,255,255,166,223,226,230,203,248,1,126,237,255,255,200,36,126,47,1,33,240,230,113,91,128,128,0,96,89,
255,255,255,166,223,226,230,203,247,1,126,237,255,255,200,36,126,47,1,35,240,230,113,91,128,128,0,182,149,
255,255,255,166,223,226,230,203,248,1,126,237,255,255,199,36,126,47,1,35,240,230,113,91,128,128,0,245,143,
255,255,255,167,223,226,230,203,248,1,126,238,255,255,197,35,126,47,1,35,240,230,114,91,128,128,0,94,98,
255,255,255,167,223,227,230,203,248,1,126,238,255,255,196,35,126,47,1,34,239,229,114,91,128,128,0,163,17,
255,255,255,167,223,227,230,203,248,1,126,237,255,255,196,35,126,47,1,34,239,229,115,92,128,128,0,223,84,
255,255,255,167,223,227,230,203,247,1,126,237,255,255,195,35,126,47,1,33,239,229,115,92,128,128,0,195,19,
255,255,255,167,223,226,230,203,247,1,126,237,255,255,195,34,126,47,1,32,238,230,115,92,128,128,0,63,35,
255,255,255,167,223,226,230,203,248,1,126,237,255,255,194,34,126,47,1,32,238,230,116,92,128,128,0,223,119,
255,255,255,167,223,227,230,203,248,1,126,238,255,255,192,34,126,47,1,35,239,231,117,92,128,128,0,36,204,
255,255,255,167,223,226,230,203,248,1,126,238,255,255,191,34,126,47,1,34,239,231,116,92,128,128,0,163,51,
255,255,255,167,223,227,230,203,248,1,125,238,255,255,190,35,126,47,1,35,239,232,116,92,128,128,0,189,126,
255,255,255,166,223,227,230,203,248,1,126,238,255,255,190,35,126,47,1,35,240,232,115,91,128,128,0,74,110,
255,255,255,167,223,227,230,203,248,1,126,237,255,255,189,35,126,47,1,35,240,232,115,92,128,128,0,83,189,
255,255,255,166,223,227,230,203,248,1,126,237,255,255,189,35,126,47,1,34,240,232,114,92,128,128,0,242,36,
255,255,255,167,223,227,230,203,248,1,126,237,255,255,189,35,126,47,1,33,241,234,113,92,128,128,0,186,134,
255,255,255,167,223,227,230,203,248,1,125,237,255,255,190,35,126,47,1,29,241,235,112,92,128,128,0,112,229,
255,255,255,167,223,227,230,203,248,1,125,237,255,255,191,36,126,47,40,25,240,235,107,94,128,128,0,0,183,
255,255,255,167,223,227,230,203,248,1,125,237,255,255,191,36,126,48,45,24,241,235,107,94,128,128,0,223,78,
255,255,255,167,223,227,230,203,248,1,125,237,255,255,192,36,127,48,71,25,241,237,107,95,128,128,0,102,121,
255,255,255,167,223,227,230,203,248,1,125,237,255,255,191,36,127,47,71,24,241,236,105,95,128,128,0,69,62,
255,255,255,167,223,227,230,203,248,1,125,237,255,255,192,36,127,48,71,23,240,236,106,95,128,128,0,203,36,
255,255,255,167,223,227,230,203,248,1,125,237,255,255,192,36,127,48,72,23,241,236,106,95,128,128,0,154,20,
255,255,255,167,223,227,230,203,248,1,125,238,255,255,192,36,127,48,73,22,241,237,105,95,128,128,0,83,104,
255,255,255,167,223,227,230,203,248,1,125,238,255,255,192,36,127,48,72,23,240,237,105,95,128,128,0,143,244,
255,255,255,167,223,227,230,203,248,1,125,238,255,255,192,36,127,48,72,22,241,238,106,95,128,128,0,26,203,
255,255,255,167,223,227,230,203,248,1,126,238,255,255,192,36,127,48,70,21,240,238,105,95,128,128,0,178,142,
255,255,255,167,223,227,230,203,248,1,125,238,255,255,192,36,127,48,71,22,240,238,105,95,128,128,0,15,251,
255,255,255,167,223,227,230,203,248,1,125,238,255,255,192,35,127,48,70,22,240,239,105,95,128,128,0,246,113,
255,255,255,167,223,227,230,204,248,1,125,238,255,255,192,35,127,48,70,22,240,239,105,95,128,128,0,67,198,
255,255,255,167,223,227,230,203,247,1,125,238,255,255,192,35,127,47,68,22,240,239,105,95,128,128,0,137,161,
255,255,255,167,223,227,230,203,247,1,125,238,255,255,192,35,127,47,67,22,240,239,106,95,128,128,0,235,145,
255,255,255,167,223,227,230,204,247,1,125,238,255,255,191,35,127,47,66,22,240,240,106,95,128,128,0,250,230,
255,255,255,167,223,227,230,204,247,1,125,238,255,255,191,35,127,47,66,22,239,240,107,95,128,128,0,41,231,
255,255,255,167,223,227,230,204,248,1,125,238,255,255,191,35,127,47,65,23,239,240,107,95,128,128,0,171,206,
255,255,255,167,223,227,230,204,247,1,125,238,255,255,191,35,127,47,64,23,240,240,108,95,128,128,0,170,74,
255,255,255,167,223,227,230,204,247,1,125,238,255,255,190,34,127,47,60,24,240,241,109,95,128,128,0,25,155,
255,255,255,167,223,227,230,204,247,1,125,237,255,255,190,35,127,47,61,24,240,241,109,95,128,128,0,169,57,
255,255,255,167,223,227,230,204,247,1,125,238,255,255,190,34,127,47,62,25,240,242,111,95,128,128,0,184,196,
255,255,255,167,223,227,230,204,247,1,125,238,255,255,189,34,127,47,62,25,240,242,111,95,128,128,0,189,7,
255,255,255,167,223,227,230,204,248,1,125,238,255,255,188,34,127,48,62,26,239,242,112,95,128,128,0,226,32,
255,255,255,167,223,227,230,204,248,1,125,238,255,255,188,34,127,48,61,27,239,242,113,95,128,128,0,10,220,
255,255,255,167,223,227,230,204,248,1,125,238,255,255,187,34,127,48,60,26,239,242,114,95,128,128,0,137,199,
255,255,255,167,223,227,230,204,248,1,125,238,255,255,186,34,127,48,60,27,239,242,114,95,128,128,0,74,138,
255,255,255,167,223,227,230,204,248,1,125,238,253,255,185,34,127,48,58,27,239,242,115,95,128,128,0,219,40,
255,255,255,167,223,227,230,204,248,1,125,238,252,255,184,33,128,48,57,28,239,241,116,95,128,128,0,207,95,
255,255,255,167,223,227,230,204,248,1,124,238,251,255,180,34,128,49,56,27,239,243,116,95,128,128,0,208,84,
255,255,255,167,223,227,230,204,248,1,124,238,250,255,178,34,128,49,55,31,238,243,117,95,128,128,0,117,145,
255,255,255,167,223,227,230,204,248,1,124,238,250,255,175,35,128,49,55,33,240,244,119,95,128,128,0,161,97,
255,255,255,167,223,227,230,204,248,1,124,238,249,255,173,36,128,50,55,32,238,243,118,96,128,128,0,239,72,
255,255,255,167,223,227,230,204,248,1,124,237,249,255,172,36,128,50,54,32,238,243,119,96,128,128,0,157,104,
255,255,255,167,223,227,230,204,248,1,124,237,249,255,169,36,128,50,54,32,238,243,119,96,128,128,0,145,109,
255,255,255,167,223,227,230,204,248,1,124,237,248,255,166,37,128,51,54,33,238,243,120,97,128,128,0,124,85,
255,255,255,167,223,227,230,204,248,1,124,238,249,255,165,37,128,52,54,34,238,243,120,97,128,128,0,9,168,
255,255,255,167,223,227,230,204,248,1,124,238,248,255,162,38,128,52,53,33,237,243,120,97,128,128,0,160,14,
255,255,255,167,223,227,230,204,248,1,124,238,248,255,161,38,128,53,53,33,237,243,120,98,128,128,0,244,76,
255,255,255,167,223,227,230,204,248,1,123,237,248,255,159,38,128,54,52,32,237,243,121,98,128,128,0,80,97,
255,255,255,167,223,227,230,204,248,1,123,237,247,255,160,38,128,54,52,33,237,243,121,98,128,128,0,139,86,
255,255,255,167,223,227,230,204,248,1,123,237,247,255,155,38,129,56,52,33,235,243,122,99,128,128,0,150,216,
255,255,255,167,223,227,230,204,248,1,123,237,247,255,154,39,129,56,53,36,237,245,123,100,128,128,0,254,231,
255,255,255,167,223,227,230,204,248,1,123,237,246,255,150,39,129,57,52,34,235,243,123,100,128,128,0,148,50,
255,255,255,167,223,227,230,204,248,1,123,237,245,255,147,40,130,59,52,34,236,241,124,101,128,128,0,162,178,
255,255,255,167,223,227,230,204,247,1,123,237,244,255,146,40,130,59,52,34,236,241,125,101,128,128,0,11,230,
255,255,255,167,223,227,230,204,247,1,123,237,242,255,145,41,131,60,52,35,236,243,126,101,128,128,0,68,236,
255,255,255,167,223,227,230,204,247,1,123,237,241,255,143,41,131,61,52,35,236,244,126,101,128,128,0,127,129,
255,255,255,167,223,227,230,204,248,1,123,237,239,255,138,42,131,62,52,35,236,244,127,103,128,128,0,114,234,
255,255,255,167,223,227,230,204,248,1,122,237,238,255,138,42,131,62,52,35,236,244,127,103,128,128,0,226,122,
255,255,255,166,223,228,230,204,248,1,122,237,236,255,135,43,132,65,53,36,234,244,128,103,128,128,0,243,139,
255,255,255,166,223,228,230,204,248,1,122,237,235,255,134,43,132,65,52,36,235,244,129,103,128,128,0,150,152,
255,255,255,166,223,228,230,204,248,1,122,237,233,255,131,44,132,66,52,36,235,244,129,104,128,128,0,30,76,
255,255,255,166,223,228,230,204,248,1,122,237,230,255,130,45,133,67,52,36,235,244,130,105,128,128,0,190,207,
255,255,255,166,223,228,230,204,247,1,122,237,228,255,128,46,134,69,52,36,235,245,131,105,128,128,0,187,215,
255,255,255,166,223,228,230,204,247,1,122,237,226,255,126,47,135,70,52,37,235,245,132,105,128,128,0,22,150,
255,255,255,166,223,228,230,204,248,1,121,237,224,255,122,48,136,72,52,37,234,245,132,106,128,128,0,169,120,
255,255,255,166,223,228,230,204,248,1,121,237,224,255,120,49,137,73,52,35,234,245,132,107,128,128,0,135,22,
255,255,255,166,223,228,230,204,248,1,121,237,224,255,116,50,139,75,51,32,234,245,133,109,128,128,0,99,193,
255,255,255,166,223,228,230,204,248,1,121,236,224,255,114,51,139,75,51,35,234,245,134,109,128,128,0,82,65,
255,255,255,166,223,228,230,204,248,1,121,236,225,255,110,51,141,77,51,38,234,245,134,111,128,128,0,131,13,
255,255,255,166,223,228,230,204,248,1,121,236,226,255,109,52,143,79,50,39,234,243,135,111,128,128,0,107,140,
255,255,255,166,223,228,230,204,248,1,121,236,227,255,106,53,145,81,51,39,234,246,136,113,128,128,0,3,172,
255,255,255,166,223,228,230,204,248,1,121,236,227,255,105,54,147,82,51,39,234,246,138,113,128,128,0,128,28,
255,255,255,166,223,228,230,204,248,1,120,236,228,255,104,54,151,84,51,40,234,246,139,115,128,128,0,29,24,
255,255,255,166,223,228,230,204,248,1,120,236,228,255,104,55,152,84,50,40,233,246,139,115,128,128,0,238,95,
255,255,255,166,223,228,230,204,248,1,120,236,228,255,103,57,158,87,50,41,234,247,142,116,128,128,0,195,105,
255,255,255,166,223,228,230,204,248,1,120,236,228,255,102,56,158,87,50,41,233,247,143,116,128,128,0,50,235,
255,255,255,166,223,228,230,204,248,1,120,236,228,255,103,57,166,90,50,42,234,248,145,118,128,128,0,83,99,
255,255,255,166,223,228,230,204,248,1,119,235,229,255,103,57,169,91,50,43,234,248,146,118,128,128,0,1,191,
255,255,255,166,223,228,230,204,248,1,119,235,229,255,103,59,173,93,49,42,234,249,148,118,128,128,0,81,186,
255,255,255,166,223,228,230,204,248,1,119,235,229,255,102,59,175,94,50,43,234,249,149,118,128,128,0,64,112,
255,255,255,166,223,228,230,204,248,1,119,235,230,255,103,60,178,96,49,44,234,249,151,119,128,128,0,215,119,
255,255,255,166,223,228,230,204,247,1,119,234,231,255,102,61,181,97,49,45,234,251,152,119,128,128,0,160,46,
255,255,255,166,223,228,230,204,247,1,119,234,232,255,102,62,182,98,50,47,236,251,153,118,128,128,0,219,112,
255,255,255,166,223,228,230,204,247,1,119,234,233,255,102,62,183,98,50,48,237,252,154,118,128,128,0,10,183,
255,255,255,166,223,228,230,205,248,1,119,234,237,255,101,63,185,99,49,46,234,251,155,119,128,128,0,38,102,
255,255,255,166,223,229,230,204,248,1,118,234,242,255,101,65,187,100,49,45,234,251,155,118,128,128,0,150,192,
255,255,255,166,223,229,230,204,248,1,118,234,246,255,101,65,187,100,48,45,234,251,156,118,128,128,0,42,147,
255,255,255,166,223,229,230,204,248,1,118,234,253,255,99,66,187,101,48,44,234,251,156,119,128,128,0,253,163,
255,255,255,166,223,228,230,204,247,1,118,234,255,255,99,66,187,101,47,43,234,251,155,119,128,128,0,128,109,
255,255,255,166,223,229,230,205,248,1,118,234,255,255,99,67,187,101,48,42,234,252,156,119,128,128,0,62,45,
255,255,255,166,223,229,230,205,248,1,118,234,255,255,99,68,187,101,46,42,234,252,156,119,128,128,0,74,70,
255,255,255,166,223,229,230,205,248,1,118,234,255,255,100,67,187,101,46,42,234,252,157,119,128,128,0,137,10,
255,255,255,166,223,229,230,205,248,1,118,233,255,255,99,68,187,101,46,42,234,253,157,119,128,128,0,54,166,
255,255,255,167,223,228,230,205,248,1,118,233,255,255,99,69,189,101,46,42,235,253,158,118,128,128,0,13,136,
255,255,255,166,223,228,230,205,248,1,118,233,255,255,99,69,190,101,46,42,235,253,159,118,128,128,0,98,153,
255,255,255,166,223,229,230,205,247,1,118,232,255,255,99,70,191,101,45,44,235,254,160,117,128,128,0,164,128,
255,255,255,166,223,229,230,205,247,1,118,232,255,255,98,70,191,102,45,44,235,254,161,117,128,128,0,107,206,
255,255,255,166,223,229,230,205,248,1,119,232,255,255,97,71,191,102,45,44,234,254,162,117,128,128,0,193,139,
255,255,255,166,223,229,230,205,247,1,119,232,255,255,96,72,191,103,45,45,234,254,162,117,128,128,0,16,2,
255,255,255,166,223,229,230,205,247,1,119,232,255,255,94,74,192,103,45,45,233,253,163,117,128,128,0,42,157,
255,255,255,166,223,229,230,205,247,1,119,232,255,255,93,75,192,104,45,45,233,254,163,117,128,128,0,226,158,
255,255,255,166,223,229,230,205,247,1,119,232,255,255,91,76,193,105,44,45,235,255,164,118,128,128,0,209,175,
255,255,255,166,223,229,230,205,247,1,119,232,255,255,92,77,194,105,44,45,235,255,164,117,128,128,0,40,43,
255,255,255,166,223,229,230,205,247,1,119,232,255,255,88,78,196,107,44,46,234,255,163,119,128,128,0,121,68,
255,255,255,166,223,229,230,205,247,1,119,232,255,255,87,79,196,107,44,46,234,255,162,119,128,128,0,173,72,
255,255,255,166,223,229,230,205,247,1,119,232,255,255,86,81,198,109,44,46,234,255,166,120,128,128,0,158,146,
255,255,255,166,223,229,230,205,247,1,119,232,255,255,85,82,199,110,44,45,234,255,166,120,128,128,0,43,179,
255,255,255,165,223,229,230,205,247,1,119,232,255,255,84,83,200,112,44,47,235,255,167,120,128,128,0,204,163,
255,255,255,165,223,229,230,205,248,1,120,232,255,255,84,84,200,113,44,47,235,255,167,120,128,128,0,10,75,
255,255,255,165,223,229,230,205,247,1,120,232,255,255,84,85,201,115,44,46,234,255,166,120,128,128,0,233,103,
255,255,255,165,223,229,230,205,247,1,120,232,255,255,84,86,200,116,44,46,235,255,166,120,128,128,0,72,133,
255,255,255,165,223,229,230,205,247,1,120,232,255,255,84,87,200,118,44,46,233,255,166,120,128,128,0,55,76,
255,255,255,165,223,229,230,205,247,1,120,232,255,255,84,87,201,119,44,46,233,255,166,120,128,128,0,98,117,
255,255,255,164,223,229,230,205,248,1,120,232,255,255,83,88,202,120,44,48,236,255,168,120,128,128,0,244,147,
255,255,255,164,223,229,230,205,248,1,120,232,255,255,84,89,202,121,44,47,235,255,168,120,128,128,0,100,94,
255,255,255,164,223,229,230,205,248,1,119,232,255,255,85,89,203,123,44,48,235,255,169,119,128,128,0,137,130,
255,255,255,164,223,229,230,205,248,1,119,232,255,255,86,89,203,125,44,48,235,255,170,118,128,128,0,41,162,
255,255,255,164,223,229,230,205,248,1,119,232,255,255,86,89,202,125,44,49,235,255,170,118,128,128,0,236,146,
255,255,255,164,223,229,230,205,248,1,119,232,254,255,86,89,201,127,44,47,235,255,170,117,128,128,0,3,216,
255,255,255,164,223,229,230,205,248,1,119,232,254,255,86,89,201,128,44,48,235,255,170,117,128,128,0,119,103,
255,255,255,164,223,229,230,205,248,1,119,232,253,255,85,89,201,129,44,49,235,255,170,117,128,128,0,161,172,
255,255,255,164,223,229,230,205,248,1,119,232,253,255,85,90,201,129,43,49,234,255,171,117,128,128,0,174,152,
255,255,255,164,223,229,230,205,248,1,119,232,252,255,85,91,202,130,42,48,233,255,171,117,128,128,0,146,76,
255,255,255,164,222,229,230,205,248,1,119,232,252,255,84,91,203,131,43,48,232,255,172,117,128,128,0,160,248,
255,255,255,164,223,229,230,205,248,1,119,232,251,255,84,92,205,131,41,45,230,255,173,117,128,128,0,202,208,
255,255,255,164,223,229,230,205,248,1,119,232,251,255,83,93,206,132,40,44,229,255,173,116,128,128,0,124,106,
255,255,255,164,223,229,230,205,248,1,119,232,250,255,84,93,208,133,38,42,227,255,174,115,128,128,0,104,254,
255,255,255,164,223,229,230,205,248,1,119,231,250,255,84,93,209,134,37,41,226,255,175,114,128,128,0,161,224,
255,255,255,164,223,229,230,205,248,1,119,231,250,255,84,93,211,135,34,37,223,255,175,113,128,128,0,49,127,
255,255,255,164,223,229,230,205,248,1,119,231,250,255,84,93,211,135,33,37,223,255,176,113,128,128,0,176,77,
255,255,255,164,223,229,230,205,248,1,119,231,250,255,83,94,212,136,31,34,220,255,175,113,128,128,0,106,15,
255,255,255,164,223,229,230,205,248,1,119,231,250,255,82,95,212,136,30,32,217,254,175,113,128,128,0,77,213,
255,255,255,164,223,229,230,205,248,1,119,231,250,255,82,95,213,136,29,32,217,254,176,113,128,128,0,200,27,
255,255,255,164,223,229,230,205,249,1,119,231,249,255,82,95,213,136,29,34,218,255,178,113,128,128,0,124,46,
255,255,255,164,223,229,230,205,248,1,119,231,250,255,81,95,216,136,29,36,217,255,180,111,128,128,0,1,190,
255,255,255,164,223,229,230,205,249,1,119,231,250,255,81,95,217,136,28,36,218,254,181,111,128,128,0,58,63,
255,255,255,164,223,229,230,206,249,1,118,231,250,255,82,96,219,137,26,38,218,255,182,111,128,128,0,203,222,
255,255,255,164,223,229,230,206,249,1,118,231,250,255,82,96,219,137,26,37,219,255,183,111,128,128,0,166,203,
255,255,255,164,223,229,230,205,249,1,118,231,250,255,83,96,220,137,26,38,218,255,182,110,128,128,0,150,228,
255,255,255,164,223,229,230,205,249,1,118,231,250,255,83,96,220,137,26,38,219,255,182,110,128,128,0,134,36,
255,255,255,164,223,229,230,205,249,1,118,231,248,255,83,96,221,136,26,38,219,255,182,109,128,128,0,81,88,
255,255,255,164,223,229,230,205,249,1,118,231,248,255,83,96,221,136,27,38,219,255,183,109,128,128,0,97,8,
255,255,255,164,223,229,230,206,249,1,118,231,247,255,84,97,223,136,26,39,219,255,183,108,128,128,0,90,163,
255,255,255,164,223,229,230,205,249,1,118,231,247,255,84,97,223,136,26,39,219,255,184,108,128,128,0,74,145,
255,255,255,164,223,229,230,205,249,1,118,231,247,255,84,96,225,136,27,39,219,255,185,108,128,128,0,76,234,
255,255,255,164,223,229,230,205,249,1,118,231,247,255,84,96,225,135,27,39,218,255,185,108,128,128,0,108,26,
255,255,255,164,223,229,230,205,249,1,118,231,247,255,84,97,227,135,27,40,218,255,185,107,128,128,0,219,85,
255,255,255,164,223,229,230,205,249,1,118,231,247,255,84,98,228,135,27,40,218,255,185,107,128,128,0,197,37,
255,255,255,164,223,229,230,205,249,1,117,231,249,255,85,98,228,135,27,39,218,255,185,108,128,128,0,248,100,
255,255,255,164,223,229,230,205,249,1,117,231,250,255,85,98,230,135,27,38,218,255,184,108,128,128,0,76,209,
255,255,255,164,223,229,230,205,249,1,116,231,251,255,85,99,232,134,28,39,218,255,186,108,128,128,0,218,147,
255,255,255,164,223,229,230,205,249,1,116,231,252,255,86,99,233,134,28,40,218,255,187,107,128,128,0,224,90,
255,255,255,164,223,229,230,205,249,1,116,231,252,255,86,99,234,134,28,40,219,255,188,106,128,128,0,75,226,
255,255,255,164,223,229,230,205,249,1,116,231,251,255,86,100,235,134,28,41,218,255,188,105,128,128,0,44,159,
255,255,255,164,223,229,230,205,249,1,116,231,251,255,87,99,235,134,28,41,219,255,189,105,128,128,0,246,213,
255,255,255,164,223,229,230,205,249,1,116,231,251,255,87,100,235,134,29,41,218,255,190,104,128,128,0,91,178,
255,255,255,164,223,229,230,205,249,1,116,231,251,255,87,101,236,134,28,41,218,255,190,104,128,128,0,177,149,
255,255,255,164,223,229,230,205,249,1,116,231,251,255,87,101,237,134,29,42,218,255,190,104,128,128,0,248,236,
255,255,255,164,223,229,230,205,249,1,116,231,251,255,87,101,237,134,30,42,218,255,191,104,128,128,0,209,220,
255,255,255,164,223,229,230,205,249,1,116,231,251,255,87,102,238,134,29,42,218,255,191,103,128,128,0,205,120,
255,255,255,164,223,229,230,205,249,1,116,231,251,255,87,102,239,134,30,42,218,255,191,103,128,128,0,221,116,
255,255,255,164,223,229,230,205,249,1,116,231,251,255,88,103,239,133,30,42,218,255,192,103,128,128,0,209,125,
255,255,255,164,223,229,230,205,249,1,115,231,251,255,88,103,239,133,30,42,218,255,192,102,128,128,0,98,176,
255,255,255,164,223,229,230,205,249,1,115,231,250,255,89,103,239,133,30,42,218,255,193,102,128,128,0,156,241,
255,255,255,164,223,229,230,205,249,1,115,231,250,255,89,103,239,133,30,42,219,255,193,102,128,128,0,140,49,
255,255,255,164,223,229,230,206,249,1,115,231,250,255,88,105,243,133,30,43,218,255,194,101,128,128,0,221,140,
255,255,255,164,223,229,230,205,249,1,115,231,250,255,88,105,243,133,31,42,218,255,194,101,128,128,0,85,227,
255,255,255,164,223,229,230,205,249,1,115,231,249,255,88,106,243,132,31,43,219,255,194,101,128,128,0,146,47,
255,255,255,164,223,229,230,205,249,1,115,231,250,255,89,106,244,132,31,43,219,255,195,100,128,128,0,245,231,
255,255,255,164,223,229,230,205,249,1,115,231,250,255,90,106,244,132,31,43,218,255,195,100,128,128,0,224,228,
255,255,255,164,223,229,230,205,249,1,115,231,250,255,89,107,245,132,31,43,218,255,195,100,128,128,0,28,24,
255,255,255,164,223,229,230,205,249,1,115,231,250,255,90,107,245,132,32,43,218,255,196,99,128,128,0,184,158,
255,255,255,164,223,229,230,205,249,1,115,231,250,255,90,107,245,132,32,43,218,255,196,99,128,128,0,184,158,
255,255,255,164,223,229,230,205,249,1,115,231,249,255,91,108,247,132,32,43,218,255,196,98,128,128,0,6,145,
255,255,255,164,223,229,230,205,249,1,115,231,249,255,91,108,247,132,32,43,218,255,196,98,128,128,0,6,145,
255,255,255,164,223,229,230,205,249,1,115,231,249,255,91,109,247,132,33,43,218,255,197,98,128,128,0,203,2,
255,255,255,164,223,229,230,205,249,1,115,231,249,255,91,109,248,131,33,43,218,255,197,98,128,128,0,74,204,
255,255,255,164,223,229,230,206,249,1,115,231,249,255,92,109,248,131,33,43,218,255,197,98,128,128,0,5,184,
255,255,255,164,223,229,230,206,249,1,115,230,249,255,91,109,248,131,33,43,218,255,197,97,128,128,0,207,43,
255,255,255,164,223,229,230,206,249,1,115,230,248,255,91,109,248,131,33,43,218,255,198,97,128,128,0,74,43,
255,255,255,164,223,229,230,206,249,1,115,231,248,255,91,109,248,131,33,43,218,255,198,97,128,128,0,139,187,
255,255,255,164,223,229,230,205,249,1,115,230,248,255,92,109,248,131,34,43,218,255,198,97,128,128,0,17,175,
255,255,255,164,223,229,230,206,249,1,115,230,247,255,92,109,247,132,34,43,218,255,198,97,128,128,0,155,86,
255,255,255,164,223,229,230,206,249,1,115,230,247,255,92,109,247,132,34,43,218,255,198,97,128,128,0,155,86,
255,255,255,164,223,229,230,206,249,1,115,230,247,255,92,109,246,132,34,43,218,255,198,96,128,128,0,158,86,
255,255,255,164,223,229,230,206,249,1,115,230,247,255,92,109,245,132,35,43,218,255,198,96,128,128,0,156,130,
255,255,255,164,223,229,230,206,249,1,115,230,246,255,92,109,244,133,35,44,218,255,199,96,128,128,0,116,157,
255,255,255,164,223,229,230,206,249,1,115,230,246,255,91,109,243,133,35,43,218,255,199,96,128,128,0,36,72,
255,255,255,164,223,229,230,206,249,1,115,230,246,255,91,108,242,134,35,44,217,255,199,96,128,128,0,95,158,
255,255,255,164,223,229,230,206,249,1,115,230,246,255,91,108,241,135,35,44,217,255,198,96,128,128,0,60,223,
255,255,255,164,223,229,230,206,249,1,115,230,245,255,91,109,240,135,35,44,218,255,198,96,128,128,0,181,225,
255,255,255,164,223,229,230,206,249,1,115,230,245,255,90,109,239,136,35,44,218,255,198,96,128,128,0,227,132,
255,255,255,164,223,229,230,206,249,1,114,230,245,255,90,109,239,136,35,44,218,255,199,97,128,128,0,142,40,
255,255,255,164,223,229,230,206,249,1,114,230,245,255,89,109,239,136,35,44,218,255,199,96,128,128,0,138,23,
255,255,255,164,223,229,230,206,249,1,114,230,245,255,88,109,238,137,35,45,218,255,199,97,128,128,0,29,159,
255,255,255,164,223,229,230,206,249,1,114,230,245,255,87,109,238,137,36,45,218,255,199,97,128,128,0,47,160,
255,255,255,164,223,229,230,206,249,1,114,231,245,255,87,109,238,137,36,45,218,255,199,97,128,128,0,238,48,
255,255,255,164,223,229,230,206,249,1,114,231,245,255,86,109,238,137,36,45,218,255,199,97,128,128,0,236,177,
255,255,255,163,223,229,230,206,249,1,114,231,245,255,87,109,239,136,36,44,217,255,200,97,128,128,0,139,238,
255,255,255,163,223,229,230,206,249,1,114,231,245,255,87,110,239,136,36,45,217,255,200,96,128,128,0,79,218,
255,255,255,163,223,229,230,206,249,1,114,231,245,255,86,110,241,135,37,45,217,255,200,96,128,128,0,16,211,
255,255,255,163,223,229,230,206,249,1,114,231,245,255,86,110,241,134,37,45,217,255,200,96,128,128,0,65,22,
255,255,255,164,223,229,230,206,249,1,114,231,245,255,86,111,243,133,37,44,217,255,200,96,128,128,0,16,132,
255,255,255,164,223,229,230,206,249,1,114,231,245,255,85,111,244,133,37,45,217,255,201,96,128,128,0,243,63,
255,255,255,163,223,229,230,206,249,1,114,231,245,255,85,112,245,131,37,45,217,255,202,95,128,128,0,28,9,
255,255,255,163,223,229,230,206,249,1,114,231,245,255,85,112,246,131,37,45,217,255,202,95,128,128,0,19,77,
255,255,255,164,223,229,230,206,249,1,114,232,245,255,85,112,246,130,37,45,217,255,203,95,128,128,0,172,150,
255,255,255,163,223,229,230,206,249,1,114,232,245,255,85,112,246,130,37,45,217,255,203,95,128,128,0,58,188,
255,255,255,164,223,229,230,205,250,1,114,232,244,255,85,112,246,130,37,45,217,255,203,94,128,128,0,108,29,
255,255,255,164,223,229,230,205,250,1,114,232,244,255,85,111,245,130,38,45,217,255,203,94,128,128,0,162,66,
255,255,255,164,223,229,230,205,250,1,114,232,244,255,85,111,245,130,38,45,217,255,204,95,128,128,0,22,126,
255,255,255,163,223,229,230,205,250,1,114,232,243,255,85,111,245,130,38,45,217,255,204,95,128,128,0,199,86,
255,255,255,163,223,229,230,205,250,1,114,232,242,255,85,110,244,130,39,44,217,255,204,94,128,128,0,50,201,
255,255,255,163,223,229,230,205,250,1,114,232,242,255,85,110,244,130,38,45,217,255,204,94,128,128,0,254,149,
255,255,255,163,223,229,230,205,250,1,114,232,241,255,84,109,243,130,38,45,217,255,204,94,128,128,0,161,101,
255,255,255,163,223,229,230,205,250,1,114,233,240,255,84,108,242,130,38,45,217,255,205,93,128,128,0,101,78,
255,255,255,163,223,229,230,205,250,1,114,233,240,255,84,108,241,130,38,45,217,255,205,93,128,128,0,106,10,
255,255,255,163,223,229,229,205,250,1,113,233,240,255,84,107,240,130,38,45,217,255,205,93,128,128,0,88,254,
255,255,255,163,223,229,229,205,250,1,113,233,239,255,84,107,239,130,38,45,217,255,205,93,128,128,0,99,34,
255,255,255,163,223,229,229,205,250,1,113,234,238,255,82,105,237,130,38,46,217,255,205,93,128,128,0,89,127,
255,255,255,163,223,229,229,205,250,1,113,234,237,255,82,105,236,130,38,46,217,255,206,93,128,128,0,90,130,
255,255,255,163,223,229,229,205,250,1,113,234,236,255,82,104,234,129,37,46,217,255,206,93,128,128,0,156,54,
255,255,255,163,223,229,229,205,250,1,113,234,236,255,82,104,234,129,38,45,217,255,206,93,128,128,0,200,211,
255,255,255,163,223,229,229,205,250,1,113,235,236,255,82,103,232,129,38,46,217,255,206,93,128,128,0,86,250,
255,255,255,163,223,229,230,205,250,1,113,235,236,255,82,102,232,129,38,46,217,255,206,92,128,128,0,153,246,
255,255,255,163,223,229,229,205,250,1,113,235,235,255,81,101,231,128,38,46,217,255,207,93,128,128,0,177,237,
255,255,255,163,223,229,229,205,250,1,113,235,235,255,81,101,230,128,38,46,217,255,207,93,128,128,0,181,17,
255,255,255,163,223,229,230,205,250,1,113,235,235,255,82,101,230,128,38,46,217,255,207,92,128,128,0,130,29,
255,255,255,163,223,229,230,205,250,1,113,235,235,255,82,101,230,127,38,46,217,255,207,92,128,128,0,183,238,
255,255,255,163,223,229,230,205,250,1,113,234,236,255,82,101,231,127,38,46,217,255,208,91,128,128,0,161,54,
255,255,255,163,223,229,230,205,250,1,113,234,236,255,82,102,231,126,38,46,217,255,208,91,128,128,0,244,247,
255,255,255,163,223,229,230,205,250,1,113,234,237,255,82,102,232,126,37,46,217,255,209,91,128,128,0,44,211,
255,255,255,163,223,229,230,205,250,1,113,234,237,255,82,103,233,126,38,46,217,255,209,91,128,128,0,193,28,
255,255,255,163,223,229,230,205,250,1,113,234,238,255,82,104,234,125,38,45,217,255,210,91,128,128,0,109,87,
255,255,255,164,223,229,230,205,250,1,113,234,238,255,82,104,235,125,38,46,217,255,210,91,128,128,0,191,148,
255,255,255,163,223,229,229,205,250,1,113,234,238,255,83,104,235,125,38,46,217,255,211,90,128,128,0,36,48,
255,255,255,163,223,229,230,205,250,1,113,234,239,255,82,104,236,125,38,46,217,255,211,90,128,128,0,206,246,
255,255,255,163,223,229,230,205,250,1,113,234,239,255,82,105,236,125,38,46,217,255,211,90,128,128,0,51,53,
255,255,255,163,223,229,230,205,250,1,113,234,239,255,82,105,236,125,38,46,217,255,212,90,128,128,0,134,245,
255,255,255,163,222,229,230,205,250,1,113,234,239,255,83,105,236,125,38,46,218,255,212,90,128,128,0,122,232,
255,255,255,163,223,229,230,205,250,1,113,234,239,255,83,105,236,125,39,46,218,255,212,90,128,128,0,186,228,
255,255,255,163,223,229,230,205,250,1,113,234,240,255,83,105,236,125,38,46,218,255,213,89,128,128,0,213,248,
255,255,255,163,222,229,230,205,250,1,113,233,240,255,83,106,237,126,38,46,218,255,213,89,128,128,0,168,98,
255,255,255,163,222,229,230,205,250,1,113,233,240,255,83,106,237,126,39,46,218,255,213,89,128,128,0,165,242,
255,255,255,163,223,229,230,205,250,1,113,233,240,255,83,106,237,126,39,46,218,255,214,89,128,128,0,44,110,
255,255,255,163,223,229,230,205,250,1,113,233,240,255,83,107,238,126,39,46,218,255,214,89,128,128,0,222,233,
255,255,255,163,223,229,230,205,250,1,113,233,241,255,84,107,239,126,39,46,218,255,214,88,128,128,0,17,174,
255,255,255,163,223,229,230,205,250,1,113,233,241,255,84,107,239,126,39,46,218,255,215,88,128,128,0,44,110,
255,255,255,163,223,229,230,205,250,1,113,233,242,255,84,107,239,126,40,47,218,255,215,89,128,128,0,238,175,
255,255,255,163,223,229,230,205,250,1,113,233,242,255,84,108,240,127,40,46,218,255,215,88,128,128,0,238,69,
255,255,255,163,223,229,230,205,250,1,114,233,242,255,84,109,241,127,39,47,218,255,216,88,128,128,0,51,183,
255,255,255,163,223,229,230,205,250,1,114,232,242,255,84,109,241,127,39,47,218,255,216,88,128,128,0,242,39,
255,255,255,163,223,229,230,205,250,1,114,232,242,255,85,110,242,128,39,47,218,255,216,88,128,128,0,206,21,
255,255,255,163,223,229,230,205,250,1,114,232,243,255,85,110,242,128,39,47,218,255,216,88,128,128,0,15,21,
255,255,255,163,223,229,230,205,250,1,113,232,242,255,85,111,243,128,39,46,218,255,217,87,128,128,0,56,194,
255,255,255,163,223,229,230,205,250,1,113,232,242,255,85,110,242,128,39,46,218,255,217,87,128,128,0,193,253,
255,255,255,163,223,229,230,205,250,1,113,232,242,255,85,109,241,129,40,47,218,255,217,87,128,128,0,27,68,
255,255,255,163,223,229,230,205,250,1,113,233,242,255,85,107,240,129,40,48,218,255,218,87,128,128,0,211,108,
255,255,255,163,223,229,229,205,251,1,113,233,242,255,86,107,236,130,40,48,219,255,218,87,128,128,0,83,63,
255,255,255,163,223,229,229,205,251,1,113,233,242,255,85,107,235,131,40,48,218,255,218,87,128,128,0,13,141,
255,255,255,163,223,229,229,205,251,1,112,234,241,255,85,106,231,132,41,49,222,255,220,87,128,128,0,45,56,
255,255,255,163,223,229,230,205,251,1,112,234,241,255,85,105,230,133,41,53,222,255,220,88,128,128,0,77,209,
255,255,255,164,223,229,229,205,251,1,112,234,240,255,86,105,227,135,38,52,220,255,217,87,128,128,0,240,229,
255,255,255,164,223,229,229,205,251,1,112,234,240,255,86,105,225,136,38,52,221,255,219,87,128,128,0,162,109,
255,255,255,163,223,229,229,205,251,1,111,234,239,255,83,105,223,137,38,53,221,255,219,88,128,128,0,7,137,
255,255,255,164,223,229,230,205,251,1,111,234,239,255,83,105,223,137,38,54,221,255,220,88,128,128,0,87,69,
255,255,255,163,223,229,229,205,251,1,111,234,238,255,82,106,222,138,40,55,221,255,220,89,128,128,0,77,122,
255,255,255,163,223,229,229,205,251,1,111,234,238,255,81,106,222,138,41,56,222,255,221,89,128,128,0,11,169,
255,255,255,164,223,229,230,205,251,1,111,234,238,255,80,106,221,138,33,51,219,255,218,90,128,128,0,101,130,
255,255,255,163,223,229,229,205,251,1,111,234,238,255,80,106,221,138,34,51,219,255,219,90,128,128,0,233,171,
255,255,255,163,223,229,229,205,251,1,111,234,238,255,80,106,222,137,34,51,219,255,219,90,128,128,0,22,224,
255,255,255,163,223,229,229,205,251,1,111,234,238,255,80,106,223,137,34,51,219,255,219,90,128,128,0,18,28,
255,255,255,163,223,229,230,205,251,1,111,234,239,255,80,106,224,137,34,51,219,255,219,90,128,128,0,47,59,
255,255,255,163,223,229,230,205,251,1,111,234,239,255,80,106,224,136,34,51,218,255,220,90,128,128,0,219,254,
255,255,255,163,223,229,230,205,251,1,112,234,242,255,80,107,225,136,40,56,222,255,222,89,128,128,0,196,169,
255,255,255,163,223,229,229,205,251,1,112,233,243,255,80,106,225,136,40,55,222,255,223,89,128,128,0,246,40,
255,255,255,163,223,229,229,205,251,1,112,234,243,255,80,106,226,136,40,55,222,255,223,89,128,128,0,185,157,
255,255,255,163,223,229,229,205,251,1,111,234,243,255,80,107,226,136,40,56,222,255,223,88,128,128,0,61,212,
255,255,255,163,223,229,229,205,251,1,111,234,239,255,81,107,226,136,40,56,222,255,223,88,128,128,0,35,92,
255,255,255,164,222,229,229,205,251,1,111,233,238,255,81,107,227,136,40,56,222,255,224,88,128,128,0,233,226,
255,255,255,163,222,229,230,205,251,1,111,233,238,255,81,108,227,136,40,56,222,255,224,88,128,128,0,185,48,
255,255,255,163,222,229,229,205,251,1,112,233,240,255,81,109,228,136,39,55,221,255,224,88,128,128,0,249,58,
255,255,255,163,222,229,229,205,251,1,112,233,240,255,81,109,228,136,40,55,222,255,225,88,128,128,0,182,10,
255,255,255,163,222,229,229,205,251,1,111,233,240,255,81,109,229,136,40,55,222,255,225,88,128,128,0,138,192,
255,255,255,163,222,229,229,205,251,1,111,233,240,255,81,110,230,136,40,56,222,255,226,88,128,128,0,133,192,
255,255,255,163,222,229,229,205,251,1,111,233,241,255,81,111,230,136,40,56,222,255,226,87,128,128,0,186,23,
255,255,255,163,222,229,229,205,251,1,112,233,241,255,81,111,231,136,40,55,222,255,226,87,128,128,0,198,157,
255,255,255,163,222,229,229,205,251,1,112,233,241,255,81,111,231,136,39,55,221,255,226,87,128,128,0,180,109,
255,255,255,163,222,229,229,205,251,1,112,233,241,255,81,111,231,136,39,55,222,255,226,87,128,128,0,135,109,
255,255,255,163,222,229,229,205,251,1,112,233,241,255,81,111,231,136,39,55,221,255,226,87,128,128,0,180,109,
255,255,255,163,222,229,229,205,251,1,111,233,241,255,81,111,232,136,39,55,222,255,227,87,128,128,0,178,143,
255,255,255,163,222,229,229,205,251,1,111,233,241,255,82,112,233,136,39,55,221,255,227,86,128,128,0,84,167,
255,255,255,163,222,229,229,205,251,1,111,233,241,255,82,112,233,136,39,55,221,255,227,86,128,128,0,84,167,
255,255,255,163,222,229,229,205,251,1,111,233,240,255,82,112,233,136,39,55,221,255,227,86,128,128,0,149,167,
255,255,255,163,222,229,229,205,251,1,111,233,240,255,82,112,233,136,39,55,221,255,228,86,128,128,0,32,103,
255,255,255,163,222,229,229,205,251,1,111,233,239,255,82,112,234,136,39,55,221,255,228,86,128,128,0,112,43,
255,255,255,163,222,229,229,205,251,1,111,233,239,255,82,112,234,135,39,55,221,255,228,86,128,128,0,64,27,
255,255,255,163,222,229,229,205,251,1,111,234,239,255,82,112,234,135,39,55,221,255,228,85,128,128,0,0,174,
255,255,255,163,222,229,229,205,251,1,111,234,239,255,82,112,235,134,39,55,221,255,228,85,128,128,0,85,151,
255,255,255,163,222,229,229,205,251,1,111,234,239,255,82,112,236,134,39,55,221,255,229,85,128,128,0,114,35,
255,255,255,163,222,229,229,205,251,1,111,234,239,255,83,112,236,133,39,55,221,255,229,84,128,128,0,129,81,
255,255,255,163,222,229,229,205,251,1,110,234,239,255,83,112,236,133,39,55,221,255,229,84,128,128,0,208,193,
255,255,255,163,222,229,229,205,251,1,110,234,239,255,83,111,236,133,39,56,221,255,230,84,128,128,0,1,106,
255,255,255,163,222,229,229,205,251,1,110,234,238,255,83,111,236,132,39,55,221,255,230,83,128,128,0,208,155,
255,255,255,163,222,229,229,205,251,1,110,234,237,255,83,111,236,132,39,55,221,255,230,83,128,128,0,147,154,
255,255,255,163,222,229,229,205,251,1,110,234,236,255,83,110,236,132,39,55,221,255,230,83,128,128,0,175,89,
255,255,255,163,222,229,229,205,251,1,110,234,236,255,83,110,236,132,38,55,221,255,230,83,128,128,0,162,201,
255,255,255,163,222,229,229,205,251,1,110,235,235,255,82,109,235,131,38,55,221,255,231,83,128,128,0,180,176,
255,255,255,163,222,229,229,205,251,1,111,234,235,255,82,109,235,131,38,55,221,255,231,82,128,128,0,37,76,
255,255,255,163,222,229,229,205,251,1,111,235,234,255,83,109,235,130,39,55,221,255,231,82,128,128,0,123,8,
255,255,255,163,222,229,229,205,251,1,111,235,234,255,83,108,235,130,39,55,221,255,232,82,128,128,0,210,202,
255,255,255,163,222,229,229,205,251,1,111,235,233,255,83,108,234,129,39,55,221,255,232,82,128,128,0,101,56,
255,255,255,163,222,229,229,205,251,1,111,235,233,255,83,107,234,129,39,55,221,255,232,82,128,128,0,144,243,
255,255,255,163,222,229,229,205,251,1,111,235,232,255,83,107,234,128,39,55,221,255,232,81,128,128,0,0,114,
255,255,255,163,222,229,229,205,251,1,111,235,231,255,83,107,234,128,39,55,221,255,232,81,128,128,0,79,118,
255,255,255,163,222,229,229,205,251,1,111,235,231,255,83,106,233,127,39,55,221,255,233,81,128,128,0,181,194,
255,255,255,164,222,229,229,205,251,1,111,235,231,255,83,106,233,127,39,55,221,255,233,81,128,128,0,35,232,
255,255,255,164,222,229,229,205,251,1,111,235,231,255,83,106,233,127,38,55,221,255,233,81,128,128,0,46,120,
255,255,255,164,222,229,229,205,251,1,111,235,231,255,83,105,233,127,39,55,221,255,234,81,128,128,0,99,236,
255,255,255,164,222,229,229,205,251,1,111,235,231,255,83,105,232,127,39,55,221,255,234,81,128,128,0,103,16,
255,255,255,163,222,229,229,205,251,1,111,235,232,255,83,105,232,127,39,55,221,255,234,81,128,128,0,190,62,
255,255,255,164,222,229,229,205,251,1,111,235,232,255,83,105,232,127,39,55,221,255,234,81,128,128,0,40,20,
255,255,255,164,222,229,229,205,251,1,111,235,232,255,83,105,233,127,39,56,221,255,234,80,128,128,0,109,84,
255,255,255,164,222,229,229,205,251,1,111,235,232,255,83,105,233,127,39,56,221,255,235,80,128,128,0,80,148,
255,255,255,164,222,229,229,205,251,1,111,234,232,255,83,106,233,128,39,56,221,255,235,80,128,128,0,160,243,
255,255,255,164,222,229,229,205,251,1,111,234,232,255,83,106,233,128,39,56,221,255,235,80,128,128,0,160,243,
255,255,255,164,222,229,229,205,251,1,111,234,232,255,83,106,233,128,39,56,221,255,235,80,128,128,0,160,243,
255,255,255,164,222,229,229,205,251,1,111,234,232,255,83,106,233,128,39,56,221,255,235,80,128,128,0,160,243,
255,255,255,164,222,229,229,205,251,1,111,234,233,255,83,106,233,128,39,56,221,255,236,80,128,128,0,212,51,
255,255,255,164,222,229,229,205,251,1,111,234,233,255,83,106,233,128,39,56,222,255,236,80,128,128,0,231,51,
255,255,255,164,222,229,229,205,251,1,111,234,233,255,83,107,233,129,39,56,222,255,236,80,128,128,0,75,53,
255,255,255,164,222,229,229,205,251,1,111,234,233,255,83,108,233,129,39,57,222,255,236,80,128,128,0,127,50,
255,255,255,164,222,229,229,205,251,1,111,234,233,255,83,107,234,129,40,57,222,255,236,80,128,128,0,196,77,
255,255,255,164,222,229,229,205,251,1,111,234,234,255,83,107,234,129,39,57,222,255,237,80,128,128,0,251,124,
255,255,255,164,222,229,229,205,251,1,111,234,234,255,84,108,235,129,39,57,222,255,237,79,128,128,0,6,216,
255,255,255,164,222,229,229,205,251,1,111,234,234,255,84,108,235,129,39,57,222,255,237,79,128,128,0,6,216,
255,255,255,164,222,229,229,205,251,1,111,233,234,255,84,108,235,129,39,57,222,255,237,79,128,128,0,70,41,
255,255,255,164,222,229,229,205,251,1,111,234,234,255,84,108,235,129,39,57,222,255,237,79,128,128,0,6,216,
255,255,255,164,222,229,229,205,252,1,111,234,234,255,84,108,236,129,39,57,222,255,238,79,128,128,0,237,216,
255,255,255,164,222,229,229,205,252,1,111,234,234,255,84,108,236,129,39,57,222,255,238,79,128,128,0,237,216,
255,255,255,164,222,229,229,205,252,1,111,234,234,255,84,109,236,128,39,57,222,255,238,79,128,128,0,65,222,
255,255,255,164,222,229,229,205,251,1,111,233,234,255,84,109,236,128,39,57,222,255,238,79,128,128,0,180,91,
255,255,255,164,222,229,229,205,251,1,111,233,234,255,84,108,236,128,39,57,222,255,238,78,128,128,0,72,100,
255,255,255,164,222,229,229,205,251,1,111,233,234,255,84,108,237,128,39,57,222,255,239,78,128,128,0,113,88,
255,255,255,164,222,229,229,205,251,1,111,233,234,255,84,108,237,128,39,57,222,255,239,78,128,128,0,113,88,
255,255,255,164,222,229,229,205,251,1,111,233,234,255,84,109,237,128,39,57,222,255,239,78,128,128,0,140,155,
255,255,255,164,222,229,229,205,251,1,111,233,234,255,85,109,238,128,39,57,222,255,239,77,128,128,0,129,26,
255,255,255,164,222,229,229,205,251,1,111,233,234,255,85,109,238,128,39,57,222,255,240,77,128,128,0,20,216,
255,255,255,164,222,229,229,205,251,1,111,233,234,255,85,109,239,127,40,57,222,255,240,77,128,128,0,100,39,
255,255,255,163,222,229,229,205,251,1,111,233,234,255,85,108,239,127,40,57,222,255,240,77,128,128,0,15,206,
255,255,255,163,222,229,229,205,251,1,111,233,234,255,85,108,239,127,40,57,222,255,240,77,128,128,0,15,206,
255,255,255,164,222,229,229,205,251,1,111,233,235,255,85,108,239,127,39,57,222,255,240,77,128,128,0,25,20,
255,255,255,164,222,229,229,205,251,1,111,233,235,255,85,108,239,127,39,57,222,255,240,77,128,128,0,25,20,
255,255,255,164,222,229,229,205,251,1,111,233,234,255,85,108,239,127,39,57,222,255,241,76,128,128,0,228,40,
255,255,255,164,222,229,229,205,251,1,111,233,234,255,85,108,239,127,39,57,222,255,241,76,128,128,0,228,40,
255,255,255,164,222,229,229,205,251,1,111,233,233,255,85,108,239,127,40,57,222,255,241,76,128,128,0,230,217,
255,255,255,164,222,229,229,205,251,1,111,234,233,255,85,108,239,127,40,57,222,255,241,76,128,128,0,166,40,
255,255,255,164,222,229,229,205,252,1,111,234,233,255,85,107,239,127,39,57,222,255,241,76,128,128,0,167,103,
255,255,255,164,222,229,229,205,252,1,111,234,233,255,85,107,239,127,40,58,222,255,241,76,128,128,0,166,130,
255,255,255,164,222,229,229,205,251,1,111,234,233,255,85,107,239,126,40,57,222,255,242,75,128,128,0,71,82,
255,255,255,164,222,229,229,205,251,1,111,234,233,255,85,107,239,126,40,58,222,255,242,75,128,128,0,7,71,
255,255,255,164,222,229,229,205,251,1,111,234,233,255,85,107,239,127,40,58,222,255,242,75,128,128,0,86,130,
255,255,255,164,222,229,229,205,251,1,111,234,233,255,85,107,239,127,40,58,222,255,242,75,128,128,0,86,130,
255,255,255,164,222,229,229,205,251,1,110,234,233,255,86,107,238,127,39,57,223,255,242,75,128,128,0,23,8,
255,255,255,164,222,229,229,205,252,1,110,234,233,255,86,107,237,127,39,58,223,255,243,76,128,128,0,209,153,
255,255,255,164,222,229,229,205,252,1,110,234,233,255,86,106,235,128,39,58,223,255,243,76,128,128,0,7,33,
255,255,255,164,222,229,229,205,252,1,110,234,233,255,86,106,234,129,39,58,223,255,243,76,128,128,0,82,24,
255,255,255,164,222,229,229,205,252,1,110,234,232,255,86,106,232,130,39,59,224,255,244,76,128,128,0,211,160,
255,255,255,164,222,229,229,205,251,1,110,234,232,255,86,106,231,131,39,59,224,255,243,77,128,128,0,179,57,
255,255,255,164,222,229,229,205,252,1,110,233,231,255,86,106,230,132,39,59,224,255,244,77,128,128,0,9,94,
255,255,255,164,222,229,229,205,251,1,110,233,231,255,86,106,229,133,39,59,224,255,244,77,128,128,0,226,171,
255,255,255,164,222,229,229,205,251,1,110,233,231,255,86,106,229,133,39,59,224,255,244,78,128,128,0,226,239,
255,255,255,164,222,229,229,205,251,1,110,234,231,255,86,106,229,133,39,59,224,255,244,78,128,128,0,162,30,
255,255,255,164,222,229,229,205,252,1,110,233,231,255,86,106,229,133,39,60,225,255,245,78,128,128,0,59,125,
255,255,255,164,222,229,229,205,252,1,110,234,231,255,86,107,229,133,39,60,224,255,245,78,128,128,0,150,143,
255,255,255,164,222,229,229,205,252,1,110,234,231,255,86,107,229,133,38,59,224,255,245,78,128,128,0,218,249,
255,255,255,164,222,229,229,205,252,1,109,234,231,255,86,107,229,133,38,59,224,255,245,78,128,128,0,42,9,
255,255,255,164,222,229,229,205,252,1,109,234,231,255,86,107,229,133,38,59,225,255,245,78,128,128,0,58,201,
255,255,255,164,222,229,229,205,252,1,109,234,231,255,86,107,229,133,39,60,225,255,245,77,128,128,0,118,251,
255,255,255,164,222,229,229,205,252,1,109,234,231,255,86,107,229,133,39,60,225,255,245,77,128,128,0,118,251,
255,255,255,164,222,229,229,205,252,1,109,234,231,255,86,108,230,133,38,59,225,255,245,77,128,128,0,192,2,
255,255,255,164,222,229,229,205,252,1,109,233,231,255,85,108,230,133,39,60,225,255,246,77,128,128,0,141,70,
255,255,255,164,222,229,229,205,252,1,109,233,231,255,86,108,231,133,38,59,225,255,246,77,128,128,0,192,15,
255,255,255,164,222,229,229,205,252,1,109,233,231,255,86,108,231,132,39,60,225,255,246,77,128,128,0,221,188,
255,255,255,164,222,229,229,205,252,1,109,233,231,255,86,108,231,132,39,60,225,255,246,77,128,128,0,221,188,
255,255,255,164,222,229,229,205,252,1,109,233,231,255,86,108,231,132,39,60,225,255,246,77,128,128,0,221,188,
255,255,255,164,222,229,229,205,252,1,109,233,231,255,86,108,232,132,38,60,224,255,246,77,128,128,0,240,248,
255,255,255,164,222,229,229,205,252,1,109,233,231,255,85,108,232,132,38,60,225,255,246,77,128,128,0,229,251,
255,255,255,164,222,229,229,205,252,1,110,233,231,255,86,109,233,132,39,60,225,255,247,76,128,128,0,216,91,
255,255,255,164,222,229,229,205,252,1,110,233,231,255,86,109,233,132,39,60,225,255,247,76,128,128,0,216,91,
255,255,255,164,222,229,229,205,252,1,109,233,232,255,86,109,234,131,39,60,224,255,247,76,128,128,0,201,241,
255,255,255,164,222,229,229,205,252,1,109,233,232,255,86,109,235,131,39,60,224,255,247,76,128,128,0,205,13,
255,255,255,164,222,229,229,205,252,1,109,233,232,255,86,110,236,131,39,60,224,255,247,75,128,128,0,210,9,
255,255,255,164,222,229,229,205,252,1,109,233,232,255,85,110,236,131,39,60,225,255,247,75,128,128,0,199,10,
255,255,255,164,222,229,229,205,252,1,109,233,232,255,86,110,237,130,39,60,224,255,248,75,128,128,0,211,49,
255,255,255,164,222,229,229,205,252,1,109,233,232,255,86,110,238,130,39,60,224,255,248,75,128,128,0,220,117,
255,255,255,164,222,229,229,205,252,1,109,233,232,255,86,110,238,130,39,61,224,255,248,74,128,128,0,28,69,
255,255,255,164,222,229,229,205,252,1,109,233,232,255,86,110,238,130,39,60,224,255,248,74,128,128,0,221,137,
255,255,255,164,222,229,229,205,252,1,110,233,232,255,86,110,238,129,39,60,224,255,248,74,128,128,0,221,118,
255,255,255,164,222,229,229,205,252,1,110,233,232,255,86,110,238,129,39,60,224,255,248,74,128,128,0,221,118,
255,255,255,164,222,229,229,205,252,1,109,234,232,255,86,110,238,129,39,60,224,255,248,74,128,128,0,109,119,
255,255,255,164,222,229,229,205,252,1,109,234,231,255,86,110,238,129,39,60,224,255,248,74,128,128,0,34,115,
255,255,255,164,222,229,229,205,252,1,109,234,231,255,86,110,238,129,39,60,224,255,248,74,128,128,0,34,115,
255,255,255,164,222,229,229,205,252,1,109,234,230,255,86,110,238,129,39,60,224,255,248,74,128,128,0,227,115,
255,255,255,164,222,229,229,205,252,1,109,234,230,255,86,110,238,129,39,60,224,255,249,74,128,128,0,222,179,
255,255,255,164,222,229,229,205,252,1,109,234,230,255,86,110,238,129,39,60,224,255,249,74,128,128,0,222,179,
255,255,255,164,222,229,229,205,252,1,109,234,230,255,86,110,238,129,39,60,224,255,249,74,128,128,0,222,179,
255,255,255,164,222,229,229,205,252,1,109,234,230,255,86,110,238,129,39,60,224,255,249,74,128,128,0,222,179,
255,255,255,164,222,229,229,205,252,1,109,234,230,255,86,110,238,129,39,60,224,255,249,74,128,128,0,222,179,
255,255,255,164,222,229,229,205,252,1,109,234,230,255,86,110,238,129,39,61,224,255,249,74,128,128,0,31,127,
255,255,255,164,222,229,229,205,252,1,109,234,230,255,86,110,238,129,39,61,225,255,249,74,128,128,0,15,191,
255,255,255,164,222,229,229,205,252,1,109,234,230,255,86,110,238,129,38,60,224,255,249,74,128,128,0,211,35,
255,255,255,164,222,229,229,205,252,1,109,234,230,255,86,110,238,129,39,61,224,255,250,74,128,128,0,91,127,
255,255,255,164,222,229,229,205,252,1,109,234,230,255,86,110,238,129,39,60,224,255,250,74,128,128,0,154,179,
255,255,255,164,222,229,229,205,252,1,109,234,230,255,87,110,238,129,39,61,225,255,250,73,128,128,0,73,122,
255,255,255,164,222,229,229,205,252,1,109,234,230,255,87,110,238,129,39,61,225,255,250,73,128,128,0,73,122,
255,255,255,164,222,229,229,205,252,1,109,234,230,255,87,110,238,129,39,60,224,255,250,73,128,128,0,152,118,
255,255,255,164,222,229,229,205,253,1,109,234,230,255,87,110,238,129,39,61,224,255,250,73,128,128,0,100,70,
255,255,255,164,222,229,229,205,253,1,109,234,230,255,87,110,238,129,39,61,225,255,250,73,128,128,0,116,134,
255,255,255,164,222,229,229,205,252,1,109,234,230,255,87,110,238,129,39,61,224,255,250,73,128,128,0,89,186,
255,255,255,164,222,229,229,205,253,1,109,234,230,255,86,110,238,129,39,61,225,255,250,73,128,128,0,118,7,
255,255,255,164,222,229,229,205,253,1,109,234,230,255,87,110,238,129,39,61,225,255,251,73,128,128,0,73,70,
255,255,255,164,222,229,229,205,253,1,109,234,230,255,86,110,238,129,39,61,225,255,251,73,128,128,0,75,199,
255,255,255,164,222,229,229,205,253,1,109,234,230,255,87,110,238,129,39,61,225,255,251,73,128,128,0,73,70,
255,255,255,165,222,230,229,205,253,1,109,234,230,255,87,110,238,129,39,61,225,255,251,73,128,128,0,103,198,
255,255,255,164,222,230,229,205,253,1,109,234,230,255,87,110,238,129,39,61,225,255,251,73,128,128,0,58,83,
255,255,255,152,209,222,223,205,253,1,109,234,230,255,87,110,238,129,39,61,225,255,251,73,128,128,0,223,202,
255,255,255,68,116,146,171,205,253,1,110,234,230,255,87,110,238,129,39,61,225,255,251,73,128,128,0,153,107,
255,255,255,1,43,78,116,208,255,1,109,234,230,255,87,110,238,129,39,61,225,255,251,73,128,128,0,55,210,
255,255,255,1,1,17,46,208,255,1,109,234,230,255,87,110,238,129,39,61,225,255,251,73,128,128,0,79,146,
255,255,255,1,1,4,33,209,255,1,110,234,230,255,87,110,238,129,39,61,225,255,252,73,128,128,0,76,190,
255,255,255,1,1,1,24,210,255,1,110,234,230,255,87,110,238,129,39,61,225,255,252,73,128,128,0,49,216,
255,255,255,1,1,1,26,209,255,1,110,234,230,255,87,110,238,129,39,61,225,255,252,73,128,128,0,86,9,
255,255,255,1,1,1,26,208,255,1,110,234,230,255,87,111,239,130,39,61,225,255,252,73,128,128,0,98,232,
255,255,255,1,1,5,33,208,254,1,110,234,230,255,86,111,239,130,39,61,225,255,252,73,128,128,0,151,238,
255,255,255,36,77,114,142,206,253,1,110,234,230,255,87,111,239,130,39,61,225,255,252,73,128,128,0,171,74,
255,255,255,109,146,185,191,204,252,1,110,234,230,255,87,111,239,130,39,62,225,255,252,73,128,128,0,164,205,
255,255,255,214,255,255,255,205,251,1,110,234,230,255,87,111,239,130,39,61,225,255,252,73,128,128,0,134,65,
255,255,255,235,255,255,255,207,252,1,110,234,230,255,87,111,239,130,39,61,225,255,252,73,128,128,0,214,131,
255,255,255,255,255,255,255,207,251,1,110,234,230,255,86,111,239,130,39,61,225,255,252,73,128,128,0,222,54,
255,255,255,255,255,255,255,207,251,1,110,234,230,255,86,111,239,130,39,62,225,255,253,73,128,128,0,163,227,
255,255,255,255,255,255,255,208,251,1,110,234,230,255,86,111,239,130,39,62,225,255,253,73,128,128,0,53,142,
255,255,255,255,255,255,255,208,251,1,110,234,230,255,86,111,239,130,39,62,225,255,253,73,128,128,0,53,142,
255,255,255,255,255,255,255,207,250,1,110,234,230,255,86,111,239,130,39,62,225,255,253,73,128,128,0,158,31,
255,255,255,255,255,255,255,207,250,1,110,234,230,255,86,111,239,130,39,62,225,255,253,73,128,128,0,158,31,
255,255,255,253,255,255,255,207,250,1,110,234,229,255,86,111,239,130,39,62,225,255,253,73,128,128,0,100,116,
255,255,255,207,252,255,230,208,251,1,110,234,229,255,86,111,239,130,39,62,225,255,253,73,128,128,0,253,156,
255,255,255,37,67,96,200,208,250,1,111,234,229,255,86,111,239,130,39,61,225,255,253,73,128,128,0,147,157,
255,255,255,1,1,20,31,212,251,1,111,234,229,255,86,111,239,129,39,62,225,255,253,73,128,128,0,46,241,
255,255,255,1,1,10,22,212,251,1,110,234,229,255,86,111,239,129,39,61,225,255,253,73,128,128,0,216,108,
255,255,255,1,1,2,14,213,251,1,110,234,229,255,86,111,239,129,39,61,225,255,253,73,128,128,0,247,194,
255,255,255,1,1,4,17,213,251,1,110,234,229,255,86,111,239,129,39,62,225,255,253,73,128,128,0,188,147,
255,255,255,1,1,5,15,211,250,1,110,234,229,255,86,111,239,129,39,61,225,255,253,73,128,128,0,100,111,
255,255,255,1,1,2,25,211,249,1,110,234,229,255,86,111,240,129,39,61,225,255,253,73,128,128,0,6,238,
255,255,255,1,1,37,54,210,247,1,110,234,229,255,86,111,240,129,39,62,225,255,254,73,128,128,0,153,162,
255,255,255,2,46,84,105,209,247,1,110,234,229,255,86,111,240,129,39,61,225,255,254,73,128,128,0,230,151,
255,255,255,127,184,209,204,205,245,1,110,234,229,255,86,111,239,129,39,61,225,255,254,73,128,128,0,121,110,
255,255,255,167,230,255,237,206,245,1,109,234,229,255,86,111,239,129,39,61,225,255,254,73,128,128,0,253,221,
255,255,255,188,255,255,255,209,246,1,109,234,229,255,86,111,239,129,39,61,225,255,254,73,128,128,0,183,49,
255,255,255,204,255,255,255,209,245,1,109,234,229,255,86,111,239,129,39,61,225,255,254,73,128,128,0,149,92,
255,255,255,231,255,255,255,209,245,1,109,234,228,255,86,111,239,129,39,61,225,255,254,73,128,128,0,206,34,
255,255,255,232,255,255,255,209,245,1,109,234,229,255,86,111,239,129,39,61,225,255,254,73,128,128,0,126,226,
255,255,255,233,255,255,255,209,245,1,109,233,229,255,86,111,239,129,40,61,225,255,254,73,128,128,0,34,118,
255,255,255,232,255,255,255,209,245,1,109,233,229,255,86,111,239,129,39,61,225,255,254,73,128,128,0,62,19,
255,255,255,232,255,255,255,209,245,1,109,233,229,255,86,111,239,129,40,61,225,255,254,73,128,128,0,127,227,
255,255,255,231,255,255,255,209,245,1,109,233,229,255,86,111,239,129,39,61,225,255,254,73,128,128,0,79,211,
255,255,255,223,255,255,255,209,245,1,109,233,228,255,86,111,239,129,39,61,225,255,254,73,128,128,0,61,199,
255,255,255,228,243,255,255,209,245,1,109,233,228,255,86,111,239,129,40,61,225,255,255,73,128,128,0,67,73,
255,255,255,41,84,116,139,207,245,1,109,234,229,255,86,111,239,129,40,61,225,255,255,73,128,128,0,44,150,
255,255,255,1,6,44,72,209,245,1,109,234,229,255,86,111,239,129,40,61,225,255,255,73,128,128,0,167,77,
255,255,255,1,1,15,28,215,245,1,109,235,228,255,86,111,240,129,39,61,225,255,255,73,128,128,0,36,87,
255,255,255,1,1,16,28,216,244,1,109,234,228,255,86,111,239,129,39,61,225,255,255,73,128,128,0,70,92,
255,255,255,1,1,33,47,214,243,1,109,234,228,255,86,111,239,129,39,61,225,255,255,73,128,128,0,127,28,
255,255,255,1,11,52,67,213,242,1,109,234,228,255,86,111,239,129,39,61,225,255,255,73,128,128,0,217,84,
255,255,255,9,51,93,107,212,241,1,109,234,228,255,86,111,239,129,39,61,225,255,255,73,128,128,0,230,246,
255,255,255,49,95,138,146,211,242,1,109,234,228,255,86,111,239,129,39,61,226,255,255,73,128,128,0,250,191,
255,255,255,85,225,253,226,207,240,1,109,234,228,255,86,111,239,129,39,61,226,255,255,73,128,128,0,65,157,
255,255,255,161,219,255,221,208,241,1,109,233,228,255,86,111,240,129,39,62,226,255,255,73,128,128,0,61,49,
255,255,255,220,208,255,255,210,242,1,110,234,228,255,86,112,240,129,40,61,226,255,255,73,128,128,0,253,216,
