Epoch	AverageEpRet	StdEpRet	MaxEpRet	MinEpRet	EpLen	AverageVVals	StdVVals	MaxVVals	MinVVals	TotalEnvInteracts	LossPi	LossV	DeltaLossPi	DeltaLossV	Entropy	KL	ClipFrac	StopIter	Time
0	-3.033281	17.797771	260.65817	-66.62999	18.260393	-0.009071747	0.08851789	0.25153798	-0.21079612	40000	2.7939677e-09	432.72238	-0.009206619	-21.642574	1.7746474	0.012658821	0.1331	39.0	16.933610200881958
1	-3.2887847	18.041136	222.53455	-63.987926	25.985025	-2.2410688	1.7591332	3.1771483	-4.2378817	80000	1.3038516e-08	419.3186	-0.006390917	-40.284443	1.7663041	0.008434437	0.091699995	39.0	33.87189221382141
2	-3.3561294	22.95168	235.71393	-66.53802	34.28076	-5.1411877	3.4483273	5.096246	-9.198749	120000	7.450581e-09	527.9152	-0.004638683	-81.57605	1.7461478	0.009405626	0.060799997	39.0	50.971039056777954
3	3.351968	37.812466	312.4731	-64.02294	43.014023	-5.257762	6.543791	11.252829	-12.814046	160000	1.4901161e-08	815.1898	-0.0049159154	-114.58444	1.7225624	0.009199448	0.096975	39.0	68.04036211967468
4	2.3220708	40.281406	431.5713	-64.518166	36.07286	0.24993907	11.117829	15.60552	-16.505808	200000	3.7252903e-09	938.26	-0.006013795	-40.185844	1.7165698	0.011241201	0.068124995	39.0	85.56092095375061
5	6.5982203	50.149494	552.1447	-62.02638	33.93413	1.830466	12.143155	19.754852	-18.37028	240000	0.0	1430.7148	-0.0051135328	-110.22081	1.698689	0.0082974015	0.096925	39.0	103.62073135375977
6	7.5696354	46.556602	532.6007	-51.04014	26.205688	6.0311694	12.81985	25.487282	-17.247087	280000	-7.450581e-09	1331.6688	-0.0061784387	-94.204475	1.6823537	0.009029867	0.058599997	39.0	121.33236718177795
7	12.139094	61.63407	554.4447	-54.760983	28.804932	10.900108	12.643771	30.041964	-22.141592	320000	0.0	2085.9712	-0.0059519615	-154.1615	1.663952	0.011348916	0.129575	39.0	139.21195793151855
8	18.61392	76.331085	605.1357	-58.383034	34.214657	12.699536	16.404745	35.116615	-15.532579	360000	0.0	2695.5046	-0.005125638	-166.39041	1.6395555	0.008353509	0.10375	39.0	156.86176323890686
9	24.607283	88.462746	705.56995	-52.499416	36.14791	16.434973	19.107594	39.534485	-23.107841	400000	-2.9802322e-08	3203.8843	-0.004674375	-196.25737	1.618254	0.010193199	0.086050004	39.0	174.6852490901947
10	23.607025	85.84249	585.96704	-50.09802	33.915745	19.7719	19.668896	44.015694	-38.10931	440000	0.0	3135.613	-0.0036175624	-167.98657	1.579871	0.007783575	0.062575	39.0	192.67133450508118
11	33.622574	103.939545	662.4221	-56.20652	36.800926	24.303358	20.870604	47.348736	-27.997417	480000	7.450581e-09	4195.17	-0.0053283293	-229.89452	1.5692544	0.012627411	0.111875	39.0	210.7249767780304
12	41.406055	118.56397	664.66315	-63.66128	37.139664	30.220488	21.286049	51.168823	-24.569893	520000	2.9802322e-08	5345.7554	-0.0045634853	-336.8188	1.5296258	0.0098015135	0.10325	39.0	228.7888331413269
13	49.267956	128.12027	725.3011	-61.1091	39.391693	33.201492	24.262703	55.673065	-32.16617	560000	0.0	5799.295	-0.004176881	-347.4655	1.4817052	0.008622671	0.064725	39.0	246.98042035102844
14	55.468117	132.91728	734.69147	-34.02745	38.80137	42.110207	20.353113	59.755257	-14.320566	600000	-1.4901161e-08	6067.556	-0.00402491	-297.1321	1.455705	0.008138876	0.088424996	39.0	265.49966740608215
15	74.947845	160.01561	798.9806	-57.779953	47.424133	47.131237	20.413084	64.412674	-22.097301	640000	2.2351742e-08	7108.6475	-0.004897749	-404.12357	1.4344504	0.009130241	0.07215	39.0	283.82761669158936
16	80.46179	166.58638	734.9263	-38.41018	46.69787	52.409218	19.56576	68.42348	-36.652954	680000	7.450581e-09	7546.4395	-0.0049493723	-410.52167	1.396749	0.010727037	0.073575005	39.0	302.583261013031
17	76.92011	157.38713	771.3313	-20.0	43.64145	59.333576	16.63802	71.94102	-21.147942	720000	-1.8626451e-08	7364.5063	-0.00417468	-343.38574	1.3523009	0.0066227918	0.040925	39.0	321.2730219364166
18	76.76314	155.146	830.92694	-20.0	41.54974	62.37366	16.152266	75.60157	-17.172352	760000	-1.8626451e-08	6999.875	-0.00403581	-294.06946	1.328673	0.008967726	0.059424996	39.0	339.7266719341278
19	87.576836	171.19104	801.3676	-20.0	45.330276	65.14905	16.4117	78.82555	-4.8717647	800000	7.450581e-09	8174.5005	-0.0039491495	-323.96167	1.3207401	0.0076171346	0.067425	39.0	358.4003252983093
20	75.345924	157.26485	828.681	-20.0	40.218273	68.61318	16.119316	82.07444	-10.435914	840000	-3.259629e-08	7805.361	-0.0048368447	-237.63672	1.3275731	0.007811555	0.051425	39.0	376.6621859073639
21	86.05821	172.97687	814.13916	-22.600965	42.90054	72.411316	15.37784	84.5975	-9.690388	880000	-2.4680048e-08	8405.209	-0.0041965875	-262.3838	1.3221886	0.008076966	0.044725	39.0	394.9159982204437
22	101.382126	190.45898	790.8608	-20.0	49.596493	76.63295	14.672989	86.74238	-27.293327	920000	-1.1175871e-08	8560.074	-0.0039613945	-288.43945	1.3378727	0.00776943	0.048699997	39.0	413.45000314712524
23	97.06812	191.58574	953.7888	-20.0	44.410255	79.72666	14.776566	89.50811	-15.392711	960000	2.2351742e-08	9782.58	-0.004382693	-329.0769	1.2845331	0.0110929115	0.060425	39.0	431.95721769332886
24	93.25955	188.1605	815.59265	-20.0	46.71513	82.32806	15.985844	91.94574	-27.87261	1000000	-1.3969839e-08	8749.326	-0.0037140064	-228.55823	1.2850859	0.0062988973	0.0331	39.0	450.2994980812073
25	113.83224	203.98412	860.6635	-20.0	52.52778	84.97183	16.48733	94.82033	-16.038609	1040000	-3.7252903e-09	9308.49	-0.0036324393	-267.0775	1.2393544	0.0075883325	0.044275	39.0	468.96423745155334
26	108.64472	202.29851	908.47253	-20.0	49.020935	87.50907	18.672071	97.817764	-7.2852564	1080000	1.3038516e-08	9291.672	-0.0040709963	-250.40686	1.1770258	0.006418123	0.0481	39.0	487.53522968292236
27	132.94258	225.88954	888.79596	-20.0	55.258694	93.54635	12.392345	100.84313	-10.588313	1120000	0.0	10157.68	-0.004303172	-324.96265	1.1969663	0.009875054	0.073149994	39.0	506.2847332954407
28	124.33267	227.11182	924.41797	-20.0	52.154762	97.19479	12.958153	103.807335	-13.735374	1160000	1.8626451e-09	11054.944	-0.0039775153	-282.40137	1.1751816	0.007550665	0.0493	39.0	525.0257241725922
29	135.41087	232.45428	888.1385	-20.0	52.90546	100.51613	13.012404	107.59424	-8.188925	1200000	-2.0489097e-08	11757.121	-0.0037931325	-318.2168	1.1463478	0.006912173	0.035425	39.0	543.6528084278107
30	132.51678	237.45584	966.6764	-20.0	51.298836	104.547264	12.234268	111.00687	-9.28701	1240000	-1.8626451e-08	11918.533	-0.0034049954	-293.8723	1.1096699	0.005784046	0.023349999	39.0	562.32097697258
31	139.90872	241.95822	966.98425	-20.0	53.25906	108.00838	9.786228	113.39521	2.8461304	1280000	-8.381903e-09	11666.73	-0.0040208865	-263.12988	1.1061771	0.007950933	0.052149996	39.0	581.0898435115814
32	139.24133	244.66052	1033.0824	-20.0	54.6685	111.593636	8.08545	116.41782	-13.531353	1320000	3.7252903e-09	10940.824	-0.0042863726	-228.73218	1.1011064	0.009851918	0.06455	39.0	599.7731080055237
33	117.76401	231.00702	969.8741	-20.0	44.219376	114.70465	6.842573	119.648766	2.6377728	1360000	-2.6077032e-08	12101.39	-0.0037822747	-263.48364	1.0544999	0.0076533817	0.064174995	39.0	618.7453389167786
34	146.15813	252.86304	934.0458	-20.0	55.57143	115.1038	12.124925	122.47299	22.80075	1400000	-1.6763806e-08	11775.67	-0.0032042814	-286.4353	1.0722401	0.007834927	0.033575	39.0	637.3446414470673
35	137.74202	252.08842	1004.3651	-20.0	50.427124	117.97785	11.888066	124.67467	4.624595	1440000	1.1175871e-08	12880.36	-0.002844905	-264.8125	1.0340196	0.007209667	0.0402	39.0	655.9184646606445
36	143.65938	253.64366	925.4674	-20.0	54.061226	119.62815	17.306807	126.533905	-6.550258	1480000	2.7939677e-09	11571.686	-0.0039082346	-213.07227	1.0315132	0.0053613647	0.040125	39.0	674.7741012573242
37	150.32878	255.50371	946.17645	-20.0	54.99446	123.385025	10.679681	128.59035	2.8149529	1520000	-4.284084e-08	11605.089	-0.0033975956	-190.83936	1.049842	0.0065568103	0.030975	39.0	693.3008732795715
38	140.45694	255.17612	984.7402	-20.0	51.30559	124.3603	16.738111	131.46132	-6.458478	1560000	-3.7252903e-09	12476.91	-0.0030791075	-217.69727	0.9986795	0.0064030336	0.030024998	39.0	712.2581398487091
39	170.1958	277.8826	1009.6998	-24.117521	59.709774	128.1772	12.689674	134.93367	-4.091219	1600000	2.537854e-08	12746.868	-0.0030301744	-212.43018	0.9788148	0.0054364847	0.0321	39.0	731.0945556163788
40	158.62405	269.83847	1028.1648	-20.0	56.790833	130.33728	15.723039	137.71857	-9.69327	1640000	1.7229468e-08	12709.477	-0.0043771155	-170.07007	0.94158554	0.007549662	0.043424997	39.0	749.9723875522614
41	144.30545	258.14197	971.3376	-20.0	52.550266	130.38123	21.460575	139.82564	-3.6841574	1680000	4.8894435e-09	12547.214	-0.002825269	-149.39038	0.91303635	0.0066010463	0.042474996	39.0	768.7455508708954
42	157.1204	281.25308	1030.2667	-20.0	53.764305	133.35416	19.85385	141.96829	-7.56527	1720000	1.4901161e-08	14488.505	-0.003360102	-227.3689	0.88444614	0.0053659477	0.027824998	39.0	787.5740146636963
43	177.92975	303.2773	1073.3282	-20.0	60.10558	136.43198	19.42811	145.30692	-10.312846	1760000	-1.3038516e-08	14752.971	-0.0039047326	-253.22266	0.87250996	0.0061731096	0.037924998	39.0	806.1375343799591
44	160.81792	280.58286	1086.3005	-20.0	56.120228	139.5432	19.110615	148.24168	-1.5364691	1800000	5.122274e-09	12971.164	-0.0030394946	-183.35352	0.86856496	0.005562548	0.032874998	39.0	824.9796369075775
45	191.17783	305.76938	992.4044	-20.0	64.229904	141.88644	18.730213	150.39339	2.8856544	1840000	-2.2351742e-08	13802.775	-0.0038315607	-191.15845	0.8377056	0.0076608155	0.040875	39.0	843.8476796150208
46	195.97543	303.78134	956.7405	-20.0	66.506714	144.96738	19.11266	153.41402	0.9360678	1880000	-2.7939677e-09	12334.869	-0.0026158146	-139.22388	0.846813	0.0053282394	0.042175	39.0	862.7037138938904
47	197.53902	304.06305	971.8806	-20.0	66.391594	148.17181	14.336223	155.60823	0.15058267	1920000	0.0	12363.395	-0.0038826745	-167.59766	0.8674287	0.008504195	0.059499998	39.0	881.3881554603577
48	179.57541	301.8285	997.71796	-20.0	60.146748	151.52466	10.528688	157.38611	13.298277	1960000	-3.7252903e-09	13306.19	-0.0031924155	-177.03687	0.82311034	0.0078881625	0.033775	39.0	900.2087371349335
49	186.33902	304.30325	1012.1047	-20.0	60.876923	152.3123	13.438584	159.62547	1.6397727	2000000	8.381903e-09	13949.566	-0.0028160661	-174.89062	0.7880866	0.003790586	0.026749998	39.0	919.0660345554352
50	170.95332	288.20474	999.5133	-20.0	57.53052	154.92995	12.572866	161.79456	-1.4467714	2040000	-9.313226e-09	12594.586	-0.003044793	-96.397705	0.7855011	0.005565286	0.04045	39.0	937.6464519500732
51	180.87683	306.26105	1039.0579	-20.0	59.1	155.08603	19.080349	163.82425	-1.5091698	2080000	-7.450581e-09	14449.024	-0.0028162869	-141.51758	0.75028753	0.0040108273	0.02535	39.0	956.5891637802124
52	155.84645	283.1511	1066.38	-20.0	50.711	156.06224	21.132212	165.17781	-5.4755464	2120000	1.8626451e-09	14456.468	-0.0029158406	-117.299805	0.7401097	0.0052070115	0.050699998	39.0	975.1286723613739
53	162.66336	290.53757	1071.4067	-20.0	55.05132	158.15086	20.77747	167.37088	-14.466452	2160000	-9.313226e-09	14041.813	-0.0028015515	-102.339355	0.73569536	0.0049793087	0.036875	39.0	993.9276649951935
54	200.06848	314.40695	1028.5901	-20.0	64.578606	158.99586	22.388521	169.57939	-7.3455963	2200000	-2.6077032e-08	14061.724	-0.0025277212	-136.22095	0.6996552	0.0045825355	0.026074998	39.0	1012.5584874153137
55	171.93407	298.7696	1051.0406	-20.0	57.53391	161.0202	22.493471	171.52771	-10.514162	2240000	1.071021e-08	13915.454	-0.0027877972	-99.335205	0.6928261	0.0057680993	0.02725	39.0	1031.317982673645
56	197.7361	318.32468	1033.5364	-20.0	64.708466	160.1621	28.256208	172.34938	-8.793252	2280000	1.8626451e-09	14179.905	-0.0026747512	-127.85791	0.6604494	0.0047487584	0.031149998	39.0	1049.9269392490387
57	188.85033	314.63324	1135.1355	-20.0	60.50304	164.39833	21.526186	174.36516	0.36078882	2320000	9.313226e-09	14443.132	-0.0026211883	-107.30444	0.66990757	0.0050897063	0.030324997	39.0	1068.5358288288116
58	212.93924	327.89526	1040.2592	-20.0	65.88	167.76685	15.905816	176.01343	4.6566696	2360000	0.0	14323.566	-0.00265167	-153.41797	0.66274226	0.0052901455	0.031425	39.0	1087.1749596595764
59	172.18805	303.8509	1046.522	-23.31241	55.615818	168.64835	20.63417	177.60814	2.038792	2400000	9.313226e-10	14910.914	-0.0028915892	-113.28906	0.6701815	0.005253914	0.0338	39.0	1105.7127692699432
60	182.303	316.49533	1043.2156	-20.0	56.32908	170.39003	17.434698	178.48378	-0.7443273	2440000	-4.656613e-10	15535.778	-0.0022466509	-92.63428	0.67388296	0.003828071	0.027325	39.0	1124.3848118782043
61	166.54025	302.70984	1026.793	-20.0	53.00401	172.92807	14.744938	179.86623	2.8007417	2480000	7.450581e-09	14668.313	-0.0023009903	-76.971924	0.6770849	0.0037261625	0.02465	39.0	1143.2170238494873
62	206.5057	336.4891	1062.387	-20.0	63.1	174.77876	12.953469	181.93716	6.73532	2520000	-9.313226e-09	15032.0205	-0.0024099434	-115.92871	0.6729548	0.0054470273	0.025825	39.0	1162.0120174884796
63	179.1394	317.06644	1069.3909	-20.0	54.8652	176.88106	13.432765	184.15154	-0.027961731	2560000	-6.9849193e-09	14993.962	-0.0033902419	-91.239746	0.64940286	0.004652485	0.020025	39.0	1180.6580574512482
64	197.75893	324.32266	1057.8293	-20.0	61.914196	179.1323	11.306995	186.21371	92.810905	2600000	1.2805685e-09	13793.575	-0.0019240443	-88.09277	0.657395	0.004063613	0.0199	39.0	1199.2817668914795
65	168.95773	300.86188	1044.0084	-20.0	54.01084	178.7111	20.646608	187.68997	-15.969101	2640000	-3.7252903e-09	13387.399	-0.0026823273	-36.476074	0.6478243	0.005243088	0.025224999	39.0	1217.9299948215485
66	182.43044	318.07538	1078.7819	-20.0	56.70228	179.96883	16.020432	187.60124	3.2961998	2680000	9.313226e-09	14858.08	-0.0023131156	-46.901855	0.6477903	0.004534181	0.017275	39.0	1236.4939410686493
67	184.0671	323.4534	1056.3085	-20.0	57.06187	178.99568	22.355204	188.36472	-1.5197961	2720000	0.0	15009.391	-0.002070528	-82.19751	0.64122784	0.005137998	0.029775	39.0	1255.2476818561554
68	181.45775	323.54764	1103.4523	-20.0	55.42616	181.63945	17.53329	189.34692	-0.45022273	2760000	-5.5879354e-09	16121.148	-0.002239144	-75.61304	0.6330765	0.004631507	0.029199999	39.0	1274.1937832832336
69	188.03401	319.2111	1139.0441	-20.0	55.55056	183.9251	13.68634	191.70752	1.6211889	2800000	0.0	15765.735	-0.0030447398	-81.028564	0.6289103	0.0056611327	0.036525	39.0	1292.766030550003
70	205.87527	325.84464	1100.9272	-20.0	62.266876	182.84384	25.132172	193.47906	-5.03741	2840000	-5.5879354e-09	14709.43	-0.00304943	-64.27344	0.62623996	0.005036421	0.025975	39.0	1311.3365859985352
71	192.31659	321.59183	1088.8252	-20.0	59.325375	186.57742	15.465396	195.03432	-7.6701956	2880000	1.1175871e-08	15021.254	-0.0021952856	-59.073486	0.6404723	0.0038776612	0.02135	39.0	1329.9760854244232
72	178.07928	312.55176	1093.7567	-21.780233	55.59046	187.41165	16.38532	197.23158	-3.4757845	2920000	-1.1175871e-08	14758.238	-0.0021465262	-72.78711	0.6248555	0.0050013345	0.02775	39.0	1348.5533888339996
73	221.88478	347.8236	1071.7009	-20.0	68.47751	185.48317	27.422853	197.0768	-7.6555862	2960000	1.3038516e-08	14657.477	-0.0023902883	-60.748047	0.61250496	0.0046451604	0.030024998	39.0	1367.1394743919373
74	183.85315	318.8145	1058.7814	-20.0	57.21758	187.80023	23.299427	198.22566	-30.367115	3000000	0.0	14438.031	-0.0021893969	-101.8291	0.6194653	0.0047675595	0.022875	39.0	1386.0014507770538
75	193.30148	326.821	1116.3368	-20.0	59.566265	189.80656	19.063616	199.77101	-7.029932	3040000	-7.450581e-09	14959.274	-0.0031123161	-58.799805	0.62119293	0.004838012	0.021949999	39.0	1404.7270827293396
76	203.5814	330.79822	1093.6631	-20.0	61.931572	191.44864	14.2479725	201.80943	4.0188103	3080000	-2.3283064e-09	14598.662	-0.0026441736	-31.305664	0.6032451	0.0051778303	0.025349999	39.0	1423.4581551551819
77	204.88866	336.09488	1088.5267	-20.0	62.01896	189.07297	26.136734	202.97539	-4.3560524	3120000	1.8626451e-09	15284.865	-0.002940029	-77.496826	0.57661825	0.005442889	0.029925	39.0	1442.002362728119
78	192.35815	332.4993	1095.5192	-20.0	57.68116	192.87508	17.75679	203.83939	3.676077	3160000	-3.259629e-09	15673.764	-0.0026184986	-94.88428	0.57531685	0.0047707898	0.0301	39.0	1460.5933301448822
79	225.98251	349.56247	1096.2776	-20.0	65.762856	191.87903	20.956457	204.23499	-5.5761886	3200000	7.450581e-09	15431.653	-0.0019928205	-111.92407	0.56446713	0.004063288	0.017549999	39.0	1479.4797868728638
80	209.24638	337.04553	1090.1074	-19.11751	60.796326	196.51224	14.2369585	206.00156	-3.1022587	3240000	1.21071935e-08	15761.466	-0.0021422133	-65.77661	0.5699169	0.004762104	0.0234	39.0	1498.0539915561676
81	215.2908	343.85056	1163.3271	-20.0	62.95223	197.8383	13.371776	207.66347	7.2073193	3280000	7.450581e-09	15679.042	-0.001957281	-77.79248	0.5742768	0.0038611328	0.020299999	39.0	1516.6434016227722
82	217.31699	350.55527	1069.2457	-20.0	64.32739	197.63168	19.494776	208.97653	2.2253547	3320000	1.4901161e-08	15486.869	-0.0021242	-62.64966	0.5803634	0.0045918985	0.023325	39.0	1535.461992740631
83	230.10036	359.70392	1133.7582	-20.0	66.72651	197.57005	25.49033	210.30577	-6.445277	3360000	5.122274e-09	15758.028	-0.0020864462	-76.23193	0.57082576	0.003480154	0.018099999	39.0	1554.0561435222626
84	191.39091	330.18875	1088.5824	-20.0	57.368267	200.6146	18.25988	211.22992	-6.7516556	3400000	1.3969839e-09	15712.078	-0.0020377985	-65.79443	0.57644695	0.0038988793	0.028175	39.0	1572.866539478302
85	203.24345	339.77625	1094.6919	-20.0	61.215385	200.18884	20.329884	212.21086	3.1108456	3440000	-7.916242e-09	15695.561	-0.0020311333	-56.827393	0.56962144	0.0049178363	0.02935	39.0	1591.4542479515076
86	207.00769	345.73483	1099.7932	-20.0	59.728634	200.7022	17.025871	212.41508	6.940327	3480000	-1.8626451e-09	16261.094	-0.0022397963	-48.770264	0.5606364	0.004386039	0.034525	39.0	1610.0659201145172
87	208.41852	341.63208	1106.37	-20.0	60.299236	202.23718	16.655413	213.24478	-6.065244	3520000	-1.8568244e-08	16088.504	-0.0025759048	-63.47046	0.57014644	0.004133072	0.027599998	39.0	1628.7611591815948
88	190.51698	333.73962	1129.6653	-20.0	57.253967	199.44891	27.360895	213.47818	3.382229	3560000	1.3969839e-08	16303.888	-0.0020064493	-60.658447	0.5592611	0.0040843613	0.01285	39.0	1647.2438526153564
89	231.20805	359.79553	1101.1176	-20.0	66.33222	201.79224	19.1664	213.71953	-8.596893	3600000	8.381903e-09	15841.943	-0.0020306828	-95.90015	0.5523291	0.004069411	0.016375	39.0	1666.0869431495667
90	193.68785	340.53308	1139.2307	-20.0	55.796635	204.28397	20.431524	214.73335	2.043562	3640000	-1.21071935e-08	16384.268	-0.0022450897	-62.152832	0.5454091	0.0046854536	0.023625	39.0	1684.7450947761536
91	207.10533	348.9256	1081.0011	-20.0	60.223904	204.9679	19.769876	215.1319	-3.1347961	3680000	3.7252903e-09	16203.767	-0.0019881218	-65.74487	0.53968036	0.0034322345	0.0192	39.0	1703.7397677898407
92	224.29039	349.88235	1135.1664	-20.0	64.69935	205.09102	16.136951	215.0881	-4.5815916	3720000	3.7252903e-09	15854.076	-0.0025388584	-85.17163	0.5327581	0.004241382	0.0338	39.0	1722.5012848377228
93	208.5211	338.3881	1091.5652	-20.0	62.14867	206.8729	19.384064	216.449	9.292242	3760000	-1.8626451e-09	15607.068	-0.0021171765	-125.4541	0.5433477	0.0046954285	0.022574998	39.0	1741.221179008484
94	224.52611	363.26242	1115.0115	-20.0	64.875	203.01472	15.862184	215.82184	0.7593397	3800000	3.7252903e-09	16244.517	-0.0018139024	-220.26147	0.5377781	0.004073333	0.023599997	39.0	1760.0191819667816
95	216.2798	346.0994	1115.5452	-20.0	62.453545	207.4804	20.930948	217.78937	-3.4695382	3840000	1.3969839e-08	16451.918	-0.0016139578	-84.65161	0.531492	0.0023008808	0.015975	39.0	1778.6016974449158
96	203.2308	339.77414	1122.4161	-20.0	59.142002	207.12842	22.927366	219.23906	-5.334289	3880000	1.1175871e-08	16458.867	-0.0022998396	-42.064697	0.52993006	0.0037630324	0.029749999	39.0	1797.4660403728485
97	229.58574	349.64832	1163.2667	-20.0	65.05082	206.7784	22.041227	218.54416	-3.4305375	3920000	5.122274e-09	16049.02	-0.0022109281	-22.750732	0.5182643	0.0040314337	0.018325	39.0	1816.316984653473
98	221.51682	358.04193	1122.3746	-20.0	62.515774	207.0974	16.549614	219.08224	-1.0904634	3960000	2.7939677e-09	16856.793	-0.0026352145	-47.055664	0.51818866	0.004508281	0.022999998	39.0	1835.3449704647064
99	194.97865	345.7613	1107.2511	-20.0	57.23343	209.8457	14.210305	220.49168	28.278875	4000000	-3.7252903e-09	16988.734	-0.0020744302	-50.07251	0.5338328	0.0033580922	0.014249999	39.0	1854.1621444225311
100	216.33398	355.4958	1087.8279	-20.0	63.290733	206.5774	31.317616	222.79398	-4.1317997	4040000	-6.519258e-09	16156.182	-0.002087581	-71.38745	0.5134958	0.0028817556	0.0199	39.0	1873.0347266197205
101	215.95755	356.85776	1107.6901	-20.0	62.658268	209.43756	13.906055	223.35011	58.790386	4080000	-1.6763806e-08	15899.623	-0.0017688648	-68.2124	0.5192251	0.003276572	0.01805	39.0	1891.5887522697449
102	207.50153	354.17746	1115.2843	-68.051926	59.52324	209.72713	14.857601	225.60901	12.208763	4120000	1.8626451e-09	16877.326	-0.0025381614	-42.914307	0.50349903	0.0049232906	0.02935	39.0	1910.153570175171
103	212.70079	359.32477	1092.7687	-20.0	61.52795	210.9168	17.679123	226.62102	3.4574983	4160000	2.7939677e-09	16587.633	-0.0020463092	-28.807861	0.5083201	0.0036084512	0.0186	39.0	1928.661791563034
104	217.2596	345.5827	1096.8756	-20.0	62.14443	212.67215	15.715206	227.27963	48.23561	4200000	-6.519258e-09	16659.863	-0.0019105404	-81.84668	0.51248336	0.0040062536	0.0189	39.0	1947.3969068527222
105	203.34598	345.39664	1093.3876	-20.0	57.88484	208.4973	13.876345	226.15643	159.66986	4240000	0.0	16121.191	-0.0019910396	-93.870605	0.49418318	0.0036484958	0.022975	39.0	1966.2740240097046
106	232.2524	367.01813	1100.9579	-20.0	64.809135	211.32256	16.55112	227.65604	3.5806642	4280000	1.0244548e-08	16319.958	-0.0021639983	-32.440674	0.48556536	0.0039742123	0.016399998	39.0	1984.9025332927704
107	215.76802	351.6766	1165.0048	-20.0	61.856026	210.90645	22.19771	228.65594	-4.9535694	4320000	-2.7939677e-09	16596.812	-0.0017950572	-78.86035	0.47916734	0.0036082845	0.014374999	39.0	2003.5819833278656
108	214.98056	352.6148	1113.0807	-20.0	61.45201	210.80325	23.368536	230.3527	1.5066769	4360000	-6.519258e-09	16585.562	-0.0017678593	-55.831787	0.46932447	0.0036562032	0.019825	39.0	2021.980190038681
109	239.26973	366.68988	1092.686	-20.0	67.550255	208.47409	26.452606	231.0898	1.8767852	4400000	1.21071935e-08	16175.919	-0.002696075	-81.590576	0.45834368	0.0039274953	0.041575	39.0	2040.210607767105
110	221.12157	366.8601	1096.697	-20.0	62.38679	210.36752	14.387849	231.93011	117.0891	4440000	-2.3283064e-09	16987.004	-0.0023205997	-106.16992	0.46861124	0.0049652713	0.038824998	39.0	2058.7260332107544
111	229.8639	362.75772	1098.2886	-20.0	65.06601	214.05412	21.878311	232.7207	-2.100564	4480000	1.1175871e-08	16093.223	-0.0020711003	-43.371582	0.47130626	0.00394611	0.0207	39.0	2077.216727256775
112	209.06828	345.9739	1114.7638	-20.0	60.304413	215.81165	17.541193	233.94765	-6.294422	4520000	0.0	16136.67	-0.0025742373	-51.382324	0.48066765	0.0033834432	0.02905	39.0	2095.62606883049
113	212.10512	351.59955	1103.9498	-20.0	61.20031	214.052	15.9555855	234.1981	29.825672	4560000	1.4901161e-08	16253.822	-0.002066935	-53.86377	0.45869005	0.004337581	0.0241	39.0	2114.3661274909973
114	215.38686	350.08295	1126.1229	-20.0	63.675762	212.83763	19.46698	234.82448	-10.007481	4600000	-1.3969839e-09	16435.523	-0.0016217702	-43.381836	0.47145203	0.0038302348	0.023349999	39.0	2132.6713387966156
115	203.43144	347.51648	1076.026	-20.0	60.75	211.20695	13.465284	234.47002	77.61232	4640000	-1.4901161e-08	16351.259	-0.0025535412	-269.59326	0.49390253	0.0042545376	0.037550002	39.0	2150.933399438858
116	222.96857	357.8535	1065.9244	-20.0	64.65854	213.84633	23.639002	236.22176	-1.2049596	4680000	3.7252903e-09	16151.485	-0.0016032569	-133.53223	0.45081714	0.0033538179	0.018775001	39.0	2169.369557619095
117	199.98006	340.17477	1080.5636	-30.0	59.729893	209.03815	17.346285	235.08652	-9.037607	4720000	-6.519258e-09	15978.731	-0.0017220522	-165.59009	0.46874535	0.003549702	0.02035	39.0	2188.027131795883
118	237.72345	363.50293	1097.3777	-20.0	69.40385	206.6117	26.672934	234.58125	-11.908405	4760000	1.7229468e-08	15714.424	-0.00178034	-73.601074	0.45570058	0.0036122715	0.0126249995	39.0	2206.4055738449097
119	244.67575	370.46072	1071.3256	-20.0	70.38653	205.67073	28.041712	234.65956	-11.936786	4800000	-1.4901161e-08	15952.689	-0.0019908957	-165.3584	0.4411497	0.0029822653	0.01605	39.0	2224.8723316192627
120	268.7463	387.54428	1099.6398	-20.0	74.4079	210.58176	19.277536	236.36224	3.997048	4840000	1.2805685e-08	16595.549	-0.001408457	-119.54785	0.43643603	0.003573172	0.015975	39.0	2243.5172991752625
121	226.74486	363.4967	1105.324	-20.0	63.69021	215.747	20.10846	238.04652	5.589187	4880000	-3.7252903e-09	16755.662	-0.0017627245	-72.260254	0.42723748	0.0029654237	0.024325	39.0	2262.27476978302
122	234.54756	369.11496	1111.9636	-18.29198	65.346466	211.69522	26.185806	237.81183	-8.1090975	4920000	0.0	16968.879	-0.0021494613	-106.43042	0.43467858	0.004421397	0.025600001	39.0	2281.0504500865936
123	195.71501	347.22357	1111.022	-20.0	55.87183	215.14584	23.02369	238.61775	-8.14318	4960000	-7.450581e-09	17150.748	-0.0018798667	-112.076416	0.43053925	0.003230856	0.016624998	39.0	2299.6368741989136
124	213.72688	361.14276	1096.5317	-20.0	60.146305	212.7855	20.905613	238.80374	0.55822945	5000000	-1.4901161e-08	16648.502	-0.0012340569	-63.575928	0.4267339	0.002647914	0.014049999	39.0	2318.1404287815094
125	226.57133	372.56854	1132.2267	-20.0	63.54735	213.40297	22.754166	238.87863	-6.2097135	5040000	-4.656613e-10	17258.18	-0.0019106087	-85.24414	0.41597864	0.003386666	0.018424999	39.0	2336.6292321681976
126	243.09743	378.97906	1116.7186	-20.0	67.52389	217.5371	27.20907	239.35254	-6.0592585	5080000	1.46683306e-08	16631.41	-0.0016884484	-62.11377	0.41289532	0.003076245	0.017074998	39.0	2355.348176717758
127	238.31337	368.28204	1086.3342	-20.0	66.869125	217.48807	30.33784	240.60104	-12.976027	5120000	7.450581e-09	16057.4795	-0.001405694	-81.26123	0.42322192	0.0022077519	0.01055	39.0	2374.0972802639008
128	223.5732	364.59232	1106.0259	-20.0	63.08241	215.8307	22.466747	242.10724	-8.519157	5160000	-6.9849193e-09	16670.559	-0.0022566721	-57.233643	0.41629767	0.0034424653	0.01915	39.0	2392.6246399879456
129	245.3257	379.1919	1114.6666	-20.0	67.272575	218.97705	17.7694	242.26749	63.39715	5200000	-4.656613e-09	16524.742	-0.0017603517	-87.85986	0.4053541	0.0033998543	0.021724999	39.0	2411.1602540016174
130	237.44447	372.10178	1125.7957	-20.0	65.80265	220.433	19.933525	243.22452	5.2739716	5240000	6.0535967e-09	16867.445	-0.0017848621	-52.32129	0.40755248	0.0033366894	0.01655	39.0	2429.6769065856934
131	207.2523	348.21872	1110.8759	-20.0	58.23774	218.38216	21.422758	243.71857	-2.3657637	5280000	-1.4901161e-08	16510.043	-0.001130405	-105.338135	0.40897042	0.0029665013	0.012025	39.0	2448.177489757538
132	242.92451	378.69623	1126.7092	-20.0	67.04899	216.7324	17.869423	243.97762	11.211329	5320000	-9.313226e-09	16523.627	-0.0017644482	-159.47412	0.40379837	0.0037157813	0.021125	39.0	2466.9323675632477
133	206.3998	358.6836	1091.7654	-20.0	59.30271	218.5256	17.648394	244.96399	95.91368	5360000	-8.8475645e-09	17126.967	-0.0017103776	-156.67944	0.41085568	0.0033709956	0.019274998	39.0	2485.4676020145416
134	233.33522	374.2957	1106.0063	-20.0	64.95395	220.00633	20.539669	246.07274	28.21888	5400000	-3.7252903e-09	16221.554	-0.0015687919	-94.413574	0.40638316	0.0035996255	0.016025	39.0	2504.0463440418243
135	239.15959	376.62436	1087.5099	-20.0	66.494156	221.10797	17.703152	246.84538	85.89336	5440000	0.0	16095.846	-0.0019720602	-81.88208	0.39848816	0.0041391174	0.02095	39.0	2522.8966331481934
136	263.00192	389.04315	1093.1216	-20.0	71.829094	220.0587	18.151962	246.74484	19.312513	5480000	3.259629e-09	16732.066	-0.0015804097	-71.79468	0.39533046	0.0026469743	0.010175	39.0	2541.4146564006805
137	225.08533	367.69418	1086.4009	-20.0	62.783783	222.28897	21.055813	247.23894	-0.020799875	5520000	3.7252903e-09	16306.08	-0.0020050837	-58.854492	0.39543086	0.0038280436	0.02725	39.0	2560.2087020874023
138	238.89507	374.58466	1148.6404	-20.0	65.57095	220.7169	21.097187	247.32729	-6.066334	5560000	-5.5879354e-09	16471.55	-0.0012402603	-93.48486	0.3991686	0.0031666788	0.017324999	39.0	2578.770936012268
139	219.05809	355.5083	1103.8099	-20.0	61.09568	220.64087	19.02784	247.13936	-3.0278285	5600000	3.7252903e-09	16575.928	-0.0013083313	-141.63745	0.3974945	0.0020226042	0.01565	39.0	2597.5624516010284
140	258.0178	393.69495	1119.5553	-20.0	70.09524	217.59317	19.880222	246.49493	-6.9083495	5640000	8.381903e-09	16751.465	-0.0014814526	-139.62451	0.4003114	0.00300378	0.0134	39.0	2616.1180036067963
141	235.65456	373.32245	1091.6277	-20.0	64.9164	223.9806	18.684755	248.3086	78.91534	5680000	1.4901161e-08	16368.557	-0.001657233	-135.67236	0.39748687	0.003217137	0.016399998	39.0	2634.856129169464
142	231.7187	365.2223	1120.3944	-20.0	65.014824	220.3514	27.24575	248.96309	0.123333454	5720000	-6.519258e-09	16415.605	-0.0017264446	-80.34839	0.38955823	0.002789954	0.017975	39.0	2653.3054118156433
143	237.88058	383.56284	1104.2059	-20.0	65.125206	220.5914	19.621021	250.13164	143.71654	5760000	-5.5879354e-09	16543.092	-0.0017156829	-76.80176	0.38765585	0.0026364378	0.01335	39.0	2672.347568511963
144	210.26117	354.59744	1086.2639	-20.0	59.88788	224.0039	22.085148	251.70229	5.438979	5800000	-3.7252903e-09	16614.586	-0.001766203	-231.16113	0.39475775	0.0030852254	0.01785	39.0	2690.8137629032135
145	212.9214	359.65536	1116.543	-20.0	59.97273	216.32565	23.352612	249.69183	-5.651517	5840000	-2.7939677e-09	16928.662	-0.0018864071	-186.10352	0.3920807	0.0027991734	0.020225	39.0	2709.2859847545624
146	225.62082	367.89243	1080.2094	-20.0	63.52153	220.8567	21.258213	249.76143	-5.579464	5880000	-4.656613e-09	16205.121	-0.0016464135	-59.226562	0.38246632	0.0031986188	0.021125	39.0	2727.755682706833
147	216.58965	353.4688	1061.7733	-20.0	62.053207	217.34895	27.12841	250.11533	-21.494022	5920000	8.381903e-09	15811.273	-0.0017412257	-163.46826	0.38917932	0.002641079	0.0227	39.0	2746.526875734329
148	243.5258	374.4966	1084.0564	-20.0	68.62326	214.19992	21.04341	249.88116	33.59243	5960000	-3.7252903e-09	16139.674	-0.0019229657	-178.79492	0.3896769	0.0030047074	0.022875	39.0	2765.1467645168304
149	217.32713	355.0911	1063.3293	-20.0	61.317337	218.82706	22.281229	250.53886	-4.764827	6000000	-3.7252903e-09	15720.5625	-0.002256848	-68.52588	0.3754648	0.00336261	0.018225	39.0	2783.945253133774
150	230.4878	375.2906	1114.6838	-20.0	63.5504	215.00505	22.186567	251.39174	-0.037564993	6040000	-1.8626451e-09	16385.668	-0.0013678712	-156.47192	0.37945008	0.0034438407	0.018675	39.0	2802.5497353076935
151	218.66754	359.3831	1101.4794	-20.0	62.071987	222.5481	21.33013	251.86365	-4.601283	6080000	2.7939677e-09	15763.768	-0.0017275186	-129.50806	0.3761291	0.0029852448	0.014175	39.0	2821.0681159496307
152	216.27345	356.75668	1092.5825	-20.0	62.047245	215.5704	25.646667	253.19756	-9.728405	6120000	6.519258e-09	16475.6	-0.0016695783	-95.0376	0.3783939	0.0030010892	0.013124999	39.0	2839.5169293880463
153	237.3652	370.46695	1091.151	-20.0	67.82564	214.0695	28.648567	252.96695	-13.274008	6160000	4.656613e-09	15880.743	-0.0014505469	-64.40161	0.37144348	0.0021903275	0.010925	39.0	2858.0847611427307
154	226.23383	359.75565	1102.1438	-20.0	64.05958	217.9481	19.622467	253.21477	66.216965	6200000	7.450581e-09	15885.803	-0.0016609066	-49.54248	0.36975494	0.0025160518	0.016375	39.0	2876.8323867321014
155	240.07613	372.61575	1103.4359	-20.0	67.44444	215.7434	19.079638	252.46953	136.62173	6240000	1.0244548e-08	15925.1875	-0.001449235	-72.34326	0.37109068	0.002687336	0.012599999	39.0	2895.405000925064
156	218.91713	359.67276	1088.1228	-18.29198	62.369907	217.65027	23.513193	254.33374	5.1989098	6280000	2.7939677e-09	15951.137	-0.0022319127	-75.61792	0.36779672	0.0032683348	0.0196	39.0	2913.928985595703
157	212.89975	359.74872	1067.4772	-19.11751	60.2614	215.4188	22.835194	253.74176	-3.0840943	6320000	-1.8626451e-09	16269.197	-0.0011313856	-76.07715	0.36241597	0.0025242432	0.009424999	39.0	2932.4078829288483
158	254.0054	383.3632	1084.8755	-20.0	70.49198	218.0075	21.139135	254.9899	6.850459	6360000	-7.450581e-09	16168.517	-0.0015115744	-52.68213	0.35976112	0.0025607292	0.0076749995	39.0	2950.9488623142242
159	205.85199	354.75198	1095.31	-20.0	59.172413	219.81985	25.036669	255.12683	-5.722424	6400000	-5.5879354e-09	16434.928	-0.001705464	-142.3899	0.35909265	0.0024864108	0.015949998	39.0	2969.6066634655
160	202.12881	350.9448	1089.4497	-20.0	57.696663	217.75552	23.351578	255.78015	0.7027006	6440000	1.8626451e-09	15999.379	-0.0016863763	-86.09912	0.3608781	0.0022475284	0.014675	39.0	2988.0885422229767
161	213.90494	345.20264	1103.262	-20.0	60.699696	215.1791	23.57762	256.2669	-7.086221	6480000	6.9849193e-10	15193.104	-0.0016199469	-66.84863	0.36184746	0.003497546	0.016075	39.0	3006.6116988658905
162	251.85954	373.48758	1081.2733	-20.0	70.45242	211.55788	23.79137	256.97668	-8.967307	6520000	2.7939677e-09	15898.16	-0.0014616218	-130.69824	0.36189932	0.002671236	0.010575	39.0	3025.0965807437897
163	207.20253	355.73907	1112.941	-20.0	58.87278	217.23438	21.846083	259.56308	103.37227	6560000	-1.0244548e-08	16418.516	-0.0012899309	-40.843506	0.36106235	0.0023691847	0.016125001	39.0	3043.5965700149536
164	235.41681	376.57004	1101.6079	-20.0	65.73754	216.26476	24.21731	259.79922	-8.007874	6600000	-9.313226e-10	16328.143	-0.0015077898	-103.23535	0.36309206	0.002431327	0.016175	39.0	3062.080664873123
165	240.8859	384.22626	1125.5333	-20.0	66.46064	220.09372	22.58735	261.28812	-21.375395	6640000	-1.4901161e-08	16678.81	-0.0017250055	-82.72925	0.3671546	0.0034469687	0.016199999	39.0	3080.762223958969
166	220.10124	369.90787	1137.9832	-20.0	61.40591	221.8408	25.257715	263.6487	-0.25243568	6680000	9.313226e-09	16655.986	-0.0019641346	-134.89087	0.3638759	0.0032489062	0.021775	39.0	3099.3732693195343
167	245.69905	379.1006	1108.3656	-20.0	67.962326	221.15002	25.427656	263.0856	-9.224232	6720000	-4.656613e-09	16363.877	-0.0014834949	-118.680176	0.36712474	0.0025201463	0.013525	39.0	3117.874421596527
168	248.8536	377.62073	1144.592	-10.0	68.912895	221.03986	22.446966	262.816	-6.128438	6760000	-1.5832484e-08	16254.555	-0.0016452614	-45.114014	0.3628404	0.0025012707	0.0209	39.0	3136.3696534633636
169	264.6373	393.76816	1128.0479	-20.0	71.960144	220.69875	20.86417	263.73743	143.34035	6800000	-1.9557774e-08	16355.221	-0.0014844809	-138.10645	0.36221242	0.0035037335	0.0142	39.0	3154.859006166458
170	186.041	329.28372	1123.0336	-20.0	53.621292	225.78473	21.996233	266.26083	144.52371	6840000	-1.1175871e-08	16390.984	-0.0015302175	-321.90283	0.3604914	0.003031473	0.017724998	39.0	3173.633378982544
171	246.84393	375.6578	1123.5034	-20.0	67.931274	211.19373	22.00063	263.54913	19.939953	6880000	7.450581e-09	16599.55	-0.0015840982	-235.29883	0.36094034	0.0029424746	0.017125	39.0	3192.2345242500305
172	249.91295	383.97208	1100.4319	-20.0	67.42177	220.25667	23.209436	265.90717	-2.3697486	6920000	5.5879354e-09	16438.16	-0.0015273716	-105.677	0.3605035	0.0026171245	0.016325	39.0	3210.640322446823
173	196.08084	344.46695	1148.5996	-20.0	54.973648	223.7844	22.969614	267.88998	109.36484	6960000	-1.3969839e-08	17124.86	-0.0017242315	-145.9978	0.35144097	0.0030355533	0.0128500005	39.0	3229.1244320869446
174	276.9361	394.47385	1125.052	-20.0	74.04461	219.46643	21.192165	264.22238	105.66367	7000000	7.450581e-09	16737.986	-0.001380436	-125.578125	0.34569237	0.0016790273	0.011349999	39.0	3247.576462984085
175	219.50624	367.25287	1123.0867	-20.0	59.636635	224.6969	21.836351	265.2375	138.07945	7040000	-1.2572855e-08	16955.338	-0.0013036565	-51.162354	0.35040948	0.0018334142	0.01295	39.0	3266.287608861923
176	243.5325	383.30878	1144.0792	-15.828795	66.31658	223.92015	25.027298	265.32465	-8.928101	7080000	7.450581e-09	17182.076	-0.0013842343	-47.720215	0.3466587	0.002311504	0.015024999	39.0	3284.949876308441
177	244.12125	376.89285	1104.6453	-20.0	66.31553	224.9274	22.457119	266.8831	64.36387	7120000	-1.8626451e-09	17030.674	-0.0020679892	-137.78662	0.34558243	0.0029646186	0.020875	39.0	3303.47993350029
178	221.73915	368.00348	1139.7887	-20.0	61.227203	222.44737	23.841175	266.35492	26.071972	7160000	5.5879354e-09	17134.9	-0.001424866	-202.21509	0.34566748	0.0026750448	0.011399999	39.0	3322.025292158127
179	229.59805	372.07114	1131.5579	-20.0	62.352848	223.3009	24.14589	264.7027	22.465448	7200000	1.1175871e-08	17344.371	-0.0014281068	-99.39307	0.34252262	0.0029608074	0.015024999	39.0	3340.596660375595
180	246.8506	380.17493	1122.6409	-20.0	67.057335	223.234	30.457207	263.31445	-2.483528	7240000	3.259629e-09	16845.389	-0.0017466634	-91.41113	0.34583324	0.002341623	0.016775	39.0	3359.1206073760986
181	229.27245	376.54108	1130.1464	-20.0	62.19718	223.42873	23.144964	261.54376	27.115559	7280000	1.3969839e-08	17403.371	-0.0011580549	-124.691895	0.34925482	0.0019308123	0.015925001	39.0	3377.7491142749786
182	246.10425	388.9761	1132.141	-20.0	66.27899	223.80693	28.34665	263.56302	-7.133344	7320000	1.8626451e-09	17451.127	-0.0016294068	-79.48584	0.35528848	0.0025690317	0.014599999	39.0	3396.4388315677643
183	208.98181	365.43466	1121.9865	-20.0	57.70381	227.40955	26.272717	267.05444	6.2809043	7360000	1.1175871e-08	17536.887	-0.0017758594	-215.35596	0.3513992	0.002853788	0.014625	39.0	3415.0955691337585
184	251.59933	388.8876	1109.9562	-20.0	67.655876	224.27405	28.482473	267.09073	-4.614376	7400000	-6.9849193e-09	16802.459	-0.0017443772	-88.78174	0.3565423	0.002746	0.013474999	39.0	3433.6139578819275
185	224.06279	367.01276	1108.6174	-20.0	61.55504	226.11055	24.086626	268.4969	21.344973	7440000	-1.3038516e-08	17109.346	-0.0016068855	-146.76587	0.3560222	0.0019463007	0.014149999	39.0	3452.133691549301
186	246.73958	379.85788	1121.7284	-20.0	67.33843	222.5008	24.703388	268.76764	15.69912	7480000	1.3969839e-09	16791.527	-0.0013458654	-81.531006	0.35088244	0.002572117	0.0129	39.0	3470.652990102768
187	204.61343	348.5641	1122.8335	-20.0	57.262627	224.4187	26.224062	268.5495	5.849862	7520000	-1.3038516e-08	17004.611	-0.001680702	-194.80005	0.34932795	0.0021393558	0.017324999	39.0	3489.2690472602844
188	252.932	386.2905	1115.3655	-20.0	68.3737	218.1253	25.346296	264.82938	-13.747191	7560000	1.8626451e-09	17241.523	-0.0013234257	-177.61646	0.34487888	0.0021846783	0.015825	39.0	3507.8911917209625
189	241.2112	371.37338	1124.5126	-20.0	65.773926	225.84415	26.239216	265.72134	-0.092182875	7600000	3.259629e-09	16168.551	-0.0015816386	-71.03198	0.34135285	0.0032432983	0.0173	39.0	3526.5078423023224
190	238.43579	374.44464	1114.9551	-20.0	64.58033	220.8124	28.94552	267.2334	-14.895401	7640000	-1.8626451e-09	16615.184	-0.0016087021	-91.44653	0.3402062	0.0024633668	0.021425	39.0	3544.9669852256775
191	236.90887	365.3959	1109.3247	-20.0	64.94089	225.45215	23.66658	267.68185	147.27165	7680000	1.8626451e-09	16912.59	-0.0015507601	-101.37158	0.3412904	0.0030004308	0.0187	39.0	3563.4636104106903
192	276.02316	384.33685	1128.8856	-20.0	74.03918	220.86525	25.033558	267.945	15.070661	7720000	3.0267984e-09	16074.152	-0.0011682515	-112.250244	0.34131956	0.0027365554	0.01385	39.0	3581.9316086769104
193	224.71701	371.24426	1119.7975	-20.0	61.335915	224.23296	25.015522	269.57855	1.7714388	7760000	-7.450581e-09	16780.734	-0.0018262169	-130.84912	0.33915457	0.002917487	0.017425	39.0	3600.6265876293182
194	231.87112	380.29263	1146.7177	-20.0	63.102238	225.65077	23.874105	269.5395	33.622494	7800000	0.0	17355.621	-0.0012619201	-72.41992	0.3342405	0.0016641994	0.011125	39.0	3619.1374678611755
195	212.23186	353.06696	1111.9785	-20.0	58.335777	227.10825	25.88589	271.78845	32.151707	7840000	1.8626451e-09	16718.295	-0.0017634523	-182.54639	0.32978863	0.00255523	0.015075	39.0	3637.6430151462555
196	243.8519	376.66122	1115.231	-20.0	66.52605	219.51675	30.184305	268.9932	-24.286823	7880000	7.450581e-09	16379.508	-0.0015344839	-91.743164	0.33154738	0.0025941324	0.012049999	39.0	3656.11966753006
197	220.13672	369.1737	1138.1766	-20.0	60.0	224.3145	24.602842	270.6516	99.70706	7920000	8.1490725e-09	17221.254	-0.001759574	-90.831055	0.3265997	0.003048996	0.015874999	39.0	3674.6252195835114
198	220.85797	373.41928	1120.5902	-20.0	60.342464	225.5805	25.11371	269.48926	28.90651	7960000	-6.519258e-09	17180.38	-0.0018074949	-49.86084	0.32471943	0.002633639	0.023799999	39.0	3693.235746383667
199	224.03076	368.46515	1114.3547	-20.0	61.02778	225.3987	28.300676	269.99564	-6.1330853	8000000	9.313226e-10	17004.707	-0.0013041748	-91.65869	0.3275868	0.002759037	0.01235	39.0	3711.709461927414
200	230.3855	370.32104	1140.2108	-20.0	63.1672	221.74055	32.98113	270.85458	-4.658083	8040000	6.0535967e-09	16795.262	-0.0015144987	-78.4624	0.3203663	0.0024767076	0.01495	39.0	3730.1903972625732
201	254.52208	394.489	1128.1028	-20.0	67.708405	222.9493	25.7781	272.19516	7.48351	8080000	-7.916242e-09	17387.723	-0.0014551135	-132.8916	0.32454732	0.002036925	0.015424999	39.0	3748.717695951462
202	213.76372	354.05112	1098.8506	-20.0	58.519882	229.89285	25.284155	274.88065	139.2225	8120000	0.0	16796.215	-0.0014888151	-233.77588	0.32305288	0.0028431043	0.01255	39.0	3767.2089550495148
203	232.62953	368.00323	1102.0907	-19.11751	63.270702	220.64032	30.813177	275.20215	-28.380482	8160000	-1.1175871e-08	16899.193	-0.0017400556	-194.40894	0.31892484	0.0030764714	0.017324999	39.0	3785.846036195755
204	218.01633	366.69632	1144.7294	-20.0	59.35479	221.83067	26.705166	274.67114	8.558267	8200000	1.8626451e-09	17522.838	-0.0015933737	-149.6958	0.31936026	0.003115735	0.0207	39.0	3804.630361557007
205	255.20995	387.6286	1119.5222	-20.0	67.66044	223.81015	25.435448	273.048	10.190943	8240000	6.519258e-09	17433.127	-0.0017305684	-183.81934	0.32045874	0.002926748	0.015749998	39.0	3823.0779836177826
206	237.39587	389.99326	1125.4769	-20.0	64.009674	227.14005	26.04185	273.58148	-5.1194324	8280000	5.122274e-09	17941.938	-0.001636486	-149.7583	0.317761	0.003000946	0.013425	39.0	3841.6162462234497
207	246.48874	397.12952	1167.436	-20.0	66.1564	229.78944	27.20671	274.39447	13.301143	8320000	1.0244548e-08	17617.148	-0.0011971537	-78.89404	0.3165324	0.0022502947	0.008125	39.0	3860.1427223682404
208	209.53911	353.4773	1103.1737	-20.0	58.241226	231.0074	29.142605	274.6986	-6.297372	8360000	3.7252903e-09	16940.344	-0.0018497133	-256.76294	0.3176903	0.0023165504	0.018174998	39.0	3878.8523070812225
209	252.06746	388.4765	1103.2905	-20.0	68.606895	218.62335	29.417635	272.32483	6.6161776	8400000	-9.313226e-09	17012.441	-0.0013926304	-275.31982	0.31505185	0.0016194691	0.01115	39.0	3897.468424797058
210	229.22229	373.21365	1097.4146	-20.0	63.799355	225.60855	30.039635	274.65857	6.0784464	8440000	-5.5879354e-09	17383.523	-0.001261347	-117.29663	0.3105567	0.0025737518	0.01355	39.0	3916.282459259033
211	234.51932	375.34927	1116.6985	-20.0	64.061195	223.7751	28.284807	274.5002	-8.288605	8480000	-3.7252903e-09	16865.557	-0.0016168421	-227.27075	0.31017828	0.003007678	0.019825	39.0	3934.8212988376617
212	254.7732	381.97028	1106.6659	-20.0	68.890625	221.68053	29.645975	271.77753	-8.2563715	8520000	-2.7939677e-09	16825.643	-0.0015677465	-216.03589	0.3079378	0.0017750663	0.012175	39.0	3953.3417019844055
213	225.87958	375.84094	1131.0887	-20.0	62.359623	223.95226	24.682108	271.624	39.064243	8560000	-1.1175871e-08	17284.41	-0.0017362665	-158.16748	0.30546808	0.0029922104	0.018199999	39.0	3971.9174058437347
214	241.51451	380.13092	1105.5988	-20.0	65.54139	225.79585	25.67128	272.26898	44.456703	8600000	9.313226e-09	16728.883	-0.0015321466	-81.28345	0.3029626	0.003460289	0.014474999	39.0	3990.606767654419
215	193.51749	344.80014	1145.7692	-20.0	53.908344	225.1135	25.88722	274.71954	139.3846	8640000	7.450581e-09	16968.422	-0.0017702444	-121.62402	0.31203496	0.002919292	0.0198	39.0	4009.3040523529053
216	253.38547	386.50357	1133.3823	-20.0	68.04787	221.7541	26.075144	274.093	58.165356	8680000	0.0	16642.041	-0.0018933165	-184.06812	0.30872256	0.0028083	0.02795	39.0	4027.999594926834
217	231.69292	369.54166	1117.7362	-20.0	63.829308	225.265	30.94939	274.38864	-20.848795	8720000	2.3283064e-09	16246.886	-0.0015599204	-52.01172	0.31999123	0.0024572946	0.01545	39.0	4046.4852781295776
218	206.17612	362.0138	1117.0371	-20.0	57.46793	223.93387	27.719381	273.6606	14.070848	8760000	-4.656613e-09	17117.92	-0.0016476584	-91.0874	0.31414318	0.0024357915	0.015024999	39.0	4064.9994707107544
219	239.81677	382.51337	1124.9923	-20.0	65.56167	224.09587	29.66246	274.899	-15.429415	8800000	0.0	16974.39	-0.0017663691	-84.59473	0.31040013	0.0023961752	0.01565	39.0	4083.45268368721
220	264.37714	391.47824	1132.1512	-20.0	71.26126	228.31985	26.279545	276.74142	129.28271	8840000	4.656613e-09	17106.043	-0.0011559355	-65.117676	0.310255	0.0021738417	0.010275	39.0	4101.90358042717
221	196.08643	347.64398	1111.0951	-20.0	54.502056	227.16107	28.808466	275.60574	10.451615	8880000	-6.9849193e-09	16716.484	-0.0014029847	-113.613525	0.3078462	0.002655475	0.0136750005	39.0	4120.765261411667
222	232.67046	380.33194	1116.63	-20.0	63.414673	219.4289	32.81363	273.93042	-15.391682	8920000	-5.5879354e-09	17093.434	-0.0017075837	-158.85376	0.30855697	0.0025463956	0.0172	39.0	4139.369973659515
223	226.01378	378.57074	1139.2516	-30.0	61.79095	226.21242	27.945831	275.9637	2.8689694	8960000	4.656613e-09	17519.508	-0.0015600407	-112.52344	0.30737275	0.0018177375	0.01225	39.0	4157.853695392609
224	236.70718	375.31305	1133.7036	-20.0	63.802883	227.8546	27.558222	275.38254	130.12804	9000000	1.3038516e-08	17252.611	-0.0013964493	-114.38574	0.30787298	0.0021113998	0.011849999	39.0	4176.499137639999
225	216.27853	359.44028	1116.8008	-20.0	59.531437	224.2118	30.02017	275.612	-21.187433	9040000	-9.313226e-10	17106.246	-0.0013411556	-180.27881	0.3050857	0.0022746222	0.01365	39.0	4194.948466539383
226	202.23314	350.29443	1101.9459	-20.0	56.16034	219.1549	30.984854	272.59412	-16.054968	9080000	5.5879354e-09	17052.152	-0.0011348377	-146.77197	0.30276126	0.0021131546	0.01005	39.0	4213.571962118149
227	236.72139	380.78516	1103.926	-20.0	63.633442	219.50642	28.060343	271.45963	47.844433	9120000	1.4901161e-08	17350.93	-0.0015008058	-346.73828	0.29710227	0.0021687367	0.011975	39.0	4232.023509025574
228	249.03926	388.11926	1110.6569	-20.0	66.60301	226.6679	26.42441	274.4457	126.032326	9160000	5.122274e-09	17216.648	-0.0015623795	-50.361816	0.2944324	0.002450244	0.013975	39.0	4250.543554782867
229	268.89243	405.8879	1126.3398	-20.0	71.13899	228.58282	25.583433	275.3924	126.57305	9200000	0.0	17363.418	-0.001131095	-117.118164	0.29686427	0.0018733148	0.0126249995	39.0	4269.037968873978
230	214.62076	363.97168	1128.9546	-20.0	58.531757	232.56136	27.938288	277.95334	-3.1816065	9240000	9.313226e-10	17147.81	-0.001621518	-127.11963	0.3022316	0.0021045015	0.01595	39.0	4287.537643432617
231	212.6245	358.5529	1106.0405	-20.0	58.62426	226.1003	29.890196	279.72208	-7.838777	9280000	-6.519258e-09	17314.146	-0.0014737179	-134.17163	0.3081935	0.0023816116	0.013075	39.0	4305.977041244507
232	234.85072	377.7026	1179.9216	-20.0	63.626408	222.1247	27.9893	281.02515	125.096725	9320000	-1.21071935e-08	17568.223	-0.0015713107	-394.79492	0.29862487	0.0021050482	0.016649999	39.0	4324.605829000473
233	211.76662	361.16144	1108.9081	-20.0	58.553253	224.87025	29.967676	278.65018	-4.4246254	9360000	4.1909516e-09	17087.91	-0.0014117085	-121.11206	0.3006076	0.0014337297	0.013874999	39.0	4343.108028888702
234	254.95375	382.85855	1114.0438	-20.0	68.57958	221.8698	30.5812	278.41248	2.9437706	9400000	3.259629e-09	16582.703	-0.00082226074	-106.457275	0.30478716	0.0018197782	0.007825	39.0	4361.657563924789
235	230.5322	378.6315	1126.1564	-20.0	63.017487	225.67735	27.192019	278.97598	13.89246	9440000	1.0244548e-08	17228.191	-0.0014018272	-60.939697	0.30675215	0.0020669892	0.008974999	39.0	4380.198520898819
236	223.62491	369.96414	1097.9961	-20.0	61.807156	227.24075	27.944414	279.02417	131.51468	9480000	5.5879354e-09	17035.81	-0.0016519912	-196.5022	0.3110664	0.0027196205	0.0177	39.0	4398.854916810989
237	227.82474	367.81577	1088.5267	-20.0	62.888535	223.36542	27.88373	281.11273	48.35541	9520000	-2.7939677e-09	17273.63	-0.0015189626	-162.29785	0.3075619	0.0022562968	0.015974998	39.0	4417.389889240265
238	195.89491	345.20157	1125.1182	-20.0	55.094574	221.50134	29.64001	279.3944	42.905823	9560000	-7.450581e-09	17229.61	-0.0013146042	-198.10791	0.30964366	0.00174539	0.012924999	39.0	4435.920777082443
239	265.8169	397.50992	1093.8678	-20.0	71.40288	217.3763	28.634697	275.85138	37.052856	9600000	-1.1175871e-08	16756.188	-0.0011468244	-319.68994	0.30317807	0.0024695036	0.008275	39.0	4454.3951461315155
240	226.83122	370.0623	1125.8231	-20.0	62.035824	227.0772	26.639359	278.88907	-4.012844	9640000	1.6763806e-08	17126.062	-0.001716877	-182.29297	0.3053128	0.0023516172	0.017524999	39.0	4473.064868688583
241	244.81526	390.41592	1090.4952	-20.0	65.63036	222.82684	26.705729	277.61655	120.20694	9680000	1.1175871e-08	16517.914	-0.0010324597	-172.16675	0.3039774	0.0016893573	0.0078	39.0	4491.592574357986
242	220.16342	368.12268	1090.1349	-20.0	60.84356	228.58882	27.508291	278.0703	129.51794	9720000	1.8626451e-09	17036.648	-0.0016391521	-129.20898	0.30162054	0.002168084	0.015674999	39.0	4510.023685216904
243	260.4089	386.3827	1104.3853	-20.0	70.57194	222.8641	31.535143	280.1835	-1.1367261	9760000	-1.3969839e-09	16532.295	-0.001414719	-200.88135	0.30859822	0.0022583548	0.013574999	39.0	4528.6642343997955
244	213.46399	364.28992	1107.1935	-20.0	58.92857	225.87856	28.547834	280.4546	14.228422	9800000	-7.450581e-09	16920.736	-0.0013816948	-129.84595	0.29860133	0.001776427	0.015625	39.0	4547.080774784088
245	216.59659	358.4429	1100.1	-20.0	60.326717	224.38017	30.591675	283.20886	112.0288	9840000	-4.1909516e-09	16792.338	-0.0014883056	-165.10522	0.3013643	0.0024590748	0.0131250005	39.0	4565.570543527603
246	277.29657	392.20886	1111.2015	-20.0	74.29135	221.16805	27.65665	280.8506	128.92407	9880000	0.0	16655.156	-0.0012426506	-121.12671	0.30088657	0.002413419	0.014024999	39.0	4584.087448596954
247	196.53836	349.70145	1092.0808	-20.0	55.879772	225.9912	31.150349	280.78763	13.491175	9920000	-1.8626451e-09	17457.934	-0.0014582509	-171.0083	0.29540583	0.0022338883	0.016424999	39.0	4602.615514755249
248	205.88557	352.18176	1101.7269	-20.0	57.322254	220.11246	29.49885	277.92657	17.873608	9960000	-3.7252903e-09	16825.527	-0.0012901556	-75.38428	0.2960388	0.0015091379	0.0125	39.0	4621.230265378952
249	208.60913	369.11362	1109.012	-20.0	57.299564	218.1136	29.001524	278.41687	-28.172024	10000000	-7.916242e-09	17546.37	-0.0013946397	-153.5	0.2901777	0.0017899718	0.011599999	39.0	4640.080040693283
