Epoch	AverageEpRet	StdEpRet	MaxEpRet	MinEpRet	EpLen	AverageVVals	StdVVals	MaxVVals	MinVVals	TotalEnvInteracts	LossPi	LossV	DeltaLossPi	DeltaLossV	Entropy	KL	ClipFrac	StopIter	Time
0	-3.0583122	13.119257	68.22015	-59.711544	16.53524	0.13232708	0.17735264	0.52998704	-0.098095395	50000	-0.0055998955	187.77652	-0.007079546	-11.831572	1.774691	0.013329987	0.09973	34.5	28.509226322174072
1	-3.324262	17.301996	208.70615	-65.14688	24.894289	-2.0464265	3.4683018	7.0785093	-7.693677	100000	-0.00219688	358.41797	-0.004806198	-37.816887	1.7616596	0.010713842	0.05998	39.0	56.88366341590881
2	-4.6557307	16.435919	100.24363	-66.24021	31.397346	-6.385677	6.8061624	13.497026	-16.54769	150000	-0.0015021879	284.53644	-0.004971039	-21.46744	1.7555668	0.010472041	0.054509997	39.0	85.48185229301453
3	-3.26495	16.904108	249.0828	-64.65817	29.08513	-7.6214056	9.443379	13.944797	-23.167873	200000	-0.0024693822	277.61847	-0.0047914553	-5.762106	1.7495052	0.010558266	0.09113	39.0	113.0517737865448
4	-2.2818642	17.482588	269.31293	-63.85402	24.39853	-5.7065926	8.73238	14.216981	-24.288334	250000	-0.0044460967	281.42654	-0.004580962	-7.315569	1.7478477	0.01297131	0.12888	34.5	141.0382010936737
5	-2.417477	18.532057	172.71255	-61.179302	25.270876	-1.5866759	7.436445	17.554808	-23.80141	300000	-0.0036449078	336.78546	-0.005091505	-17.586973	1.7241521	0.009175494	0.08497	39.0	169.08502221107483
6	-0.9508598	22.762478	420.72827	-55.813347	21.02064	-0.4671929	8.9034195	22.759695	-23.224384	350000	-0.0029519908	457.3295	-0.0052479124	-26.358223	1.6971726	0.0106970295	0.09357	39.0	197.7235391139984
7	1.0705818	27.608435	280.60785	-66.03842	30.773432	1.6391747	8.604366	28.309196	-22.146437	400000	-0.0033732206	521.7886	-0.005073192	-24.709366	1.685458	0.009044531	0.11068	39.0	227.7948546409607
8	3.153447	34.062447	338.6869	-64.85696	30.485556	2.1393313	12.689981	29.885836	-18.59105	450000	-0.001684865	636.981	-0.0058745863	-25.548737	1.6610663	0.010021159	0.0642	39.0	256.525025844574
9	8.140437	43.714973	360.90253	-65.13375	38.246735	5.351779	16.82096	35.999603	-20.763853	500000	-0.0025749374	760.2191	-0.006698519	-26.239067	1.642278	0.012089543	0.09419	39.0	286.1245849132538
10	12.112948	56.008358	486.36746	-59.232853	31.781668	9.065045	20.10651	43.130527	-23.822493	550000	-0.0030670948	1463.5505	-0.0061476524	-90.087105	1.6113454	0.011640478	0.1067	39.0	315.66795325279236
11	11.380515	60.79613	473.3267	-66.707565	26.683422	20.21675	21.848988	55.258186	-22.32572	600000	-0.0042093694	1671.8145	-0.0046695424	-77.27632	1.587635	0.008432717	0.09582999	39.0	345.3407642841339
12	26.09851	91.05639	709.3052	-55.278435	33.823967	31.002674	26.213161	64.68955	-15.77742	650000	-0.0019462667	2803.1235	-0.00515584	-153.5018	1.554055	0.009460313	0.08492	39.0	374.9947612285614
13	34.9109	103.49724	624.77277	-65.8641	40.376118	40.001297	32.601635	77.50215	-12.74619	700000	-0.00235584	2768.9492	-0.005140687	-82.29261	1.5305889	0.010338201	0.066589996	39.0	406.5124797821045
14	31.428726	101.27688	754.4273	-55.181187	33.58401	45.09392	36.354836	86.41781	-16.081772	750000	-0.002040103	2890.0027	-0.00422112	-89.9995	1.5079987	0.010934961	0.07784	39.0	434.63556432724
15	40.161575	119.72068	809.98334	-64.68822	39.10972	49.04152	38.985104	95.80268	-15.220612	800000	-0.0022090692	3860.851	-0.003933778	-94.893936	1.4856652	0.008881239	0.07516	39.0	466.69192385673523
16	41.160515	124.505905	801.52106	-59.501328	37.12128	55.24124	43.061783	104.149895	-19.704372	850000	-0.002857836	3878.6042	-0.004186435	-75.1134	1.4772894	0.008177884	0.079629995	39.0	495.73370027542114
17	41.637516	126.42247	769.83234	-62.93016	35.12775	61.74724	45.33719	109.84558	-14.561418	900000	-0.00266226	4104.076	-0.0044320025	-65.80295	1.4515543	0.011273472	0.07386	39.0	527.3412654399872
18	33.344326	111.77649	690.1615	-51.92735	28.196257	66.556465	46.355213	115.85459	-14.860639	950000	-0.0022224933	3921.1099	-0.0037295911	-73.31044	1.4267504	0.0070752045	0.050069995	39.0	558.0687503814697
19	42.828556	128.58696	770.2537	-63.870277	33.180546	68.46768	46.939117	117.13981	-12.521017	1000000	-0.0024506347	4286.493	-0.0038490696	-51.388767	1.4007	0.008491052	0.072569996	39.0	589.9391982555389
20	51.718903	141.87573	785.69366	-66.483574	37.76064	72.28735	50.685104	122.51118	-14.202876	1050000	-0.0039171055	4390.552	-0.0036605666	-60.505093	1.394316	0.00939381	0.079050004	39.0	622.6131701469421
21	53.106514	144.89902	690.79114	-63.719025	36.858414	77.91145	52.97328	125.75562	-18.995806	1100000	-0.0019943314	4350.5156	-0.0034498516	-30.097782	1.3796265	0.009045441	0.051459998	39.0	655.1284341812134
22	58.016388	155.50342	797.55493	-61.419994	39.218426	80.65646	52.84969	127.96398	-17.736944	1150000	-0.0009292662	4978.1094	-0.0039464612	-61.104836	1.3794129	0.008228447	0.0469	39.0	688.2056157588959
23	72.69378	172.53438	815.552	-63.80668	46.70478	84.33932	55.322613	132.7957	-16.295387	1200000	-0.0014458501	4921.089	-0.003977846	-68.99992	1.3555577	0.009690918	0.055529997	39.0	720.4838473796844
24	63.89893	156.11385	751.3031	-61.371475	42.61221	85.00992	59.613045	136.30429	-19.881184	1250000	-0.0016172952	4834.171	-0.003970322	-23.257908	1.3342246	0.00861592	0.06471	39.0	752.7278921604156
25	70.411804	169.72171	817.3902	-63.670387	43.261738	83.95709	58.412704	135.83319	-17.702524	1300000	-0.001583077	5556.6553	-0.003171911	-41.145424	1.3218702	0.00971707	0.06577	39.0	785.9707775115967
26	48.45808	142.3222	773.877	-58.088356	32.982143	89.48272	58.105904	137.90607	-16.334545	1350000	-0.0011575874	4820.1216	-0.0037329756	-48.988598	1.3372581	0.009229677	0.06707	39.0	819.0525367259979
27	55.978172	156.41695	839.18396	-52.584255	36.147636	86.5321	55.905487	135.636	-13.121631	1400000	-0.002791741	5056.4844	-0.0031890944	-42.487442	1.3339794	0.011534516	0.070089996	39.0	848.5394954681396
28	63.57304	162.95268	859.0031	-56.5261	41.599663	87.82647	57.38942	140.35478	-14.194902	1450000	-0.001579064	5215.5117	-0.0038172277	-98.7348	1.3136396	0.0089866975	0.052770004	39.0	877.0168790817261
29	57.229446	157.83752	790.56006	-49.06267	36.956165	87.59697	58.915104	141.1288	-15.822101	1500000	-0.001976844	4990.362	-0.002689806	-70.37915	1.2866701	0.0075083105	0.05206	39.0	910.2684924602509
30	59.342514	159.02098	858.21204	-52.191685	36.880917	89.66516	56.23261	143.12062	-6.0539646	1550000	-0.0019379109	5207.225	-0.0035951706	-68.77507	1.2645087	0.007662349	0.05953	39.0	941.1254603862762
31	66.50812	168.80132	929.3921	-57.604885	40.830048	90.1462	57.434105	148.79492	-10.459668	1600000	-0.001988368	5447.942	-0.003886092	-94.513336	1.2558622	0.0091748405	0.06304	39.0	973.7897584438324
32	70.08844	179.35909	871.2745	-56.451195	41.18482	89.3659	61.830273	149.85793	-15.618301	1650000	-0.0015368871	5762.746	-0.003180004	-84.79668	1.2296903	0.009531915	0.06319	39.0	1006.7865223884583
33	65.186485	174.18106	895.33875	-58.555	37.747143	94.66104	64.28466	156.48042	-14.788695	1700000	-0.0010394016	6028.3945	-0.003442585	-36.115894	1.2079822	0.007284165	0.041029997	39.0	1039.9125037193298
34	69.48654	183.01369	939.56464	-48.975048	38.41113	98.67833	64.14941	159.94814	-12.61419	1750000	-0.0018249378	6184.7812	-0.003007174	-61.40162	1.196807	0.009406131	0.06895	39.0	1072.7733688354492
35	68.96396	185.24266	916.7704	-57.32609	39.50199	102.20535	65.61003	164.80988	-11.747505	1800000	-0.0023291316	6426.0303	-0.002602763	-44.13233	1.1950977	0.006939526	0.05583	39.0	1106.8223502635956
36	90.89987	202.95029	891.04736	-61.08972	51.10597	101.93934	69.667694	168.0805	-17.033201	1850000	-0.0025348533	6080.574	-0.0024098181	-57.246864	1.189475	0.0073162555	0.05946	39.0	1139.330796957016
37	77.37696	198.55405	922.9161	-77.0688	43.103897	99.30716	68.71962	168.67493	-19.289545	1900000	-0.00059306435	6738.881	-0.0041434737	-86.032135	1.1764796	0.007191783	0.062289998	39.0	1169.573749780655
38	94.70451	217.72107	978.9306	-64.735405	49.91019	105.26587	72.06777	169.11314	-15.944085	1950000	-0.00021336204	7240.2676	-0.004397075	-75.41048	1.1895553	0.008410983	0.05344	39.0	1196.951009273529
39	91.11245	212.09909	1013.0098	-62.273888	48.983135	108.6149	73.67361	173.04793	-17.362707	2000000	-0.0013868627	7521.2207	-0.0028450084	-112.82806	1.1889797	0.0069355527	0.062009998	39.0	1225.1197690963745
40	90.82259	214.91618	1006.23474	-57.97309	47.510616	109.44719	74.49171	175.49641	-17.767704	2050000	-0.0011268305	7617.4863	-0.003521075	-134.66913	1.182307	0.007189489	0.04366	39.0	1256.6500840187073
41	94.04391	216.09569	917.83777	-58.975662	49.28472	112.70706	73.89477	179.55432	-33.526268	2100000	-0.0010483414	7192.0747	-0.004354378	-60.188923	1.1749265	0.006792945	0.051540002	39.0	1290.3897066116333
42	93.43342	223.7675	970.5349	-62.779957	47.260246	110.48936	73.43782	180.68443	-14.828912	2150000	-0.00010418706	7717.331	-0.003465312	-73.8	1.1534449	0.0062416894	0.04601	39.0	1323.1552519798279
43	76.704506	193.80511	1016.8044	-55.76019	41.195835	111.25209	76.36562	185.75311	-14.916434	2200000	-0.0027659847	7678.496	-0.0036707004	-150.66235	1.1401598	0.0070207114	0.05416	39.0	1351.4389333724976
44	98.14973	222.20259	977.8862	-56.297707	50.14127	107.87352	74.03644	187.01517	-18.990507	2250000	-0.0016844478	7777.1035	-0.0035408728	-103.580185	1.115315	0.0069339746	0.055099998	39.0	1379.615152835846
45	86.091156	210.45662	975.2846	-53.4507	43.872	111.52997	74.39463	188.64877	-14.791367	2300000	-0.0015637893	7694.3115	-0.0028592881	-79.91325	1.1071596	0.0077966433	0.0497	39.0	1407.1577596664429
46	83.34315	212.2687	958.5302	-65.932594	42.454857	115.96501	73.02444	192.79883	-13.115752	2350000	-0.0009359587	7421.4297	-0.002870428	-52.433113	1.0790367	0.007572313	0.05335	39.0	1440.2916886806488
47	98.30177	231.32545	949.89716	-63.728786	48.200195	115.4473	75.32941	193.96031	-14.86379	2400000	-0.00087911077	7903.161	-0.0035562664	-72.4783	1.079957	0.0056250226	0.063319996	39.0	1473.5672779083252
48	99.69575	240.51839	994.36285	-55.915955	48.41262	118.79528	79.01534	197.00789	-19.106924	2450000	-0.0011257939	8139.198	-0.0034189238	-113.851814	1.0684047	0.005830521	0.04553	39.0	1506.4840514659882
49	103.849556	238.73193	1011.38556	-57.95369	50.500507	124.28256	82.002525	199.22737	-18.940737	2500000	-0.0023883316	7812.7285	-0.002793739	-58.099632	1.0731536	0.0068053273	0.06222	39.0	1534.335197210312
50	103.25601	240.31834	1000.41895	-57.47438	48.706863	121.90894	80.04745	200.11845	-17.303791	2550000	-0.00047915243	8576.631	-0.003819535	-77.344376	1.0586287	0.0073486143	0.03926	39.0	1568.015244960785
51	116.543465	248.79727	1047.4829	-58.29957	52.73589	124.43644	81.349884	202.16743	-15.97185	2600000	-0.0013552504	9017.08	-0.0029668664	-66.13458	1.0459682	0.0065305056	0.043229997	39.0	1600.8960139751434
52	126.13225	256.27362	1043.0203	-58.241974	58.190643	124.93548	82.06455	203.61386	-17.387415	2650000	-0.0013467018	8848.544	-0.0032921857	-60.34793	1.0228834	0.006697422	0.047179997	39.0	1633.271567583084
53	100.52492	236.471	1069.853	-55.563133	47.40538	125.02366	82.88344	206.24689	-18.333744	2700000	-0.0015534377	9169.017	-0.0027113939	-65.05896	1.0324522	0.0074310536	0.051289998	39.0	1666.9810593128204
54	101.720566	237.01604	1070.5354	-54.027634	45.975792	123.65921	81.90485	206.32909	-18.492037	2750000	-0.0010640975	9243.17	-0.0034939114	-103.044876	1.0258111	0.0071603125	0.08	39.0	1700.2782974243164
55	116.74768	259.30197	1073.011	-54.83306	50.947422	129.70209	81.80113	208.94377	-13.078417	2800000	-0.0009202664	9596.82	-0.003352293	-80.20436	1.0324856	0.008365269	0.065359995	39.0	1733.0619945526123
56	84.36004	223.94324	1064.9714	-47.19892	39.142406	133.805	85.67574	214.48387	-26.216719	2850000	-0.0011667088	9593.305	-0.0023059554	-112.08485	1.0352554	0.0068152477	0.04652	39.0	1766.1776459217072
57	100.58606	241.72748	1030.7742	-52.970024	44.536324	129.04485	82.14831	212.2264	-10.503357	2900000	-0.0016979994	9511.252	-0.0033874346	-104.93645	1.0341572	0.006677498	0.05709	39.0	1798.329529762268
58	110.80109	253.33899	1077.4016	-61.67785	48.07529	131.03133	83.07986	217.75752	-11.268727	2950000	-0.0014300738	9945.41	-0.0030553164	-103.586685	1.0215135	0.007375243	0.04714	39.0	1831.8062551021576
59	103.94644	246.2173	1073.1277	-58.86629	46.996204	135.46677	85.77305	218.31606	-12.352657	3000000	-0.00093632936	9461.547	-0.0026271062	-74.35097	1.0258125	0.006124336	0.036969997	39.0	1864.951374053955
60	124.63897	260.45438	1020.71533	-65.57466	55.461452	130.9286	85.02085	217.12144	-14.156536	3050000	-0.001188973	9205.246	-0.0026609716	-77.93646	1.0103273	0.007232654	0.043129995	39.0	1896.9803462028503
61	111.112976	256.47574	987.8367	-68.52524	50.358738	127.20284	85.83411	217.46265	-18.27787	3100000	-0.0012234338	9836.631	-0.004023206	-163.05579	1.0080992	0.006436631	0.04883	39.0	1926.9868786334991
62	123.56704	263.31387	1037.1874	-62.8975	54.5585	130.37459	87.63403	216.1647	-22.936197	3150000	-0.001202791	9677.545	-0.002941133	-101.40025	1.01782	0.0067307223	0.04527	39.0	1959.3857095241547
63	115.0961	261.36133	1040.7384	-61.035107	50.51988	132.63802	86.751945	218.73396	-18.25594	3200000	-0.0007223594	9595.092	-0.0024652416	-68.33652	1.0205171	0.005639621	0.030739998	39.0	1992.9788794517517
64	117.81	265.113	1045.3904	-59.947254	50.792645	135.12688	87.03292	221.37099	-15.213038	3250000	-5.6137796e-06	10033.835	-0.0036840772	-50.294876	0.999622	0.006733278	0.03637	39.0	2026.1476528644562
65	113.96513	255.24731	1017.5276	-55.61125	50.865307	138.58728	88.1635	222.49908	-13.770713	3300000	-0.0011504926	9399.816	-0.003285889	-183.10233	0.9970281	0.007004261	0.04731	39.0	2058.3292014598846
66	103.03202	248.48138	1017.1589	-57.61904	46.270447	131.80943	84.442314	223.98152	-11.570003	3350000	-0.0016232003	9758.918	-0.0032365778	-70.97052	0.9638126	0.008540918	0.0591	39.0	2090.4280610084534
67	106.333916	250.14445	1026.1199	-56.324635	48.194176	130.72305	85.331314	222.91888	-15.881277	3400000	-0.0014676955	9348.623	-0.0033541538	-167.66428	0.97280884	0.0076574427	0.049999997	39.0	2121.379843235016
68	107.28054	252.58868	1056.5745	-52.877125	46.926346	131.05505	84.42447	224.52275	-17.314833	3450000	-0.0016570212	9097.416	-0.0028759623	-99.12875	0.9565712	0.0074544917	0.04274	39.0	2153.730850458145
69	105.92577	246.76978	1021.8493	-55.275238	47.249523	137.42131	84.64903	230.21962	-10.768151	3500000	-0.0011320263	9114.707	-0.002945763	-105.67355	0.93893015	0.0052837385	0.052339997	39.0	2185.6514036655426
70	117.824585	265.3615	1050.7849	-58.86296	52.07983	132.69559	83.19703	232.28522	-8.841608	3550000	-0.0014791153	9001.822	-0.0021280565	-89.78538	0.92273015	0.0069541647	0.057049997	39.0	2215.546949863434
71	112.46072	255.94266	994.3403	-56.342968	50.782562	135.93475	89.25655	236.59656	-19.284876	3600000	-0.0014524348	9225.933	-0.0024365548	-77.204994	0.91518277	0.0075483127	0.03812	39.0	2249.242151737213
72	110.008736	258.4337	1019.6311	-68.06937	50.515305	128.52911	87.27417	236.58408	-15.086633	3650000	-0.0011388911	9428.67	-0.0033729519	-124.908134	0.909998	0.008555671	0.04874	39.0	2281.4875712394714
73	108.26988	259.8631	1059.5616	-58.107834	48.713444	129.78004	89.311775	242.98988	-17.369379	3700000	-0.001072635	10009.406	-0.0038586538	-123.429276	0.92997265	0.008135341	0.05072	39.0	2310.773510456085
74	107.889626	261.9107	1144.6605	-56.41309	47.626194	134.49254	89.265175	244.38634	-13.716624	3750000	-0.0012495853	9937.136	-0.0029115193	-153.55336	0.9165713	0.006547846	0.047369998	39.0	2343.6862337589264
75	82.17407	228.4905	1084.2507	-46.38817	36.54879	137.95908	90.4734	240.8211	-13.516265	3800000	-0.0018173535	10278.309	-0.0029358072	-97.005035	0.9122664	0.0068100095	0.042619996	39.0	2377.197712659836
76	107.9154	262.22446	1099.9869	-53.54026	45.42623	136.19427	86.71378	235.99963	-8.742759	3850000	-0.0010937415	10131.093	-0.0035904357	-197.57544	0.89591527	0.0071408283	0.06523	39.0	2407.1776666641235
77	101.216125	252.92679	1088.2316	-55.80189	44.11032	143.33238	91.22609	244.01115	-11.94063	3900000	-0.0019647572	10402.031	-0.0024931636	-99.864	0.86462414	0.0068889167	0.0598	39.0	2438.16011428833
78	119.71207	279.32727	1093.2355	-55.195026	48.962486	139.80336	88.89183	240.03351	-12.839688	3950000	-0.00089920126	11013.144	-0.0027760665	-127.378685	0.84690803	0.006531014	0.033749998	39.0	2470.9227781295776
79	131.84802	282.44547	1118.939	-55.34474	54.530186	146.78558	93.85202	246.7064	-15.627891	4000000	-0.00070781086	10491.165	-0.002459696	-72.6702	0.8465649	0.0058156704	0.036870003	39.0	2501.271769285202
80	123.56556	278.24777	1081.6886	-57.22249	50.89796	141.03885	94.13666	247.97726	-20.0931	4050000	-0.0013541542	11112.986	-0.0025234567	-225.23564	0.83259225	0.005858532	0.035389997	39.0	2533.1384658813477
81	123.20848	284.3004	1089.7533	-58.265427	49.620518	143.82465	92.29353	249.12834	-13.375964	4100000	-0.0015078876	11371.238	-0.0023800328	-119.07135	0.805978	0.006218777	0.04354	39.0	2565.483770132065
82	132.87602	289.0817	1086.2346	-57.886665	53.433334	149.30487	95.04282	251.46776	-13.448741	4150000	-0.00080609974	11083.005	-0.002748096	-104.56076	0.8012202	0.0050100265	0.03704	39.0	2598.496173143387
83	143.40123	301.39548	1073.0475	-63.367382	58.59552	147.4159	96.25968	254.51842	-14.839943	4200000	-0.0012162125	11278.9375	-0.0029319087	-141.94873	0.7823724	0.004991786	0.05114	39.0	2631.496066093445
84	108.59908	266.13605	1090.7698	-57.596237	44.41518	149.59856	98.191185	259.52335	-16.489445	4250000	-0.0005485583	11230.392	-0.0031036078	-104.57184	0.77030486	0.004139548	0.036179997	39.0	2664.3475251197815
85	121.771355	282.5972	1122.0948	-60.802193	48.920353	146.91972	94.62349	258.597	-13.233058	4300000	-0.0008333456	11599.883	-0.002697444	-78.62715	0.7428442	0.0061947224	0.029919999	39.0	2696.205232858658
86	112.343285	277.08694	1142.3031	-54.83672	44.43459	150.0355	98.18843	260.47495	-15.96076	4350000	-0.0010658782	11575.588	-0.0023454065	-98.1686	0.7466481	0.0044561666	0.03757	39.0	2725.8122856616974
87	104.44537	259.20053	1132.1357	-62.76091	41.331673	156.27776	96.57239	265.99518	-13.039896	4400000	-0.0009532459	11340.82	-0.0019354424	-148.82666	0.7439339	0.0042687515	0.03952	39.0	2755.4266064167023
88	132.384	297.18222	1106.6089	-58.351887	51.023663	149.9833	93.876045	263.74628	-12.790082	4450000	-0.0010838006	12007.027	-0.002148177	-114.841675	0.7370708	0.0064919936	0.04202	39.0	2787.4688041210175
89	119.79969	283.54135	1113.5692	-57.085724	46.566196	156.95496	98.30607	263.15637	-14.925246	4500000	-0.0002755418	11639.653	-0.002676681	-68.93592	0.72885513	0.006776712	0.03162	39.0	2820.66379070282
90	136.63588	301.65536	1104.824	-55.083225	53.07181	156.09402	98.10132	262.9172	-12.681763	4550000	-0.00082743727	11286.29	-0.0022809852	-100.71239	0.7286806	0.0059210137	0.031460002	39.0	2853.7678034305573
91	125.3341	277.2488	1113.0704	-57.000965	49.814816	158.43152	99.40887	271.3807	-13.334896	4600000	-0.0014888644	10870.756	-0.0023674956	-125.16497	0.73165256	0.005107126	0.05478	39.0	2885.6846721172333
92	121.17303	280.76578	1130.5986	-56.041824	48.086407	148.78008	95.30028	267.3191	-13.646457	4650000	-0.0018975269	11443.8125	-0.002239637	-91.67032	0.7197643	0.005691332	0.03395	39.0	2917.6995618343353
93	133.43532	284.40454	1067.9767	-62.41221	53.37312	153.95638	97.04485	267.9776	-9.502515	4700000	-0.0010914393	11076.24	-0.0026517927	-92.17978	0.71560794	0.0056460686	0.030949999	39.0	2949.5916945934296
94	137.5667	297.93646	1076.214	-56.87266	54.74314	147.3913	95.71093	264.28848	-12.884053	4750000	-0.0018432834	11568.43	-0.002662556	-113.096344	0.70390415	0.006649002	0.05404	39.0	2982.8419950008392
95	139.54492	302.66183	1080.9072	-59.151848	55.64509	150.50342	97.761696	264.55783	-14.629181	4800000	-0.0005543316	11350.328	-0.0026733351	-89.96017	0.70046383	0.0048633413	0.036229998	39.0	3016.0443499088287
96	136.81792	298.93375	1052.1107	-63.75019	56.003407	150.24483	100.332825	265.59384	-17.510227	4850000	-0.000964407	11613.036	-0.0027527385	-78.530556	0.70133555	0.005178022	0.03707	39.0	3043.99156832695
97	152.34157	318.41	1091.2446	-65.14798	59.492214	148.87717	99.55257	265.67694	-19.919386	4900000	-0.001132207	11537.372	-0.0024404163	-130.52861	0.6892983	0.0053451173	0.03823	39.0	3077.207645893097
98	148.46304	309.51477	1078.9281	-60.19843	58.181927	156.15437	102.98461	266.8487	-17.323076	4950000	-0.0012258063	11869.26	-0.0023958448	-106.4664	0.693663	0.0050985906	0.04255	39.0	3106.227561235428
99	157.20627	313.7816	1122.2235	-66.15953	60.520733	153.8964	100.607635	269.27475	-16.252977	5000000	-0.0007356107	11542.491	-0.0023609165	-111.30716	0.68190277	0.0047355597	0.035159998	39.0	3135.2008566856384
100	161.32751	320.41083	1086.997	-69.27737	62.54798	152.95985	102.795235	271.59244	-20.978191	5050000	-0.0016229507	12157.447	-0.0025209552	-134.32162	0.6813197	0.004828588	0.041759998	39.0	3168.3789887428284
101	149.09833	311.70184	1115.1877	-67.53899	57.755245	151.8299	102.01246	268.86542	-21.888397	5100000	-0.0010068715	11887.454	-0.0021384866	-107.84448	0.67734194	0.0046143057	0.030049998	39.0	3202.395845413208
102	149.0142	316.06482	1133.7504	-65.92273	57.01837	153.84172	101.949554	272.31656	-17.167871	5150000	-0.0005033836	12206.245	-0.001742138	-110.83174	0.66950494	0.004461237	0.02887	39.0	3229.041396379471
103	163.76744	333.27655	1109.3196	-67.66325	62.250942	158.14034	103.44672	272.60065	-18.721897	5200000	-0.0008869581	12175.205	-0.002072504	-62.253654	0.65915954	0.004089322	0.03768	39.0	3261.3574409484863
104	151.74648	314.78406	1131.0093	-60.714672	56.902744	157.8438	105.102615	273.49762	-20.548574	5250000	-0.00037087174	12237.98	-0.0022240607	-74.57182	0.6531998	0.0042776363	0.029099999	39.0	3293.0479555130005
105	159.33174	325.55615	1107.9644	-64.36233	60.525673	156.79419	103.947586	274.61868	-20.735958	5300000	-0.0003001634	11998.148	-0.00225254	-66.89911	0.66127914	0.0048076673	0.0269	39.0	3324.9252650737762
106	147.3344	307.61652	1138.3107	-59.38363	56.888634	158.71152	105.68186	276.63425	-19.04218	5350000	-0.0010469849	12087.01	-0.0020458351	-89.906624	0.6653179	0.004686528	0.02566	39.0	3358.6595270633698
107	159.0765	330.5921	1094.0242	-62.841232	60.492683	152.21677	102.14851	274.11697	-18.993351	5400000	-0.0008812798	12063.77	-0.0022708506	-128.17915	0.6643731	0.0052291704	0.03042	39.0	3391.1215028762817
108	154.97305	317.92206	1093.75	-64.96678	59.919178	160.44122	107.53909	279.79855	-19.30276	5450000	-0.0007882565	11657.927	-0.0022060676	-147.7989	0.67285836	0.0030414858	0.02904	39.0	3422.2201743125916
109	155.38379	324.15372	1098.774	-58.551235	60.087593	156.2255	102.34797	278.3598	-17.794477	5500000	-0.00073159114	12296.642	-0.0023806219	-151.46681	0.6687397	0.0050667133	0.02867	39.0	3456.1134090423584
110	162.46017	328.3283	1087.0342	-58.812763	62.589935	158.44872	104.66027	273.3873	-17.418053	5550000	-0.0007450194	11807.205	-0.0028123928	-110.9428	0.6823561	0.0045977053	0.04593	39.0	3489.7474281787872
111	147.59798	309.256	1100.0991	-57.585335	58.105263	157.60704	104.5775	278.5455	-21.369734	5600000	-0.0008323863	11536.324	-0.0020694272	-149.89886	0.6879774	0.0038562268	0.02661	39.0	3522.8774342536926
112	144.20706	308.15988	1084.6421	-58.62235	57.3	154.94174	103.47909	278.52853	-20.405096	5650000	-0.0011123214	11811.534	-0.0019997186	-98.66289	0.6902363	0.005247236	0.041729998	39.0	3556.2940530776978
113	172.42189	331.82617	1076.2505	-59.649105	66.752014	154.82326	101.71269	278.38834	-19.898304	5700000	-0.00046497956	11792.965	-0.002550526	-72.10138	0.70297676	0.0056905337	0.03841	39.0	3585.903314113617
114	169.77716	323.30878	1096.8657	-57.701233	65.065445	159.61327	105.31897	281.77512	-20.244804	5750000	-0.0012903884	11374.205	-0.0021572388	-101.88971	0.69796133	0.0058888094	0.04172	39.0	3618.290111064911
115	151.33357	314.59143	1067.9813	-57.085403	58.41363	155.0517	102.17317	279.0877	-19.864143	5800000	0.00024057785	11694.477	-0.0033728564	-110.88655	0.69874895	0.0043264236	0.033639997	39.0	3650.7802851200104
116	153.48112	318.43118	1085.9258	-57.219044	62.067333	154.49055	101.909294	281.63135	-20.01638	5850000	-0.0009866403	12194.784	-0.0026437184	-175.59009	0.7180486	0.0039560436	0.040519997	39.0	3683.1760866642
117	141.12128	299.68127	1079.5367	-55.491886	56.50859	151.01456	101.447105	280.81235	-28.209923	5900000	-0.0013557309	11839.601	-0.0027359603	-101.554016	0.707595	0.004443301	0.04479	39.0	3713.6082475185394
118	112.98012	275.87708	1124.0012	-58.233612	45.53804	152.04239	98.698975	277.78894	-17.731855	5950000	-0.0005500652	11995.742	-0.0028885265	-105.314865	0.6871428	0.004365118	0.034199998	39.0	3743.466123342514
119	142.5968	316.5107	1145.3623	-54.38254	53.66414	152.5901	99.49777	275.16806	-18.097097	6000000	-0.0011016168	12440.29	-0.0028303135	-248.48242	0.66824675	0.004916273	0.044029996	39.0	3771.976137161255
120	140.96123	313.1203	1093.0413	-57.808807	54.528053	161.9944	104.2503	283.76123	-56.07195	6050000	-0.0009427639	12053.705	-0.0027578021	-171.26183	0.6686205	0.005387355	0.03332	39.0	3805.335202693939
121	116.33361	279.58298	1119.8351	-53.072407	46.905483	161.7511	103.36467	284.2615	-15.786586	6100000	-0.001220949	12338.574	-0.0025458473	-315.04773	0.667315	0.0045175245	0.039459996	39.0	3838.3659105300903
122	143.42114	309.0048	1083.2686	-53.882137	55.39266	151.71729	97.513306	276.85278	-32.330326	6150000	0.00018773135	12022.805	-0.0028955888	-145.6721	0.649285	0.0057932553	0.03512	39.0	3869.8223617076874
123	138.04579	298.30823	1093.725	-58.83653	54.309704	158.724	102.77894	282.0622	-14.387789	6200000	-0.0012897826	11838.342	-0.0022518048	-87.37354	0.6549667	0.0036903585	0.035099998	39.0	3898.8971831798553
124	159.03014	320.62296	1115.5006	-55.11671	60.64591	152.94276	98.61569	277.52744	-14.920545	6250000	-0.0011504758	11909.609	-0.0020642849	-88.930565	0.6413456	0.005033624	0.0321	39.0	3929.513457775116
125	152.30116	317.5107	1115.3342	-63.23617	58.978493	158.82312	103.69279	279.83487	-16.372896	6300000	-0.0010637008	11734.299	-0.0029519964	-90.17316	0.6520737	0.0038112614	0.03975	39.0	3962.285439014435
126	155.7561	324.8851	1111.4005	-55.322395	60.509136	158.47125	105.12706	284.17923	-20.849785	6350000	-0.0010429649	11831.759	-0.0023992527	-131.79437	0.65381145	0.0050756526	0.045199998	39.0	3995.804235458374
127	149.6998	316.21548	1089.0343	-64.034744	58.735783	157.55563	104.48552	289.3364	-19.64138	6400000	-0.0014446657	12318.072	-0.0021897526	-254.36096	0.64547265	0.0051382207	0.03288	39.0	4028.5594522953033
128	144.53526	313.73837	1111.1007	-61.46225	55.305805	157.25246	103.14662	278.95273	-19.944017	6450000	-0.0007875394	12146.053	-0.0022379942	-158.46353	0.63085645	0.0049925456	0.02978	39.0	4061.7741532325745
129	138.38933	302.6074	1091.9922	-54.427437	54.06325	159.0286	102.27439	278.16425	-17.762356	6500000	-0.0010468774	12307.512	-0.0022670792	-184.45581	0.6360172	0.0033087234	0.02705	39.0	4094.7901527881622
130	136.31625	295.50644	1098.263	-53.803837	53.59632	154.8784	99.88704	281.5046	-16.049486	6550000	-0.00046374835	11877.785	-0.0030346324	-178.98428	0.6459025	0.0044168965	0.039169997	39.0	4126.885754108429
131	164.19446	324.16052	1083.6638	-56.407204	62.215096	151.92188	97.46595	272.47308	-15.243697	6600000	-0.00121231	11929.477	-0.0026304526	-263.82693	0.63283473	0.006330125	0.050189998	39.0	4158.088379144669
132	140.60136	314.11884	1102.4398	-61.127674	54.16013	158.07173	103.24179	283.29822	-19.583414	6650000	-0.0007635243	12585.29	-0.002459406	-131.58377	0.6139059	0.00451193	0.02895	39.0	4190.335108041763
133	150.84503	317.52344	1134.8538	-56.047997	57.324512	162.235	104.02603	287.93338	-18.96038	6700000	-0.0004498125	12081.547	-0.00262303	-200.49863	0.60226846	0.002881871	0.02374	39.0	4222.985589504242
134	172.2952	336.4144	1087.5134	-55.01923	64.70943	159.2272	103.925705	287.5138	-18.75828	6750000	-0.00022608694	11858.904	-0.0026624105	-175.78069	0.59937435	0.0036648707	0.02633	39.0	4255.279914617538
135	142.96138	307.38474	1086.6974	-62.23404	55.21357	163.85704	104.46812	291.64606	-16.889229	6800000	-0.0004047174	12242.303	-0.003021454	-130.15445	0.5970727	0.005769591	0.03531	39.0	4287.27739906311
136	130.9103	294.78983	1079.3083	-63.15889	50.924103	156.3744	100.58539	289.7797	-38.583603	6850000	-0.0012702364	11605.023	-0.002627106	-78.98596	0.59263545	0.004166928	0.03885	39.0	4319.629518270493
137	165.5861	332.9557	1097.2919	-57.532894	63.524296	157.6693	99.78643	291.0727	-11.890132	6900000	-0.0005776454	12446.078	-0.0026647486	-111.77878	0.5970886	0.0052900366	0.03407	39.0	4353.24714922905
138	158.17001	320.9539	1096.7891	-64.591194	61.639305	160.71574	106.44908	292.34833	-20.61304	6950000	-0.00061874464	12357.06	-0.002800171	-125.919525	0.61557955	0.0058673797	0.03867	39.0	4383.257885694504
139	156.47548	317.78445	1078.986	-57.67646	60.8701	157.16284	105.12859	291.76007	-21.3774	7000000	-0.0013139909	11722.875	-0.0026915642	-92.45437	0.6205937	0.0031309072	0.028699998	39.0	4415.425899982452
140	164.40611	324.04126	1094.2432	-57.162033	64.3974	157.01031	103.083145	291.2673	-17.862717	7050000	-0.0013874993	12213.112	-0.0026343446	-228.4461	0.6286342	0.0051210374	0.037959997	39.0	4447.2710218429565
141	168.55272	334.6218	1095.0999	-64.5511	63.979435	155.44452	102.469765	288.9713	-19.505157	7100000	-0.000577949	12446.768	-0.0022201538	-172.89752	0.6140266	0.0036375327	0.03333	39.0	4481.186875581741
142	162.65305	331.64066	1121.7922	-58.16534	62.515076	158.78983	103.26808	287.7659	-19.48041	7150000	-0.001183819	12361.513	-0.003177141	-277.86774	0.63333845	0.0032218024	0.040299997	39.0	4514.142747402191
143	161.76096	322.44537	1108.76	-65.645645	62.042606	160.6082	104.77627	290.32938	-17.994854	7200000	-0.0010370342	12236.582	-0.0019325686	-119.55394	0.6000918	0.0031187946	0.024319999	39.0	4546.751742601395
144	165.03375	329.78876	1080.2211	-58.966568	61.796505	156.67181	102.27705	287.54132	-17.871067	7250000	-0.00028263917	11932.596	-0.0023656976	-129.50098	0.5977608	0.0047082473	0.02603	39.0	4579.928266763687
145	152.31575	314.8972	1127.5695	-58.720463	57.008026	162.1423	106.655785	291.6926	-19.238468	7300000	-0.0008616261	11895.448	-0.0021442187	-130.94308	0.59275246	0.004273816	0.030919999	39.0	4612.710857391357
146	165.7178	334.45587	1147.9216	-63.51846	62.326168	160.1061	104.008194	293.6054	-16.278189	7350000	-0.0015907101	12905.099	-0.0023303488	-240.836	0.59808	0.0044004302	0.03272	39.0	4644.1608192920685
147	157.27087	323.82776	1125.1726	-65.41072	59.36798	161.37103	106.85263	296.37497	-21.819662	7400000	-0.00080289505	12835.143	-0.0023828207	-169.65598	0.6061367	0.0039830822	0.030539999	39.0	4676.356329917908
148	172.0227	343.30756	1122.2585	-65.92258	62.16771	160.87717	106.0007	293.83978	-21.26709	7450000	-0.000576579	12305.709	-0.0027284124	-177.48889	0.5872927	0.006857877	0.03785	39.0	4709.004257678986
149	153.38039	322.05258	1126.7869	-61.43763	57.4752	167.89554	108.05537	298.27713	-17.38728	7500000	-0.0010840977	12691.111	-0.0022816432	-178.52829	0.61327994	0.0033823324	0.0313	39.0	4741.16384601593
150	173.58586	336.5404	1160.4813	-63.4674	63.78406	163.22978	104.90523	297.51334	-16.538467	7550000	-0.0015241792	12592.801	-0.0024031396	-147.14862	0.6090476	0.0040776604	0.0312	39.0	4774.062383890152
151	160.0416	324.57858	1116.1718	-57.905285	60.935127	164.09485	105.73859	295.142	-17.801039	7600000	-0.00077421125	12081.554	-0.0025986359	-168.42769	0.6238592	0.0033040615	0.03414	39.0	4805.056834459305
152	170.33394	336.3308	1169.194	-58.522556	63.70769	161.21442	104.88253	295.70825	-19.632723	7650000	-0.0012455105	12360.322	-0.0022488085	-148.04703	0.63288283	0.0051686363	0.034229998	39.0	4835.94255399704
153	164.52237	332.8277	1141.0667	-58.017456	61.334156	163.94446	105.5339	293.1405	-17.673067	7700000	-0.00057454593	12528.493	-0.0027250524	-146.3469	0.6364504	0.00445354	0.0383	39.0	4866.95493721962
154	149.77802	301.305	1144.8737	-59.44928	58.204918	164.08556	105.392235	294.31418	-16.81051	7750000	-0.0023022667	11969.02	-0.0024418526	-331.30975	0.6501532	0.0054710563	0.05062	39.0	4899.79052734375
155	162.85721	323.6444	1133.3889	-60.322956	61.519207	152.88142	99.052216	288.6297	-17.6773	7800000	-0.00074843224	12283.995	-0.002213431	-127.60808	0.6315651	0.005453366	0.0366	39.0	4930.343099832535
156	153.74522	312.2785	1131.6024	-66.15816	58.56501	158.84975	104.731384	292.59503	-21.413115	7850000	-0.0010337979	12407.424	-0.0022781081	-107.06125	0.62657446	0.00316829	0.03366	39.0	4961.097347021103
157	159.29132	322.441	1124.4331	-65.59065	60.489697	156.58794	100.55806	292.02008	-17.479244	7900000	-0.0003268104	12953.827	-0.0028464105	-108.821045	0.63063455	0.0043588765	0.037440002	39.0	4993.636849164963
158	154.94604	318.0874	1157.156	-60.743053	57.62093	158.64474	103.65508	289.6667	-21.005161	7950000	-0.0011321953	12350.266	-0.002298974	-86.499725	0.6233368	0.004211422	0.03573	39.0	5025.738806724548
159	138.94055	299.37994	1158.284	-66.885605	52.75796	162.245	103.42236	295.92715	-18.144768	8000000	-0.0013599517	12559.211	-0.0021210003	-113.697495	0.6280061	0.005015322	0.037309997	39.0	5058.594754219055
160	153.77042	314.00546	1133.28	-61.63783	58.709564	155.289	100.61166	286.4608	-17.086771	8050000	-0.00096349	12308.181	-0.0021232376	-89.91403	0.62566733	0.0044774273	0.03273	39.0	5091.894593715668
161	158.86206	322.9181	1145.6083	-65.86277	59.29032	157.90536	102.052216	287.85046	-20.86282	8100000	-0.00048213638	12406.764	-0.0031799409	-143.54541	0.6374594	0.005465158	0.041589998	39.0	5124.632886886597
162	152.26761	312.85336	1113.3802	-60.485394	58.48706	165.3261	104.8706	301.48172	-17.8427	8150000	-0.001039918	12430.416	-0.0021765307	-145.8633	0.6516359	0.0039340975	0.03549	39.0	5159.388432979584
163	154.66359	318.3873	1124.7546	-67.139275	57.815422	157.86394	100.60808	290.59494	-18.692846	8200000	-0.0005266033	12084.855	-0.0026877811	-150.09647	0.64056563	0.005233366	0.04404	39.0	5192.960289478302
164	131.90721	296.42603	1139.3665	-60.756054	50.957905	163.19514	103.104095	298.4498	-19.679739	8250000	-0.00049282983	12662.257	-0.003175622	-136.64075	0.6384735	0.005380799	0.048639998	39.0	5222.210040807724
165	141.46114	301.82446	1130.5741	-60.78559	55.602234	158.64793	100.1299	298.1071	-18.574617	8300000	-0.0016252096	12397.253	-0.003299627	-162.80777	0.65757656	0.005095166	0.042120002	39.0	5251.978671550751
166	150.69423	313.7594	1114.4409	-61.461456	57.577415	155.61111	98.98713	297.36334	-17.68648	8350000	-0.00060779834	12055.691	-0.0030374099	-186.4397	0.648785	0.004170105	0.04036	39.0	5285.089036226273
167	151.58745	319.78058	1115.5938	-78.6845	57.286705	163.03738	101.39888	303.26242	-16.365538	8400000	-0.0008919947	12478.57	-0.0031635463	-226.19185	0.6469346	0.0054389816	0.04028	39.0	5315.487863302231
168	145.73346	313.26938	1124.4723	-61.95372	56.40522	164.64664	103.49104	297.3642	-14.261046	8450000	-0.0015993125	12748.206	-0.002547747	-91.12703	0.6439136	0.0047646808	0.043579996	39.0	5348.651977300644
169	164.83612	334.49344	1095.4286	-69.76719	61.684013	159.87378	103.12094	290.41687	-22.540424	8500000	-0.0008277383	12780.383	-0.0020632704	-127.740654	0.6342379	0.0036977236	0.0356	39.0	5377.705650568008
170	153.82538	324.42935	1120.2426	-61.53586	58.515865	166.29887	104.25413	306.0679	-18.493631	8550000	-0.00037589297	12575.922	-0.0031976828	-264.13733	0.6367188	0.004148547	0.034939997	39.0	5408.630809545517
171	129.03133	296.96246	1129.792	-61.934917	51.167007	165.0283	103.359825	300.66678	-18.26289	8600000	-0.0012689047	12952.742	-0.002778051	-248.362	0.6372597	0.0047052624	0.04442	39.0	5438.088908195496
172	157.382	327.0731	1113.9872	-60.89559	60.799507	156.75417	97.71382	294.34	-16.740181	8650000	-0.0011047479	12341.247	-0.0027487527	-211.14337	0.6353089	0.005253738	0.042499997	39.0	5470.3391926288605
173	164.48363	327.31824	1129.2644	-59.223118	61.350246	162.15887	103.63206	296.96985	-21.611069	8700000	-0.00042845728	12323.9375	-0.0028436945	-96.34996	0.6401205	0.0049135857	0.04559	39.0	5503.560386419296
174	147.79955	318.42365	1107.9221	-60.26135	56.76967	164.4345	101.87366	292.90332	-17.193857	8750000	-0.0011253469	12598.371	-0.002579542	-147.41086	0.6457465	0.0043260325	0.03707	39.0	5536.207539319992
175	158.4188	328.29343	1121.1825	-64.85914	59.518562	161.55309	102.38496	295.6795	-21.905104	8800000	-0.0004194267	12636.5625	-0.0026927341	-317.676	0.6384773	0.0046556415	0.037249997	39.0	5569.126667976379
176	146.48091	309.5396	1101.8649	-68.64755	56.63626	162.4957	102.81117	295.028	-21.703053	8850000	-0.0017553801	12626.502	-0.0023849565	-141.12659	0.6474671	0.004882117	0.047459997	39.0	5598.8666472435
177	157.55121	318.04434	1121.4141	-64.94414	59.213097	157.278	99.621895	290.43073	-20.579716	8900000	-0.001051656	12060.825	-0.0018852367	-129.53894	0.631546	0.00467611	0.03515	39.0	5631.223403930664
178	160.24216	331.27606	1133.2716	-67.07094	59.709988	159.36996	101.04193	293.84488	-17.420605	8950000	-0.0012070145	12664.688	-0.0027581763	-73.42937	0.6313063	0.006401617	0.043789998	39.0	5661.66691327095
179	160.89465	321.08395	1120.9419	-59.202473	60.89435	164.9602	105.06893	300.12463	-19.183004	9000000	-0.0009216517	12905.283	-0.0027629146	-180.80705	0.63554734	0.0039273137	0.05556	39.0	5695.1595005989075
180	159.11961	325.34402	1105.2135	-63.59472	58.207302	158.95499	97.757324	281.59036	-19.381498	9050000	-0.0013279449	12370.418	-0.0026387868	-206.98965	0.61237633	0.0057675513	0.04826	39.0	5725.30871796608
181	137.28534	303.9104	1132.5853	-56.514374	51.97908	166.10677	102.118744	304.22882	-16.89809	9100000	-0.0011867946	12756.172	-0.0024549644	-117.819855	0.6128452	0.004289277	0.04463	39.0	5754.435737609863
182	149.09995	307.3564	1099.8127	-63.036137	54.836082	162.80083	100.954994	287.54138	-17.27076	9150000	-0.00053455867	12348.902	-0.0024535228	-83.94217	0.606907	0.0049039917	0.04127	39.0	5788.007725715637
183	138.34085	303.99707	1111.4359	-21.518139	50.45888	161.11871	95.026695	284.85492	-9.648291	9200000	-0.0011626659	12151.0	-0.0023376574	-93.67207	0.60003406	0.00581699	0.047229998	39.0	5818.818964481354
184	129.93442	300.96692	1091.7332	-60.258	47.52823	165.44724	96.03372	300.92517	-9.351048	9250000	-0.00046743825	12347.672	-0.0022459854	-148.78995	0.5923569	0.0055599897	0.03701	39.0	5851.425361394882
185	132.1814	299.27786	1122.2622	-56.01688	49.86573	166.66913	100.932335	297.4083	-11.28025	9300000	-0.00066626817	13010.355	-0.0028209588	-166.85571	0.6124887	0.0052887863	0.04358	39.0	5882.929988384247
186	159.79233	330.34274	1111.6345	-53.621784	57.569283	159.9065	96.44555	284.1938	-11.320229	9350000	-0.0009603016	12575.848	-0.002369243	-250.15869	0.59910434	0.006550462	0.05345	39.0	5912.183054924011
187	147.6757	312.90543	1111.8491	-54.622913	54.11488	170.57208	100.270584	295.6273	-21.360712	9400000	-0.00017470669	12307.174	-0.0030182763	-112.12297	0.60401857	0.004586368	0.039119996	39.0	5945.980155467987
188	152.35846	315.0855	1121.004	-52.505787	55.152054	167.43	98.01865	294.64478	-8.82735	9450000	-0.00060947426	12559.979	-0.00218602	-124.2159	0.5954844	0.0043037403	0.033660002	39.0	5977.884406805038
189	136.51727	299.01932	1109.5917	-56.986465	50.826706	167.28549	97.50447	303.6056	-6.795187	9500000	-0.000818857	12659.804	-0.002731917	-125.53376	0.5952945	0.0031845619	0.043279998	39.0	6010.033106088638
190	156.22084	325.27734	1135.6737	-56.695694	55.879196	163.4759	95.39681	288.54486	-9.922525	9550000	-0.0008399654	12893.205	-0.0028726035	-105.671684	0.58560574	0.005567306	0.04378	39.0	6040.054000854492
191	149.30052	314.2943	1118.7408	-54.62246	52.878983	169.8386	97.95837	290.98352	-11.8423605	9600000	-0.0013866164	13099.553	-0.0028656907	-140.26982	0.5758876	0.005330636	0.05247	39.0	6073.188887119293
192	153.36957	309.02292	1107.1681	-20.0	53.36893	173.60835	89.44269	300.63068	-1.6798463	9650000	-0.0011045486	13423.354	-0.0029167263	-138.86777	0.54382133	0.006506675	0.049939997	39.0	6105.5167808532715
193	161.59126	314.83536	1139.4312	-20.0	53.64301	178.0342	77.69383	297.62308	9.981914	9700000	-0.00026719272	13883.008	-0.0033636815	-96.64667	0.50910985	0.004119776	0.038829997	39.0	6138.161702871323
194	194.1564	335.98248	1164.4978	-20.0	62.967007	183.07	73.13638	305.4653	9.993776	9750000	-0.0012431163	13782.236	-0.0023996588	-136.59229	0.5105891	0.0042826114	0.03275	39.0	6167.161775112152
195	165.63248	317.9771	1159.3643	-20.0	55.31257	187.37189	74.05524	298.0213	21.609743	9800000	-0.0013251025	13933.709	-0.002501857	-161.92352	0.5020422	0.00391502	0.040179998	39.0	6198.818860769272
196	145.56241	303.3473	1127.4081	-60.132866	49.56986	184.02678	74.47233	298.8539	7.583553	9850000	-0.001214427	14006.485	-0.0021634314	-95.34265	0.5047443	0.0041686934	0.031219998	39.0	6228.163258075714
197	182.69426	326.2493	1135.5454	-20.0	58.37603	183.05214	72.82343	287.93546	9.583326	9900000	-0.0009835367	13795.955	-0.0023704527	-158.32007	0.49517763	0.003162533	0.03332	39.0	6260.737951993942
198	173.69829	314.4006	1123.0295	-20.0	57.283085	187.3707	63.53234	293.2223	-7.47256	9950000	-0.001022967	13943.544	-0.0030462833	-142.53241	0.5045649	0.0038113697	0.035099998	39.0	6293.112173318863
199	167.3613	316.566	1127.3451	-20.0	54.190163	183.9407	59.441895	286.10925	19.418747	10000000	-0.0016649654	14429.469	-0.0019195346	-112.50818	0.4851966	0.0042961882	0.03603	39.0	6323.26656460762
