Epoch	AverageEpRet	StdEpRet	MaxEpRet	MinEpRet	EpLen	AverageVVals	StdVVals	MaxVVals	MinVVals	TotalEnvInteracts	LossPi	LossV	DeltaLossPi	DeltaLossV	Entropy	KL	ClipFrac	StopIter	Time
0	1.4623168	15.6547575	40.09294	-27.284203	1000.0	-0.05267048	0.15146664	0.4666251	-0.53730136	40000	nan	nan	nan	nan	nan	nan	nan	39.0	20.974012851715088
1	17.822447	11.43959	38.704895	-20.680328	1000.0	-1.3972608	2.6758108	6.7208858	-6.2839885	80000	nan	nan	nan	nan	nan	nan	nan	22.5	40.89563584327698
2	18.59837	9.238011	37.585945	-7.641355	1000.0	-0.5328942	1.9080002	7.8973746	-5.733509	120000	nan	nan	nan	nan	nan	nan	nan	39.0	60.90882968902588
3	21.712585	6.686247	30.582098	-2.7161946	1000.0	0.032631464	1.5048863	9.230261	-4.3494067	160000	nan	nan	nan	nan	nan	nan	nan	39.0	80.58701157569885
4	22.190628	4.8001475	29.574448	2.8518941	1000.0	0.30002847	1.825258	12.313703	-4.1577153	200000	nan	nan	nan	nan	nan	nan	nan	39.0	100.37363314628601
5	24.740772	5.1470685	39.13138	14.447423	1000.0	0.44214097	2.2097635	13.731107	-3.3980675	240000	nan	nan	nan	nan	nan	nan	nan	22.0	120.31982517242432
6	31.168356	6.443186	39.29366	-0.5296978	1000.0	1.7498449	2.901289	15.578363	-5.634625	280000	nan	nan	nan	nan	nan	nan	nan	39.0	140.50168251991272
7	32.02508	4.095616	38.457077	23.095375	1000.0	1.2824413	2.4126825	16.381083	-3.597807	320000	nan	nan	nan	nan	nan	nan	nan	39.0	160.9880886077881
8	33.043793	4.745125	39.280506	18.775604	1000.0	1.1156336	2.6018288	17.515757	-3.0903006	360000	nan	nan	nan	nan	nan	nan	nan	39.0	180.79145455360413
9	33.290985	3.388661	38.774715	23.582308	1000.0	1.182828	2.6353774	18.874004	-1.5160595	400000	nan	nan	nan	nan	nan	nan	nan	39.0	200.6257848739624
10	34.627026	2.5892856	39.031326	27.836575	1000.0	1.2370734	2.7513726	19.490713	-1.2322373	440000	nan	nan	nan	nan	nan	nan	nan	39.0	220.4486870765686
11	34.69581	3.0026727	40.612194	26.95641	1000.0	1.3384625	2.897512	20.255808	-2.006744	480000	nan	nan	nan	nan	nan	nan	nan	39.0	240.3464376926422
12	34.86787	2.6990438	38.439285	26.397844	1000.0	1.4147087	2.889713	20.872274	-0.7086009	520000	nan	nan	nan	nan	nan	nan	nan	39.0	260.007039308548
13	34.831688	2.3037179	39.926155	30.33464	1000.0	1.4398153	2.9319003	21.550703	-0.68436956	560000	nan	nan	nan	nan	nan	nan	nan	39.0	279.75211477279663
14	36.25108	2.6384966	43.366234	29.37285	1000.0	1.2090247	3.0589828	22.20205	-1.4758624	600000	nan	nan	nan	nan	nan	nan	nan	39.0	299.4274709224701
15	35.835762	2.4280386	40.94324	30.599785	1000.0	1.5961133	3.0769076	22.65435	-0.77201295	640000	nan	nan	nan	nan	nan	nan	nan	39.0	319.11339592933655
16	35.345512	2.4985886	40.9338	30.804062	1000.0	1.4261875	3.193641	23.040466	-1.3691422	680000	nan	nan	nan	nan	nan	nan	nan	39.0	338.8048598766327
17	36.839275	2.9062123	42.324085	32.6072	1000.0	1.2693597	3.1534653	23.089241	-1.3811076	720000	nan	nan	nan	nan	nan	nan	nan	39.0	358.47610306739807
18	36.651215	2.4410026	41.06932	32.135002	1000.0	1.5922176	3.1619573	23.476324	-1.1078258	760000	nan	nan	nan	nan	nan	nan	nan	39.0	378.37598514556885
19	36.43526	2.176563	40.465717	31.160618	1000.0	1.4531053	3.2022786	23.493671	-1.0210958	800000	nan	nan	nan	nan	nan	nan	nan	39.0	398.1459183692932
20	36.82705	2.4928515	41.03293	30.667843	1000.0	1.3816932	3.152605	23.63961	-1.279915	840000	nan	nan	nan	nan	nan	nan	nan	39.0	417.89252853393555
21	37.011192	2.7031422	42.753586	32.02052	1000.0	1.394643	3.24019	23.998789	-1.0258201	880000	nan	nan	nan	nan	nan	nan	nan	39.0	437.67820024490356
22	37.565662	2.093364	41.952576	31.109259	1000.0	1.3716847	3.2656798	24.381716	-1.0265669	920000	nan	nan	nan	nan	nan	nan	nan	39.0	457.5272009372711
23	37.714806	2.3341177	42.377007	33.78011	1000.0	1.2910239	3.2629507	24.546844	-0.81782025	960000	nan	nan	nan	nan	nan	nan	nan	39.0	477.325159072876
24	37.235207	2.8485363	42.809887	28.634426	1000.0	1.5474623	3.2936993	24.49928	-1.632387	1000000	nan	nan	nan	nan	nan	nan	nan	39.0	497.2230455875397
25	37.27774	2.2365139	40.55991	30.560444	1000.0	1.3771781	3.2036877	24.73841	-1.9512024	1040000	nan	nan	nan	nan	nan	nan	nan	39.0	517.4126744270325
26	38.173794	2.2320714	44.931995	33.807552	1000.0	1.3558515	3.229139	24.824049	-1.4616308	1080000	nan	nan	nan	nan	nan	nan	nan	39.0	537.5456607341766
27	38.360096	2.3653681	43.21382	31.744858	1000.0	1.3032727	3.296299	25.03345	-1.4453917	1120000	nan	nan	nan	nan	nan	nan	nan	39.0	557.3002896308899
28	38.543537	2.3134222	44.20227	34.354836	1000.0	1.5273988	3.2701578	25.188618	-1.5246323	1160000	nan	nan	nan	nan	nan	nan	nan	39.0	577.0908842086792
29	38.230522	2.2783568	42.04565	31.023024	1000.0	1.3855289	3.2530508	25.411871	-1.950982	1200000	nan	nan	nan	nan	nan	nan	nan	39.0	596.7194395065308
30	39.061195	2.3287349	42.162113	34.200077	1000.0	1.5284395	3.2387474	25.248861	-1.4449396	1240000	nan	nan	nan	nan	nan	nan	nan	39.0	616.355384349823
31	38.689896	2.037834	44.030693	34.37042	1000.0	1.4489448	3.2848072	25.523785	-1.4567575	1280000	nan	nan	nan	nan	nan	nan	nan	39.0	636.3835327625275
32	39.1894	2.8564935	43.856285	32.951572	1000.0	1.528968	3.2024226	25.403723	-1.4343951	1320000	nan	nan	nan	nan	nan	nan	nan	39.0	656.1414303779602
33	39.11097	2.4826086	43.07119	32.39619	1000.0	1.4545689	3.2769015	25.64154	-0.9586899	1360000	nan	nan	nan	nan	nan	nan	nan	39.0	675.7405178546906
34	39.103886	2.151454	44.712914	33.42336	1000.0	1.4559879	3.283766	25.884209	-2.3417335	1400000	nan	nan	nan	nan	nan	nan	nan	39.0	695.3422758579254
35	39.699043	2.4507127	45.033024	35.10773	1000.0	1.3242971	3.26214	25.81035	-1.8675064	1440000	nan	nan	nan	nan	nan	nan	nan	39.0	715.1620736122131
36	39.965645	2.1173065	44.187515	34.78381	1000.0	1.4874189	3.2657025	26.229603	-1.5602443	1480000	nan	nan	nan	nan	nan	nan	nan	39.0	734.9175417423248
37	39.786293	1.9112414	43.432507	35.21564	1000.0	1.5696003	3.3089857	26.235386	-2.3544066	1520000	nan	nan	nan	nan	nan	nan	nan	39.0	754.6564991474152
38	39.87727	2.5420904	45.824818	34.85248	1000.0	1.6509098	3.2934518	26.701632	-2.1246057	1560000	nan	nan	nan	nan	nan	nan	nan	39.0	774.4404776096344
39	40.395447	2.5176008	44.73756	34.98915	1000.0	1.483968	3.2615254	26.229942	-2.157154	1600000	nan	nan	nan	nan	nan	nan	nan	39.0	794.224041223526
40	40.97274	2.889798	45.068283	35.562214	1000.0	1.6784506	3.3241963	26.194626	-1.9237902	1640000	nan	nan	nan	nan	nan	nan	nan	39.0	813.988707780838
41	41.241077	3.0528538	48.11098	34.52732	1000.0	1.475225	3.3429215	26.471039	-1.6156901	1680000	nan	nan	nan	nan	nan	nan	nan	39.0	833.6811003684998
42	42.091858	3.1681828	49.720245	34.789818	1000.0	1.6867027	3.3328934	26.66256	-1.6156654	1720000	nan	nan	nan	nan	nan	nan	nan	39.0	853.3909575939178
43	41.89857	2.887316	48.921307	34.807632	1000.0	1.688836	3.3584108	27.105848	-1.2561425	1760000	nan	nan	nan	nan	nan	nan	nan	26.5	872.9824562072754
44	42.51139	3.1700153	48.761833	35.535324	1000.0	2.080968	3.3589551	26.748785	-2.3848495	1800000	nan	nan	nan	nan	nan	nan	nan	39.0	892.6226422786713
45	43.238075	3.586247	49.651245	36.602913	1000.0	1.6221102	3.2939384	26.86654	-1.5069436	1840000	nan	nan	nan	nan	nan	nan	nan	39.0	912.6495082378387
46	42.797546	4.0259705	49.755913	31.009779	1000.0	1.9073902	3.4165413	27.697906	-1.5218337	1880000	nan	nan	nan	nan	nan	nan	nan	39.0	932.4357364177704
47	43.701878	3.1865525	48.59484	36.567688	1000.0	1.8519287	3.3221958	27.391962	-1.7633939	1920000	nan	nan	nan	nan	nan	nan	nan	39.0	952.2413067817688
48	43.416336	3.172315	49.729107	36.57649	1000.0	1.9779338	3.3444238	27.9679	-1.1466135	1960000	nan	nan	nan	nan	nan	nan	nan	39.0	971.9787743091583
49	43.64195	3.3635743	49.564014	38.347466	1000.0	1.6595312	3.4387445	27.349419	-1.6553735	2000000	nan	nan	nan	nan	nan	nan	nan	39.0	991.7088024616241
50	45.20379	3.672242	52.079124	39.42708	1000.0	1.8515861	3.3768728	27.909582	-1.4481496	2040000	nan	nan	nan	nan	nan	nan	nan	39.0	1011.4339838027954
51	45.14257	4.114109	53.584988	37.361816	1000.0	2.0448256	3.38038	28.144545	-1.0248728	2080000	nan	nan	nan	nan	nan	nan	nan	39.0	1031.1892430782318
52	45.843296	4.9018064	55.13905	37.475273	1000.0	1.9710219	3.4246423	27.8891	-1.6491867	2120000	nan	nan	nan	nan	nan	nan	nan	39.0	1051.2082605361938
53	46.670803	4.655849	55.664806	36.989765	1000.0	2.1246476	3.3710542	27.814024	-1.3747243	2160000	nan	nan	nan	nan	nan	nan	nan	39.0	1070.8018779754639
54	46.784664	5.0644255	58.316628	36.454987	1000.0	2.1616297	3.3432865	27.72953	-1.3277198	2200000	nan	nan	nan	nan	nan	nan	nan	39.0	1090.5244426727295
55	48.460876	6.625835	62.667805	38.77934	1000.0	2.2475097	3.3587868	27.677008	-1.260336	2240000	nan	nan	nan	nan	nan	nan	nan	39.0	1110.20361328125
56	47.96673	5.9579477	60.864952	38.806767	1000.0	2.3959804	3.4281569	28.028154	-0.96465784	2280000	nan	nan	nan	nan	nan	nan	nan	39.0	1129.906422138214
57	48.643684	6.1430984	61.91824	38.621357	1000.0	2.399408	3.4820788	27.964842	-1.8744824	2320000	nan	nan	nan	nan	nan	nan	nan	39.0	1149.6220817565918
58	49.99636	7.4048324	65.93829	39.125153	1000.0	2.227093	3.3983102	27.735083	-2.245203	2360000	nan	nan	nan	nan	nan	nan	nan	39.0	1169.386569738388
59	51.307556	7.3720655	63.827774	40.089767	1000.0	2.726513	3.4552205	28.036642	-2.957467	2400000	nan	nan	nan	nan	nan	nan	nan	39.0	1189.2558727264404
60	51.438366	7.325285	66.49394	37.939957	1000.0	2.5822418	3.3740618	28.159273	-2.1842985	2440000	nan	nan	nan	nan	nan	nan	nan	39.0	1208.8853220939636
61	51.8539	7.4205394	65.3895	40.83707	1000.0	2.7118108	3.4454558	27.82696	-2.8672416	2480000	nan	nan	nan	nan	nan	nan	nan	39.0	1228.542696237564
62	52.42628	6.829206	63.827744	41.223347	1000.0	2.6232467	3.4374695	28.151684	-1.2610884	2520000	nan	nan	nan	nan	nan	nan	nan	39.0	1248.3666656017303
63	52.913765	7.9074078	70.789635	40.504154	1000.0	2.7696536	3.455545	27.986692	-1.652474	2560000	nan	nan	nan	nan	nan	nan	nan	22.0	1267.8068680763245
64	52.98217	9.969368	66.66224	34.53547	1000.0	2.9564986	3.4814594	28.11364	-2.8132823	2600000	nan	nan	nan	nan	nan	nan	nan	39.0	1287.4881753921509
65	53.837513	10.931152	69.77195	29.78509	1000.0	2.8243315	3.5859797	28.142002	-3.6715276	2640000	nan	nan	nan	nan	nan	nan	nan	39.0	1307.1356282234192
66	53.622852	11.374755	68.859695	28.374126	1000.0	2.9008057	3.6359038	28.003826	-5.516576	2680000	nan	nan	nan	nan	nan	nan	nan	39.0	1327.0664377212524
67	54.37372	10.051296	69.94793	34.832657	1000.0	2.793539	3.6078486	27.923723	-5.892866	2720000	nan	nan	nan	nan	nan	nan	nan	39.0	1346.7848453521729
68	55.721813	10.873182	73.94825	37.00245	1000.0	3.0911677	3.572821	27.8411	-5.3098702	2760000	nan	nan	nan	nan	nan	nan	nan	39.0	1366.3328051567078
69	55.956127	9.379506	72.94455	39.76717	1000.0	2.9305332	3.5408823	28.102934	-3.2466035	2800000	nan	nan	nan	nan	nan	nan	nan	39.0	1386.1782567501068
70	56.266937	9.885643	71.990654	37.45731	1000.0	3.0184233	3.6052992	28.472095	-5.4073772	2840000	nan	nan	nan	nan	nan	nan	nan	39.0	1405.8127446174622
71	56.598206	11.041822	75.02785	39.659397	1000.0	3.169584	3.497422	28.664122	-3.3911352	2880000	nan	nan	nan	nan	nan	nan	nan	39.0	1425.7507274150848
72	57.756622	10.173098	73.1023	39.710262	1000.0	3.2413485	3.5713751	28.560795	-3.016971	2920000	nan	nan	nan	nan	nan	nan	nan	39.0	1445.4751505851746
73	58.710735	10.897419	78.37542	40.4532	1000.0	3.4066515	3.5166562	28.813055	-2.7551107	2960000	nan	nan	nan	nan	nan	nan	nan	39.0	1465.415815114975
74	59.510265	10.939262	77.96746	41.217358	1000.0	3.4314976	3.5342963	28.417372	-2.3736215	3000000	nan	nan	nan	nan	nan	nan	nan	39.0	1485.2011904716492
75	61.20127	12.095869	81.33299	40.323624	1000.0	3.5814378	3.5309546	29.122847	-2.1511168	3040000	nan	nan	nan	nan	nan	nan	nan	39.0	1505.079458475113
76	61.83744	12.209831	80.05733	40.32504	1000.0	3.525289	3.5734243	28.522135	-2.5019698	3080000	nan	nan	nan	nan	nan	nan	nan	39.0	1524.77503490448
77	62.47466	12.435506	81.5115	43.15419	1000.0	3.4981804	3.6220713	28.972029	-2.3511086	3120000	nan	nan	nan	nan	nan	nan	nan	39.0	1544.5619232654572
78	63.34024	11.962535	83.09863	45.65279	1000.0	3.5845315	3.6134315	28.9585	-1.3175882	3160000	nan	nan	nan	nan	nan	nan	nan	39.0	1564.231140613556
79	63.95304	11.786438	82.4662	43.56101	1000.0	3.9809308	3.6874886	29.275267	-2.355213	3200000	nan	nan	nan	nan	nan	nan	nan	39.0	1583.8455545902252
80	64.49052	12.009098	82.75943	43.260933	1000.0	3.898823	3.6123009	28.81172	-2.1554012	3240000	nan	nan	nan	nan	nan	nan	nan	39.0	1603.7597670555115
81	64.337036	12.587076	83.11279	41.805866	1000.0	4.115032	3.498713	28.967798	-3.449361	3280000	nan	nan	nan	nan	nan	nan	nan	39.0	1623.479085445404
82	65.93833	12.275497	84.61879	45.792927	1000.0	4.1455956	3.5475879	29.089996	-1.5186757	3320000	nan	nan	nan	nan	nan	nan	nan	39.0	1643.0155177116394
83	66.90979	13.429509	88.31331	45.856842	1000.0	4.0046086	3.6905131	28.904242	-1.995729	3360000	nan	nan	nan	nan	nan	nan	nan	28.5	1662.5968589782715
84	66.739075	14.442871	87.112076	38.800095	1000.0	4.205347	3.6333485	29.005232	-2.6700046	3400000	nan	nan	nan	nan	nan	nan	nan	39.0	1682.3471167087555
85	66.11436	13.951373	85.92177	45.608368	1000.0	4.0782723	3.6816585	28.925385	-3.4555228	3440000	nan	nan	nan	nan	nan	nan	nan	39.0	1702.1491794586182
86	67.293564	13.830995	86.9627	42.440212	1000.0	4.182858	3.6261399	28.958166	-3.055223	3480000	nan	nan	nan	nan	nan	nan	nan	39.0	1722.024518251419
87	68.18229	14.526971	90.46289	47.589436	1000.0	4.2908955	3.6348326	29.112114	-3.076365	3520000	nan	nan	nan	nan	nan	nan	nan	39.0	1741.8277955055237
88	69.51826	14.255706	91.955956	51.331417	1000.0	4.5738683	3.5959158	29.053404	-1.714893	3560000	nan	nan	nan	nan	nan	nan	nan	39.0	1761.5452506542206
89	69.88018	15.134992	94.23348	51.376923	1000.0	4.727518	3.6526756	29.044777	-0.96938246	3600000	nan	nan	nan	nan	nan	nan	nan	39.0	1781.3235375881195
90	70.99718	15.096139	94.18335	49.25579	1000.0	4.67517	3.7080052	28.719004	-1.8006593	3640000	nan	nan	nan	nan	nan	nan	nan	39.0	1801.1286594867706
91	71.431046	15.967941	98.03176	50.444622	1000.0	4.629973	3.493829	28.879868	-0.8518285	3680000	nan	nan	nan	nan	nan	nan	nan	39.0	1820.856630563736
92	70.719604	13.853056	94.07354	47.427418	1000.0	4.7098813	3.5689437	28.892986	-0.981931	3720000	nan	nan	nan	nan	nan	nan	nan	39.0	1840.3998982906342
93	71.524734	13.671959	94.265785	40.57613	1000.0	4.828718	3.6005838	29.04478	-1.0542518	3760000	nan	nan	nan	nan	nan	nan	nan	39.0	1860.3759598731995
94	72.98695	12.661295	94.04765	58.1408	1000.0	4.767108	3.5224843	29.091713	-0.4801635	3800000	nan	nan	nan	nan	nan	nan	nan	39.0	1880.2210273742676
95	73.800964	12.710295	96.47179	56.48115	1000.0	5.1728916	3.4520364	29.406618	-0.080446176	3840000	nan	nan	nan	nan	nan	nan	nan	39.0	1899.8155570030212
96	75.16698	12.486026	95.60326	58.715252	1000.0	5.176163	3.4782412	29.523954	0.03340281	3880000	nan	nan	nan	nan	nan	nan	nan	39.0	1919.694834470749
97	75.747345	13.173858	97.90779	57.02527	1000.0	5.114889	3.5228124	29.24249	-0.68634206	3920000	nan	nan	nan	nan	nan	nan	nan	39.0	1939.2411608695984
98	75.68614	13.539978	97.02787	58.23068	1000.0	5.1493993	3.57197	29.491745	-0.40092224	3960000	nan	nan	nan	nan	nan	nan	nan	39.0	1959.1275610923767
99	77.067215	13.147535	101.12733	59.880024	1000.0	5.2019315	3.5307493	29.687746	0.13003375	4000000	nan	nan	nan	nan	nan	nan	nan	39.0	1978.7195580005646
100	77.10913	12.865417	98.64509	60.250053	1000.0	5.2860775	3.5495477	29.398472	0.29478896	4040000	nan	nan	nan	nan	nan	nan	nan	39.0	1998.574728012085
101	77.10613	13.414535	99.59954	60.33274	1000.0	5.325117	3.467973	29.409643	-0.45311445	4080000	nan	nan	nan	nan	nan	nan	nan	39.0	2018.3383791446686
102	78.911194	12.501503	103.45267	61.721775	1000.0	5.3715596	3.3815746	29.677467	-0.34567937	4120000	nan	nan	nan	nan	nan	nan	nan	39.0	2038.1396403312683
103	79.21843	11.372133	99.40277	61.774246	1000.0	5.726641	3.4726152	29.323946	1.0797378	4160000	nan	nan	nan	nan	nan	nan	nan	30.5	2057.7877752780914
104	78.83919	12.242058	101.23251	61.140175	1000.0	5.6640224	3.5310123	29.707472	1.0179842	4200000	nan	nan	nan	nan	nan	nan	nan	39.0	2077.505050420761
105	80.1641	12.347191	100.38771	62.21274	1000.0	5.450518	3.3763928	29.934574	0.92835295	4240000	nan	nan	nan	nan	nan	nan	nan	39.0	2097.137571334839
106	80.9857	12.329839	101.2429	61.23838	1000.0	5.9380593	3.3148437	30.103798	1.5556369	4280000	nan	nan	nan	nan	nan	nan	nan	39.0	2116.9085488319397
107	82.249374	12.237173	103.58775	64.518135	1000.0	5.8418827	3.382098	30.175299	0.94432276	4320000	nan	nan	nan	nan	nan	nan	nan	39.0	2136.944112062454
108	82.387344	11.977218	102.56196	65.7502	1000.0	5.937635	3.369894	29.923168	1.0682547	4360000	nan	nan	nan	nan	nan	nan	nan	39.0	2156.4337089061737
109	83.875534	13.963278	105.64687	47.385292	1000.0	6.131807	3.260368	29.86958	1.5039856	4400000	nan	nan	nan	nan	nan	nan	nan	39.0	2176.1577842235565
110	84.78717	12.436353	105.11514	64.69159	1000.0	6.1260953	3.3603394	29.688158	1.2996104	4440000	nan	nan	nan	nan	nan	nan	nan	39.0	2195.9654483795166
111	85.00938	12.137563	107.90594	67.23499	1000.0	6.352817	3.3233461	29.923742	1.9940871	4480000	nan	nan	nan	nan	nan	nan	nan	39.0	2215.6720068454742
112	86.83597	12.124944	107.30221	68.28987	1000.0	6.338551	3.2918632	30.49095	1.8621166	4520000	nan	nan	nan	nan	nan	nan	nan	39.0	2235.497190952301
113	86.53684	11.800217	106.48751	66.81162	1000.0	6.419369	3.3248065	30.42111	1.9530258	4560000	nan	nan	nan	nan	nan	nan	nan	39.0	2255.3990552425385
114	86.30322	11.521573	105.88617	61.029854	1000.0	6.355764	3.282587	30.47462	1.7256185	4600000	nan	nan	nan	nan	nan	nan	nan	39.0	2275.1494619846344
115	84.40745	15.791436	109.02761	44.537895	1000.0	6.3366427	3.365112	30.58024	1.040103	4640000	nan	nan	nan	nan	nan	nan	nan	39.0	2295.063911676407
116	87.598885	11.545063	108.79266	63.378437	1000.0	6.306512	3.3391047	30.27621	0.20849276	4680000	nan	nan	nan	nan	nan	nan	nan	39.0	2314.9547650814056
117	87.45419	12.475641	109.14849	60.635376	1000.0	6.556549	3.2622638	30.694427	1.7369356	4720000	nan	nan	nan	nan	nan	nan	nan	39.0	2334.7179894447327
118	87.28267	11.491703	108.34722	65.05542	1000.0	6.7933946	3.0587697	30.685555	2.8505464	4760000	nan	nan	nan	nan	nan	nan	nan	39.0	2354.459175825119
119	88.10543	11.858661	109.57368	64.585815	1000.0	6.699821	3.0814223	30.448217	3.013854	4800000	nan	nan	nan	nan	nan	nan	nan	39.0	2374.0520362854004
120	87.761765	12.808053	110.15603	59.778652	1000.0	6.6437826	3.1394265	30.932373	2.883797	4840000	nan	nan	nan	nan	nan	nan	nan	39.0	2393.841466665268
121	88.905334	11.866819	110.46069	72.35309	1000.0	6.6023374	3.2176273	30.834145	2.5372553	4880000	nan	nan	nan	nan	nan	nan	nan	39.0	2413.66303730011
122	88.40728	12.025313	109.725426	70.98682	1000.0	6.7794366	3.1838553	30.52009	2.7003872	4920000	nan	nan	nan	nan	nan	nan	nan	39.0	2433.3804557323456
123	88.950806	12.9806795	113.41718	71.37837	1000.0	6.5024395	3.2174988	30.40765	1.8976613	4960000	nan	nan	nan	nan	nan	nan	nan	39.0	2453.091161966324
124	90.1773	12.594995	114.20062	72.349396	1000.0	6.575214	3.194712	30.546825	2.6821709	5000000	nan	nan	nan	nan	nan	nan	nan	39.0	2472.812953233719
125	91.471146	11.865865	112.749695	68.86835	1000.0	6.9265094	3.1710541	30.590422	3.2430933	5040000	nan	nan	nan	nan	nan	nan	nan	39.0	2492.5168311595917
126	91.48842	10.264177	108.5251	73.30587	1000.0	7.136692	3.1617775	30.520746	3.1491132	5080000	nan	nan	nan	nan	nan	nan	nan	39.0	2512.1309518814087
127	92.051956	10.539598	108.910904	75.37681	1000.0	6.992639	3.0227227	30.821737	3.5174358	5120000	nan	nan	nan	nan	nan	nan	nan	39.0	2532.5082824230194
128	92.61473	10.23925	108.940674	73.60304	1000.0	7.105614	3.0298967	31.105947	3.7475636	5160000	nan	nan	nan	nan	nan	nan	nan	39.0	2553.1145672798157
129	92.48274	9.109897	105.8325	75.17789	1000.0	7.1256685	2.9906788	30.924984	3.8231936	5200000	nan	nan	nan	nan	nan	nan	nan	39.0	2573.240782022476
130	93.51718	9.448482	108.21925	76.04735	1000.0	7.1204076	2.9885547	31.287342	3.7475452	5240000	nan	nan	nan	nan	nan	nan	nan	39.0	2592.958787918091
131	92.802	9.4238	108.31603	76.68392	1000.0	7.1071453	2.9813647	31.40014	3.8573298	5280000	nan	nan	nan	nan	nan	nan	nan	39.0	2612.7208244800568
132	94.09508	10.861624	110.67385	73.85655	1000.0	7.228266	2.985646	31.357697	3.8933773	5320000	nan	nan	nan	nan	nan	nan	nan	39.0	2632.4104313850403
133	93.37673	10.155838	111.01252	70.6911	1000.0	7.3159385	2.9972494	31.34501	3.877639	5360000	nan	nan	nan	nan	nan	nan	nan	39.0	2651.985058784485
134	93.85453	10.029672	109.69278	73.127815	1000.0	7.176617	2.928822	31.40901	3.8100224	5400000	nan	nan	nan	nan	nan	nan	nan	39.0	2671.8928833007812
135	95.23586	11.412325	115.414566	68.43869	1000.0	7.2392893	3.0509017	31.137886	3.4812632	5440000	nan	nan	nan	nan	nan	nan	nan	39.0	2691.7396976947784
136	95.56394	11.890164	115.206154	76.146545	1000.0	7.307381	3.0892563	31.72746	3.7516112	5480000	nan	nan	nan	nan	nan	nan	nan	25.0	2711.161699771881
137	85.117455	16.81296	99.4074	28.707632	1000.0	6.937857	3.0025861	31.399298	2.5585048	5520000	nan	nan	nan	nan	nan	nan	nan	25.0	2730.541578769684
138	78.496254	26.620787	102.36856	29.127989	1000.0	6.124219	3.3339646	31.372276	1.6399996	5560000	nan	nan	nan	nan	nan	nan	nan	21.0	2749.9742493629456
139	77.67013	17.803574	103.12772	28.38259	1000.0	6.0673537	3.5163586	30.19755	0.29566485	5600000	nan	nan	nan	nan	nan	nan	nan	22.0	2769.380896806717
140	67.56026	28.12467	101.719604	19.757153	1000.0	5.729901	3.8027833	30.55215	0.7596936	5640000	nan	nan	nan	nan	nan	nan	nan	21.5	2788.8792011737823
141	64.02477	21.491474	90.37774	24.556955	1000.0	4.668159	4.0667295	29.866915	-0.5036948	5680000	nan	nan	nan	nan	nan	nan	nan	21.5	2808.5594663619995
142	62.39082	24.961855	91.472466	20.90389	1000.0	4.14638	3.8848426	29.90202	-0.25709453	5720000	nan	nan	nan	nan	nan	nan	nan	20.5	2827.9376385211945
143	67.06868	23.945187	97.32178	28.305368	1000.0	3.942375	3.7632425	29.409576	-0.19312453	5760000	nan	nan	nan	nan	nan	nan	nan	26.5	2847.4408962726593
144	71.2443	25.098944	98.62145	28.62957	1000.0	4.6234384	3.9385633	30.211128	-0.010830015	5800000	nan	nan	nan	nan	nan	nan	nan	22.0	2866.959178209305
145	73.1381	26.606745	105.84207	28.68381	1000.0	4.9447737	3.8725922	29.933575	-0.047181845	5840000	nan	nan	nan	nan	nan	nan	nan	39.0	2887.226487159729
146	72.67686	26.479067	105.89629	29.281103	1000.0	5.245173	4.087819	30.448545	-0.19117719	5880000	nan	nan	nan	nan	nan	nan	nan	39.0	2906.779887676239
147	72.398285	25.691307	100.18501	29.980595	1000.0	5.215165	4.0402822	30.827599	-0.1417954	5920000	nan	nan	nan	nan	nan	nan	nan	22.5	2926.802192926407
148	78.98115	31.07093	119.43979	27.571762	1000.0	5.4668283	4.1537952	30.303362	-0.2214483	5960000	nan	nan	nan	nan	nan	nan	nan	25.0	2946.781238079071
149	77.708046	30.074808	111.95601	29.330256	1000.0	5.7461185	4.398978	30.45849	-0.38758442	6000000	nan	nan	nan	nan	nan	nan	nan	27.0	2966.701341867447
150	76.95591	33.099213	113.37018	21.624378	1000.0	5.5594845	4.296318	30.28802	-0.45719284	6040000	nan	nan	nan	nan	nan	nan	nan	23.5	2986.235926628113
151	78.261284	32.72171	113.008644	17.20976	1000.0	5.7425447	4.4529147	30.812014	-0.41624507	6080000	nan	nan	nan	nan	nan	nan	nan	39.0	3006.063709974289
152	81.160034	28.544443	113.231834	31.463068	1000.0	5.433902	4.769266	30.661192	-3.8792644	6120000	nan	nan	nan	nan	nan	nan	nan	39.0	3025.868812561035
153	82.92593	26.895975	114.614395	35.741207	1000.0	5.8666754	4.3643703	30.799585	-1.3457428	6160000	nan	nan	nan	nan	nan	nan	nan	39.0	3045.5205516815186
154	87.74632	21.030437	113.54895	45.297813	1000.0	6.2067413	4.003387	31.055067	-0.72989786	6200000	nan	nan	nan	nan	nan	nan	nan	39.0	3065.553409099579
155	88.652084	19.515558	113.64707	53.794327	1000.0	6.6328626	3.5534177	30.681765	1.0016795	6240000	nan	nan	nan	nan	nan	nan	nan	39.0	3085.277470588684
156	89.50265	19.997282	116.837074	48.756138	1000.0	6.615068	3.6252177	31.304602	1.4125779	6280000	nan	nan	nan	nan	nan	nan	nan	22.5	3104.7220520973206
157	90.957695	20.099377	117.88499	54.57204	1000.0	7.82229	3.7598953	31.033384	1.4815563	6320000	nan	nan	nan	nan	nan	nan	nan	30.0	3124.2263498306274
158	91.00775	20.969116	120.263	48.56827	1000.0	7.9009533	4.0655494	30.952219	1.3845572	6360000	nan	nan	nan	nan	nan	nan	nan	39.0	3143.951467514038
159	89.95363	20.438908	119.29106	47.312763	1000.0	6.8703547	3.586778	31.280912	1.4496324	6400000	nan	nan	nan	nan	nan	nan	nan	39.0	3163.5602672100067
160	91.357925	20.211155	117.37797	56.19977	1000.0	7.039164	3.5881197	30.81898	1.4200959	6440000	nan	nan	nan	nan	nan	nan	nan	39.0	3183.239598274231
161	92.05684	19.309021	117.90488	59.826202	1000.0	7.063404	3.538419	31.243734	1.6938478	6480000	nan	nan	nan	nan	nan	nan	nan	39.0	3203.339027404785
162	91.536476	19.73607	120.30456	57.735455	1000.0	7.3154826	3.523171	31.362783	1.8957305	6520000	nan	nan	nan	nan	nan	nan	nan	39.0	3223.09695148468
163	92.89981	18.199398	117.32964	59.857212	1000.0	7.1561704	3.5305808	31.293768	1.71035	6560000	nan	nan	nan	nan	nan	nan	nan	39.0	3242.7801280021667
164	92.28746	20.127104	117.49633	49.922577	1000.0	7.3261557	3.5542054	31.41129	1.9140908	6600000	nan	nan	nan	nan	nan	nan	nan	39.0	3262.5050382614136
165	93.164536	17.942049	118.66997	61.786808	1000.0	7.313814	3.5159779	31.266344	1.7381388	6640000	nan	nan	nan	nan	nan	nan	nan	39.0	3282.2008979320526
166	92.72699	17.990742	116.18903	56.020348	1000.0	7.40723	3.580146	31.551664	1.907039	6680000	nan	nan	nan	nan	nan	nan	nan	39.0	3302.0092856884003
167	94.47688	17.402199	119.388306	63.95002	1000.0	7.410864	3.4406123	31.251087	2.1115963	6720000	nan	nan	nan	nan	nan	nan	nan	39.0	3321.7287583351135
168	94.28985	18.308308	122.5345	63.401974	1000.0	7.5586147	3.513143	31.210901	2.3927383	6760000	nan	nan	nan	nan	nan	nan	nan	39.0	3341.672385931015
169	94.004776	17.832634	123.59619	62.545483	1000.0	7.56775	3.5381947	31.476847	2.1987908	6800000	nan	nan	nan	nan	nan	nan	nan	39.0	3361.454751968384
170	94.95332	15.310179	115.8434	67.707794	1000.0	7.292971	3.274306	31.27084	2.3892503	6840000	nan	nan	nan	nan	nan	nan	nan	24.5	3380.9221680164337
171	92.93888	14.341934	116.26804	69.679245	1000.0	7.390067	3.2380486	31.897758	2.6596322	6880000	nan	nan	nan	nan	nan	nan	nan	20.5	3400.368832349777
172	78.667404	29.633621	119.11035	25.192509	1000.0	6.5961485	3.3378093	30.953869	2.577181	6920000	nan	nan	nan	nan	nan	nan	nan	20.0	3419.7456827163696
173	87.54176	18.266838	116.79687	61.518345	1000.0	6.90649	3.3827236	29.993015	1.2945546	6960000	nan	nan	nan	nan	nan	nan	nan	20.0	3438.9513471126556
174	96.37381	14.997973	118.098885	67.16446	1000.0	7.08531	3.531807	30.891222	0.5887022	7000000	nan	nan	nan	nan	nan	nan	nan	22.0	3458.46151804924
175	85.93549	19.600723	119.338005	61.04975	1000.0	7.8209424	3.6692486	30.726381	2.7750301	7040000	nan	nan	nan	nan	nan	nan	nan	21.0	3478.1527926921844
176	77.32088	32.470203	116.881516	21.954113	1000.0	6.8943834	3.3935404	30.079857	-6.3429103	7080000	nan	nan	nan	nan	nan	nan	nan	39.0	3497.666984319687
177	76.69601	32.724506	120.644844	21.519468	1000.0	6.22044	3.579215	29.780804	-0.04560536	7120000	nan	nan	nan	nan	nan	nan	nan	39.0	3517.3359999656677
178	77.68227	31.614378	120.12019	23.995377	1000.0	6.020283	3.8790474	29.503935	-1.4075742	7160000	nan	nan	nan	nan	nan	nan	nan	39.0	3537.0582938194275
179	81.622086	25.838615	121.632385	37.078346	1000.0	6.066481	3.912786	30.09334	-1.1746526	7200000	nan	nan	nan	nan	nan	nan	nan	39.0	3556.7834420204163
180	81.15391	24.99058	118.99391	42.37174	1000.0	6.3929486	3.6473184	29.760015	0.116143554	7240000	nan	nan	nan	nan	nan	nan	nan	39.0	3576.4832575321198
181	84.08717	22.81338	119.00719	49.799465	1000.0	6.539191	3.5276098	29.714933	0.6721208	7280000	nan	nan	nan	nan	nan	nan	nan	39.0	3596.1708471775055
182	85.361916	21.089056	119.85551	56.803024	1000.0	6.6092377	3.502175	29.50766	1.1635718	7320000	nan	nan	nan	nan	nan	nan	nan	39.0	3616.1258432865143
183	85.98743	20.006594	119.948204	59.83774	1000.0	6.6473064	3.4990063	30.209545	1.5157809	7360000	nan	nan	nan	nan	nan	nan	nan	39.0	3635.7919511795044
184	87.41574	18.86222	120.258316	63.307495	1000.0	6.878565	3.3925238	29.992605	2.169632	7400000	nan	nan	nan	nan	nan	nan	nan	39.0	3655.366158723831
185	87.70443	17.793943	120.659035	63.249317	1000.0	6.9886837	3.3361728	29.363384	2.3970783	7440000	nan	nan	nan	nan	nan	nan	nan	39.0	3675.1861474514008
186	88.442085	17.374767	119.35988	68.53774	1000.0	7.0321093	3.3529005	30.10104	2.666224	7480000	nan	nan	nan	nan	nan	nan	nan	39.0	3694.9291310310364
187	89.29158	16.348873	121.981026	68.87408	1000.0	7.126334	3.315399	29.41944	2.8908286	7520000	nan	nan	nan	nan	nan	nan	nan	39.0	3714.6363730430603
188	89.1073	16.29399	118.00754	70.85676	1000.0	7.1436343	3.3301852	29.621435	2.7880387	7560000	nan	nan	nan	nan	nan	nan	nan	36.5	3734.2036035060883
189	92.198326	15.390355	122.22772	75.182915	1000.0	7.1430173	3.3706489	29.876772	2.7084088	7600000	nan	nan	nan	nan	nan	nan	nan	26.5	3753.9538807868958
190	85.7724	21.598972	119.62587	53.094833	1000.0	7.1468296	3.352647	30.366274	2.8902447	7640000	nan	nan	nan	nan	nan	nan	nan	21.0	3773.373647928238
191	81.57646	28.73137	119.322	35.572666	1000.0	6.4524736	4.179339	28.808788	0.59448963	7680000	nan	nan	nan	nan	nan	nan	nan	28.5	3792.866532087326
192	84.18088	27.122217	119.17101	38.074963	1000.0	6.2224174	4.3403797	28.536104	0.08836323	7720000	nan	nan	nan	nan	nan	nan	nan	36.5	3812.5531828403473
193	87.35626	22.500135	121.38636	44.409805	1000.0	6.7793584	4.10542	28.447853	0.18435675	7760000	nan	nan	nan	nan	nan	nan	nan	23.5	3832.029970884323
194	83.64174	28.093033	117.26124	36.81387	1000.0	6.717918	3.8474848	28.911026	1.5496252	7800000	nan	nan	nan	nan	nan	nan	nan	27.0	3851.6001346111298
195	82.10887	29.10175	115.19721	32.546158	1000.0	6.5094695	4.0790343	28.551352	0.85060596	7840000	nan	nan	nan	nan	nan	nan	nan	20.5	3871.064143180847
196	83.186646	27.975206	118.2626	35.783913	1000.0	6.12333	4.325014	28.509615	-0.0065618753	7880000	nan	nan	nan	nan	nan	nan	nan	20.5	3890.5236258506775
197	66.96944	20.65423	96.44098	35.27486	1000.0	6.133721	4.379547	28.064798	0.45544437	7920000	nan	nan	nan	nan	nan	nan	nan	20.5	3909.9563710689545
198	57.40267	29.750738	95.48467	8.7732315	1000.0	5.336235	3.9979541	28.12997	0.41747665	7960000	nan	nan	nan	nan	nan	nan	nan	20.5	3929.3578972816467
199	62.635895	24.333803	96.43166	26.226501	1000.0	3.3501942	4.498753	28.309906	-1.9595393	8000000	nan	nan	nan	nan	nan	nan	nan	20.5	3948.732918024063
200	48.643703	42.879044	96.28242	-26.21027	1000.0	4.526644	3.9729435	28.304766	0.25914052	8040000	nan	nan	nan	nan	nan	nan	nan	21.0	3968.1846289634705
201	51.837135	41.567608	97.38534	-19.717482	1000.0	3.4981198	4.5785794	28.527458	-1.8410164	8080000	nan	nan	nan	nan	nan	nan	nan	39.0	3987.7685430049896
202	53.85796	41.7633	97.17658	-18.367247	1000.0	3.4893308	4.755556	28.922777	-2.5349925	8120000	nan	nan	nan	nan	nan	nan	nan	39.0	4007.6436450481415
203	53.422577	42.252922	98.01385	-20.233332	1000.0	3.4468985	4.7730203	28.69081	-2.7809436	8160000	nan	nan	nan	nan	nan	nan	nan	39.0	4027.450286388397
204	53.130806	43.048706	99.91741	-18.0246	1000.0	3.498176	4.858791	28.809143	-2.8212967	8200000	nan	nan	nan	nan	nan	nan	nan	39.0	4047.174013376236
205	55.339516	41.703182	98.11401	-14.558633	1000.0	3.506695	4.8452754	29.19359	-2.9437618	8240000	nan	nan	nan	nan	nan	nan	nan	39.0	4066.822152376175
206	56.01424	41.552933	99.32623	-15.123223	1000.0	3.5984259	4.8133044	29.099155	-2.7805502	8280000	nan	nan	nan	nan	nan	nan	nan	39.0	4086.5671927928925
207	56.525635	39.18589	100.38441	-6.9347544	1000.0	3.754786	4.8204346	29.19674	-2.456154	8320000	nan	nan	nan	nan	nan	nan	nan	24.5	4105.939485311508
208	55.032856	39.062855	100.07044	-9.060655	1000.0	3.5013144	4.6087413	29.030834	-2.3933992	8360000	nan	nan	nan	nan	nan	nan	nan	23.0	4125.153076887131
209	52.35266	39.10057	101.34595	-13.838038	1000.0	4.474513	5.0741525	28.697779	-2.0320802	8400000	nan	nan	nan	nan	nan	nan	nan	20.5	4144.882434606552
210	48.706886	37.094482	102.44906	-10.413263	1000.0	3.781291	4.5372796	29.548985	-2.4724817	8440000	nan	nan	nan	nan	nan	nan	nan	22.0	4164.362155675888
211	51.795616	39.123257	104.25188	-10.515038	1000.0	3.3433714	4.3027472	28.584711	-2.415847	8480000	nan	nan	nan	nan	nan	nan	nan	39.0	4184.038082122803
212	52.746838	38.887	103.26603	-13.008462	1000.0	3.3825762	4.3951116	29.136341	-2.4852784	8520000	nan	nan	nan	nan	nan	nan	nan	39.0	4203.81623506546
213	53.312794	37.73676	103.1081	-11.506123	1000.0	3.387228	4.379518	29.382793	-2.4370418	8560000	nan	nan	nan	nan	nan	nan	nan	39.0	4223.471246242523
214	51.363014	39.074615	103.91737	-9.571286	1000.0	3.5246	4.4317513	28.758425	-2.156095	8600000	nan	nan	nan	nan	nan	nan	nan	35.5	4243.147212505341
215	50.699226	38.299583	105.47003	-10.850133	1000.0	3.547904	4.3864827	29.425913	-2.126631	8640000	nan	nan	nan	nan	nan	nan	nan	31.5	4262.612169981003
216	50.496845	39.269375	105.09349	-8.600485	1000.0	3.1239028	4.42526	29.065409	-2.191391	8680000	nan	nan	nan	nan	nan	nan	nan	24.5	4282.312783956528
217	52.10943	38.245995	104.398926	-6.829888	1000.0	3.4001343	4.5786524	29.630596	-2.6168041	8720000	nan	nan	nan	nan	nan	nan	nan	21.0	4301.7809817790985
218	58.765068	38.65274	107.6693	-7.537844	1000.0	3.4670808	4.345967	29.604563	-2.1704915	8760000	nan	nan	nan	nan	nan	nan	nan	23.0	4321.205867290497
219	64.1524	38.179058	106.17795	-6.0854006	1000.0	3.7346392	4.2842216	30.285002	-2.134436	8800000	nan	nan	nan	nan	nan	nan	nan	21.0	4340.62845492363
220	59.954063	36.282307	105.889854	-4.6671467	1000.0	4.395099	4.267534	30.368711	-2.1106153	8840000	nan	nan	nan	nan	nan	nan	nan	39.0	4360.3668384552
221	57.678276	36.071617	105.94036	-2.851456	1000.0	4.151889	4.304898	30.005402	-2.3317227	8880000	nan	nan	nan	nan	nan	nan	nan	39.0	4380.131866931915
222	54.4363	36.937595	107.31378	-6.5002146	1000.0	3.863793	4.3265824	30.015491	-2.4490373	8920000	nan	nan	nan	nan	nan	nan	nan	39.0	4399.672938346863
223	55.941902	36.427505	105.84323	-0.13903639	1000.0	3.6643918	4.3653603	30.272257	-2.218493	8960000	nan	nan	nan	nan	nan	nan	nan	23.5	4419.381704568863
224	61.020874	30.681602	107.73586	12.631015	1000.0	3.672729	4.275018	30.485697	-2.174258	9000000	nan	nan	nan	nan	nan	nan	nan	31.5	4438.97224521637
225	65.38392	25.8895	108.405975	32.30082	1000.0	4.2564626	3.9277005	30.800594	-0.41799182	9040000	nan	nan	nan	nan	nan	nan	nan	22.0	4458.206997156143
226	69.320595	21.762064	107.93234	35.621506	1000.0	4.5159726	3.9030485	30.475424	-1.2760925	9080000	nan	nan	nan	nan	nan	nan	nan	39.0	4478.865626335144
227	70.58385	21.600794	109.21709	44.062634	1000.0	4.8878236	3.5784705	30.583214	0.7448459	9120000	nan	nan	nan	nan	nan	nan	nan	39.0	4498.887083053589
228	72.24214	20.478992	107.55883	46.00708	1000.0	5.178129	3.510516	30.707485	1.0120537	9160000	nan	nan	nan	nan	nan	nan	nan	39.0	4518.900589466095
229	72.43809	20.767101	108.8025	48.366673	1000.0	5.1400547	3.559466	30.760094	0.8071758	9200000	nan	nan	nan	nan	nan	nan	nan	39.0	4538.895177125931
230	73.32698	19.817173	108.32294	48.599983	1000.0	5.1885805	3.5545588	30.960903	1.1770256	9240000	nan	nan	nan	nan	nan	nan	nan	39.0	4559.100060462952
231	73.84611	18.600992	108.61477	53.264706	1000.0	5.4061522	3.4951236	30.746225	1.3865408	9280000	nan	nan	nan	nan	nan	nan	nan	39.0	4579.1091895103455
232	74.29433	19.066727	109.71154	53.293003	1000.0	5.340415	3.4796052	30.587635	1.3524652	9320000	nan	nan	nan	nan	nan	nan	nan	39.0	4599.114702701569
233	73.29468	20.424597	110.085754	50.333115	1000.0	5.327173	3.5418031	31.31856	1.1554172	9360000	nan	nan	nan	nan	nan	nan	nan	39.0	4619.094898939133
234	73.786705	20.196356	111.08541	51.96572	1000.0	5.3385253	3.5672143	31.521317	1.1645837	9400000	nan	nan	nan	nan	nan	nan	nan	39.0	4639.166696310043
235	73.52178	20.980783	110.228905	48.035625	1000.0	5.2260256	3.557214	31.142696	1.1489143	9440000	nan	nan	nan	nan	nan	nan	nan	39.0	4659.132421255112
236	74.274124	19.79519	109.8721	51.258038	1000.0	5.2847595	3.588775	30.801418	0.88029265	9480000	nan	nan	nan	nan	nan	nan	nan	39.0	4678.988775730133
237	74.98841	20.211475	110.515625	51.70816	1000.0	5.1693993	3.7253156	30.973953	0.7994505	9520000	nan	nan	nan	nan	nan	nan	nan	20.5	4698.940928936005
238	78.95845	17.77407	110.50296	54.100227	1000.0	5.487337	3.4083347	31.448544	1.9106901	9560000	nan	nan	nan	nan	nan	nan	nan	39.0	4718.883373737335
239	79.146194	16.329607	109.78838	61.492817	1000.0	5.935141	3.3798175	31.67918	2.0894973	9600000	nan	nan	nan	nan	nan	nan	nan	39.0	4738.569269895554
240	82.14217	15.952508	111.55444	64.55837	1000.0	5.6949916	3.2460625	31.771824	1.719308	9640000	nan	nan	nan	nan	nan	nan	nan	21.5	4758.253793954849
241	73.46023	21.049452	110.324455	53.776974	1000.0	7.084307	3.7305617	31.428158	2.3178613	9680000	nan	nan	nan	nan	nan	nan	nan	23.5	4778.092715740204
242	72.08587	24.046125	109.82963	38.725304	1000.0	5.9222336	3.2640395	31.378954	2.385041	9720000	nan	nan	nan	nan	nan	nan	nan	28.0	4797.950343132019
243	68.470856	25.640282	105.32542	25.669981	1000.0	5.6163735	3.3992465	31.785639	1.4673452	9760000	nan	nan	nan	nan	nan	nan	nan	39.0	4817.992479324341
244	70.94016	25.955166	106.03788	27.12502	1000.0	5.157271	3.6201801	30.853045	-0.1116139	9800000	nan	nan	nan	nan	nan	nan	nan	39.0	4838.10559296608
245	71.58685	25.474585	105.91812	27.316662	1000.0	5.0147986	3.4029355	30.923965	-0.250938	9840000	nan	nan	nan	nan	nan	nan	nan	39.0	4857.982786655426
246	69.57863	23.938753	98.52146	27.148136	1000.0	5.3708906	3.548146	30.694136	-0.017843783	9880000	nan	nan	nan	nan	nan	nan	nan	35.0	4877.889108657837
247	73.9544	25.619045	101.37981	29.27192	1000.0	5.132241	3.3639247	29.831833	0.037733704	9920000	nan	nan	nan	nan	nan	nan	nan	24.0	4897.769334077835
248	72.64624	25.70976	98.698845	27.679432	1000.0	5.885307	3.4360998	30.334835	0.2604709	9960000	nan	nan	nan	nan	nan	nan	nan	20.5	4917.381081819534
249	77.30084	26.851507	104.05687	31.61357	1000.0	5.410023	3.461479	30.455416	-0.0743773	10000000	nan	nan	nan	nan	nan	nan	nan	39.0	4937.195420503616
250	76.27437	26.385021	101.28169	31.482061	1000.0	5.8551116	3.4868727	30.663347	0.19471687	10040000	nan	nan	nan	nan	nan	nan	nan	39.0	4957.23087644577
251	76.521095	26.15844	101.01421	30.953249	1000.0	5.731819	3.4478867	30.297611	0.11555797	10080000	nan	nan	nan	nan	nan	nan	nan	39.0	4977.46605014801
252	77.17323	25.962366	100.77041	32.211353	1000.0	5.8273826	3.5206645	30.268642	0.22830829	10120000	nan	nan	nan	nan	nan	nan	nan	39.0	4997.411291360855
253	76.915245	25.803501	103.077934	31.084154	1000.0	5.8031797	3.4548347	30.317272	0.43294784	10160000	nan	nan	nan	nan	nan	nan	nan	39.0	5017.499386310577
254	76.83244	25.699057	103.35764	31.830679	1000.0	5.8724384	3.4527287	30.21029	0.33040795	10200000	nan	nan	nan	nan	nan	nan	nan	25.0	5037.2911031246185
255	74.01896	24.002792	103.57753	32.72308	1000.0	5.8380523	3.4820313	29.85738	0.2221139	10240000	nan	nan	nan	nan	nan	nan	nan	23.0	5057.110260009766
256	81.08453	27.015383	106.182655	33.07926	1000.0	5.449466	3.435674	30.42607	-0.31396267	10280000	nan	nan	nan	nan	nan	nan	nan	39.0	5076.90725851059
257	79.79691	25.76507	106.992386	35.152992	1000.0	6.000873	3.5073173	30.759289	-0.13804242	10320000	nan	nan	nan	nan	nan	nan	nan	39.0	5097.18506193161
258	80.65041	26.198254	106.96721	35.007862	1000.0	6.0967813	3.4636953	30.677834	-0.0025675893	10360000	nan	nan	nan	nan	nan	nan	nan	39.0	5117.2783081531525
259	80.669334	25.128908	107.30018	37.09827	1000.0	6.0649867	3.567285	30.673225	-0.001776725	10400000	nan	nan	nan	nan	nan	nan	nan	39.0	5137.167637825012
260	81.31447	24.359673	106.11762	37.956306	1000.0	6.2216215	3.4007578	30.85641	0.38280547	10440000	nan	nan	nan	nan	nan	nan	nan	39.0	5157.173315286636
261	80.44881	26.856863	106.37289	32.793545	1000.0	6.3087626	3.3622496	31.009024	0.56839114	10480000	nan	nan	nan	nan	nan	nan	nan	39.0	5176.905235052109
262	81.30271	26.75652	107.87277	32.340473	1000.0	6.167816	3.5369124	30.934298	0.15470633	10520000	nan	nan	nan	nan	nan	nan	nan	39.0	5196.86924290657
263	81.142525	28.076746	107.825455	30.779623	1000.0	6.362496	3.4218936	31.109282	0.49048343	10560000	nan	nan	nan	nan	nan	nan	nan	39.0	5216.878315448761
264	80.08072	28.426	107.46815	30.53982	1000.0	6.255735	3.5934477	31.24825	0.120011285	10600000	nan	nan	nan	nan	nan	nan	nan	39.0	5237.004070997238
265	80.09145	27.84748	107.12658	32.983463	1000.0	6.201864	3.5675263	30.966759	0.26629138	10640000	nan	nan	nan	nan	nan	nan	nan	33.5	5256.860973596573
266	81.109085	27.659367	106.965965	31.98181	1000.0	6.131865	3.691294	31.206495	0.059479326	10680000	nan	nan	nan	nan	nan	nan	nan	20.5	5276.5301814079285
267	80.17389	26.470865	106.45712	35.269466	1000.0	6.3132124	3.6210692	30.812254	-0.024868667	10720000	nan	nan	nan	nan	nan	nan	nan	33.0	5296.422478675842
268	81.64847	26.252031	107.8891	36.76182	1000.0	5.603522	3.9451725	31.355974	-0.5235535	10760000	nan	nan	nan	nan	nan	nan	nan	39.0	5316.416859149933
269	83.79866	21.709114	106.357544	47.628696	1000.0	6.1106043	3.6483335	30.987726	-1.0373237	10800000	nan	nan	nan	nan	nan	nan	nan	39.0	5336.403712272644
270	84.77585	22.023865	108.19912	49.66067	1000.0	6.2714596	3.671353	31.208164	-1.6816024	10840000	nan	nan	nan	nan	nan	nan	nan	39.0	5356.353960990906
271	85.22342	22.285198	106.931656	46.871536	1000.0	6.5271688	3.4720998	31.041307	-1.050482	10880000	nan	nan	nan	nan	nan	nan	nan	39.0	5376.442676544189
272	84.8358	21.556965	107.80577	48.353497	1000.0	6.5326543	3.4789162	31.050888	-0.9671269	10920000	nan	nan	nan	nan	nan	nan	nan	39.0	5396.418287277222
273	86.35737	21.619724	107.91932	51.15798	1000.0	6.5609736	3.474749	31.277414	-1.3680711	10960000	nan	nan	nan	nan	nan	nan	nan	39.0	5416.464827775955
274	85.41652	20.876242	107.736595	49.137707	1000.0	6.6014156	3.459327	31.257866	-1.211337	11000000	nan	nan	nan	nan	nan	nan	nan	23.0	5436.163295269012
275	85.98185	21.6556	108.88404	49.89331	1000.0	6.49045	3.4138198	31.109467	-1.3628051	11040000	nan	nan	nan	nan	nan	nan	nan	36.0	5456.079977989197
276	84.21187	20.221085	108.49406	49.48593	1000.0	6.623815	3.4712555	31.20651	-1.1290301	11080000	nan	nan	nan	nan	nan	nan	nan	39.0	5475.923400640488
277	82.28822	18.89388	107.69033	49.65678	1000.0	6.3566065	3.4407032	30.883226	-1.3122852	11120000	nan	nan	nan	nan	nan	nan	nan	39.0	5495.795814752579
278	81.443825	18.682535	108.24394	50.237896	1000.0	6.069715	3.386737	31.047882	-1.3682816	11160000	nan	nan	nan	nan	nan	nan	nan	39.0	5516.0550673007965
279	82.39847	18.774952	108.455505	50.18538	1000.0	6.0754795	3.3970695	31.366007	-1.4771962	11200000	nan	nan	nan	nan	nan	nan	nan	22.5	5535.847739696503
280	87.27931	19.90543	110.9699	54.43496	1000.0	6.03626	3.545157	31.454638	-1.80923	11240000	nan	nan	nan	nan	nan	nan	nan	22.5	5555.364363908768
281	87.20957	17.660913	106.42276	55.433674	1000.0	6.927897	3.471725	31.425863	-0.78539896	11280000	nan	nan	nan	nan	nan	nan	nan	39.0	5575.34348154068
282	86.766014	17.756483	104.6261	54.928085	1000.0	6.7633953	3.2674637	31.149014	-0.33569118	11320000	nan	nan	nan	nan	nan	nan	nan	23.0	5595.0725128650665
283	85.64359	16.747265	104.663445	55.98294	1000.0	6.5534196	3.3037663	31.08181	-0.7289008	11360000	nan	nan	nan	nan	nan	nan	nan	23.0	5615.222157716751
284	84.665726	16.663546	102.54119	53.622932	1000.0	7.020072	2.8668005	30.982903	1.355145	11400000	nan	nan	nan	nan	nan	nan	nan	21.0	5634.586091518402
285	83.92807	16.440916	104.64671	52.41965	1000.0	6.9072485	2.9309247	30.90586	1.4243776	11440000	nan	nan	nan	nan	nan	nan	nan	23.0	5654.497092962265
286	87.56021	19.265326	106.915016	54.142887	1000.0	6.2598414	3.0831697	31.118645	0.40543365	11480000	nan	nan	nan	nan	nan	nan	nan	21.0	5673.851669788361
287	90.642494	19.825861	111.12494	54.86978	1000.0	6.827955	3.1664214	31.163418	0.19789341	11520000	nan	nan	nan	nan	nan	nan	nan	21.5	5693.067071914673
288	86.25762	18.176683	109.16434	54.955112	1000.0	7.100032	3.2716434	31.15905	0.32790425	11560000	nan	nan	nan	nan	nan	nan	nan	39.0	5712.773636102676
289	87.17751	17.023	107.08046	55.28788	1000.0	6.8750734	3.2545025	30.502071	0.3254659	11600000	nan	nan	nan	nan	nan	nan	nan	34.5	5732.4198977947235
290	89.20351	18.85104	114.43457	58.69283	1000.0	6.897461	3.2631338	30.60198	0.3083917	11640000	nan	nan	nan	nan	nan	nan	nan	39.0	5752.019868850708
291	90.38634	17.781963	114.07803	58.513386	1000.0	7.201368	3.367569	31.057253	0.43500596	11680000	nan	nan	nan	nan	nan	nan	nan	39.0	5771.6580221652985
292	88.84914	16.676443	111.65084	58.7758	1000.0	7.1254444	3.3052175	31.246082	0.47826	11720000	nan	nan	nan	nan	nan	nan	nan	39.0	5791.643499135971
293	89.63229	17.052347	110.47945	59.284554	1000.0	6.9504733	3.2706754	31.157343	0.16281104	11760000	nan	nan	nan	nan	nan	nan	nan	39.0	5811.188568115234
294	90.5023	15.3596115	110.380615	62.694168	1000.0	7.017692	3.307763	31.1318	0.17270292	11800000	nan	nan	nan	nan	nan	nan	nan	24.5	5830.587144851685
295	84.39766	20.654102	107.036026	47.41846	1000.0	6.860365	3.2293985	30.866333	0.7596439	11840000	nan	nan	nan	nan	nan	nan	nan	39.0	5850.263304710388
296	83.61223	21.454082	108.18919	45.670288	1000.0	6.391848	3.6448328	30.819141	-0.72504413	11880000	nan	nan	nan	nan	nan	nan	nan	39.0	5869.968989849091
297	85.58382	20.8379	109.78606	47.100002	1000.0	6.5952797	3.5543187	30.493248	-0.6318432	11920000	nan	nan	nan	nan	nan	nan	nan	39.0	5889.645900249481
298	85.88094	20.849169	108.73301	47.840736	1000.0	6.8102946	3.3489969	31.092201	0.09395912	11960000	nan	nan	nan	nan	nan	nan	nan	39.0	5909.266949892044
299	84.85166	21.938095	109.85791	44.860035	1000.0	6.7276797	3.4308646	29.812355	0.14869708	12000000	nan	nan	nan	nan	nan	nan	nan	24.0	5928.972851753235
300	86.529526	23.370283	114.52014	45.424015	1000.0	6.5840797	3.6098886	31.138437	-0.0073805153	12040000	nan	nan	nan	nan	nan	nan	nan	39.0	5948.741377592087
301	86.744156	23.08484	115.51499	46.748158	1000.0	6.7755446	3.6123395	31.047192	-0.115813196	12080000	nan	nan	nan	nan	nan	nan	nan	39.0	5968.468724489212
302	87.61	22.826183	115.86762	48.615482	1000.0	6.7364798	3.6559272	30.996191	-0.2174057	12120000	nan	nan	nan	nan	nan	nan	nan	39.0	5988.209542512894
303	86.77957	22.129543	113.92341	45.53423	1000.0	6.852657	3.6172526	31.123392	-0.059550673	12160000	nan	nan	nan	nan	nan	nan	nan	39.0	6007.937190532684
304	86.59145	21.50687	111.39886	47.60298	1000.0	6.7642064	3.6023278	31.041512	0.008765668	12200000	nan	nan	nan	nan	nan	nan	nan	30.5	6027.511952161789
305	84.17	22.187746	110.80086	48.511333	1000.0	6.6504607	3.612074	31.019545	-0.13119733	12240000	nan	nan	nan	nan	nan	nan	nan	22.5	6046.838340520859
306	82.72449	22.681723	108.89411	47.81048	1000.0	6.5213037	3.6875644	30.62328	-0.29698268	12280000	nan	nan	nan	nan	nan	nan	nan	20.5	6066.539290189743
307	78.8773	25.943623	109.377495	42.768784	1000.0	6.70395	3.6355472	30.422098	-0.5472927	12320000	nan	nan	nan	nan	nan	nan	nan	22.0	6085.948253631592
308	83.93763	22.01988	110.92573	48.399353	1000.0	6.307289	3.7182853	28.228386	-0.2740341	12360000	nan	nan	nan	nan	nan	nan	nan	21.0	6105.178836107254
309	86.05499	21.470522	111.3727	49.458355	1000.0	6.162886	3.6815565	28.220018	-0.57569706	12400000	nan	nan	nan	nan	nan	nan	nan	20.5	6124.560847759247
310	82.7189	22.330753	110.00021	48.26123	1000.0	6.348392	3.9132879	29.843401	-0.5229988	12440000	nan	nan	nan	nan	nan	nan	nan	21.5	6143.975670099258
311	86.844795	20.509285	110.300026	51.386703	1000.0	6.4424677	3.6532376	29.922903	-0.27647576	12480000	nan	nan	nan	nan	nan	nan	nan	21.0	6163.246469736099
312	83.35509	21.26083	109.703865	52.02662	1000.0	6.598961	3.5393667	29.097292	-0.32300603	12520000	nan	nan	nan	nan	nan	nan	nan	21.0	6182.771901607513
313	75.721924	29.222122	110.65062	28.305256	1000.0	6.230537	3.676096	29.151522	-0.46400768	12560000	nan	nan	nan	nan	nan	nan	nan	27.0	6202.469369649887
314	76.48003	30.344206	111.37599	27.796442	1000.0	6.006874	3.8217201	29.311686	0.041090906	12600000	nan	nan	nan	nan	nan	nan	nan	21.0	6221.740720510483
315	76.422905	28.906137	111.597145	36.082573	1000.0	5.7682114	4.1016827	29.249899	0.21762033	12640000	nan	nan	nan	nan	nan	nan	nan	25.0	6241.104314565659
316	76.989685	28.834957	110.844826	33.799583	1000.0	5.8172717	4.299667	29.860313	-0.32726508	12680000	nan	nan	nan	nan	nan	nan	nan	22.5	6260.480294942856
317	78.57025	29.343725	110.05538	31.691744	1000.0	5.319253	4.412952	28.46209	-0.4808542	12720000	nan	nan	nan	nan	nan	nan	nan	22.5	6279.931207180023
318	74.82739	32.484634	111.397194	33.2148	1000.0	6.0552654	4.3245983	29.128056	-0.19266076	12760000	nan	nan	nan	nan	nan	nan	nan	21.5	6299.145166873932
319	73.93478	33.213097	110.56057	34.594406	1000.0	5.565632	4.5124884	29.439829	-0.46340546	12800000	nan	nan	nan	nan	nan	nan	nan	22.0	6318.839626789093
320	76.5486	31.920515	110.60004	32.158596	1000.0	5.1121616	4.9511557	28.580145	-2.7917266	12840000	nan	nan	nan	nan	nan	nan	nan	21.0	6338.246326208115
321	81.21768	30.663881	110.80452	29.904076	1000.0	6.0471473	4.691983	29.436398	-1.0962874	12880000	nan	nan	nan	nan	nan	nan	nan	39.0	6357.728189468384
322	80.28725	31.439508	110.75612	28.114689	1000.0	5.799003	4.711804	29.20627	-0.9138868	12920000	nan	nan	nan	nan	nan	nan	nan	25.5	6377.193013191223
323	81.17275	33.01762	112.00678	24.75285	1000.0	6.826417	5.153591	29.171227	-0.6228726	12960000	nan	nan	nan	nan	nan	nan	nan	39.0	6396.915632247925
324	79.49635	34.08617	113.21555	22.21617	1000.0	6.124546	5.2427306	29.035212	-2.921098	13000000	nan	nan	nan	nan	nan	nan	nan	39.0	6416.51381778717
325	80.89584	33.560043	113.037476	22.35973	1000.0	6.115021	5.253872	29.546045	-3.123681	13040000	nan	nan	nan	nan	nan	nan	nan	39.0	6436.218461751938
326	81.553024	33.399998	113.32627	22.30935	1000.0	6.0831184	5.292736	29.211836	-2.9984803	13080000	nan	nan	nan	nan	nan	nan	nan	39.0	6456.254084825516
327	79.97965	33.21857	113.53417	23.839962	1000.0	6.0730634	5.2710967	28.98316	-3.1137054	13120000	nan	nan	nan	nan	nan	nan	nan	39.0	6475.93009352684
328	80.24755	34.14066	114.014755	23.684116	1000.0	5.864189	5.20569	29.57898	-3.3166707	13160000	nan	nan	nan	nan	nan	nan	nan	38.0	6495.461181879044
329	80.51555	34.539288	113.49977	21.341728	1000.0	6.2354736	5.3575273	29.108843	-3.1412594	13200000	nan	nan	nan	nan	nan	nan	nan	39.0	6515.120113372803
330	81.35096	35.070618	113.89935	21.412638	1000.0	6.0369053	5.469996	29.491133	-3.3153827	13240000	nan	nan	nan	nan	nan	nan	nan	39.0	6534.86030459404
331	79.76162	34.925323	112.048935	21.866468	1000.0	5.956583	5.383061	29.680935	-3.4523618	13280000	nan	nan	nan	nan	nan	nan	nan	39.0	6554.603271961212
332	78.44481	32.907253	111.53124	23.754715	1000.0	5.791198	5.2845325	29.57111	-3.259551	13320000	nan	nan	nan	nan	nan	nan	nan	22.0	6573.97056055069
333	76.178085	30.193398	110.82937	24.229725	1000.0	5.615572	4.906066	29.060625	-2.6890118	13360000	nan	nan	nan	nan	nan	nan	nan	22.0	6593.709740638733
334	81.86183	29.612328	110.70087	31.718224	1000.0	5.5868673	4.7502136	29.614527	-1.8140011	13400000	nan	nan	nan	nan	nan	nan	nan	21.0	6613.066764831543
335	70.73848	27.734016	110.82372	24.22325	1000.0	6.0392485	4.9755964	29.437609	-1.4804732	13440000	nan	nan	nan	nan	nan	nan	nan	20.5	6632.3073880672455
336	61.960846	31.759447	112.2653	28.405174	1000.0	5.2273555	4.6408787	30.026957	-1.5373135	13480000	nan	nan	nan	nan	nan	nan	nan	21.0	6651.750918865204
337	74.72002	29.261534	112.1988	24.370478	1000.0	4.140239	4.792749	29.66709	-1.431564	13520000	nan	nan	nan	nan	nan	nan	nan	20.5	6671.173527240753
338	58.317497	34.539253	111.5422	19.57355	1000.0	5.360119	4.821842	29.500164	-1.1953201	13560000	nan	nan	nan	nan	nan	nan	nan	20.5	6690.4484622478485
339	46.984184	48.668823	114.022835	-45.863113	1000.0	5.2343926	5.4569035	29.514244	-1.2755708	13600000	nan	nan	nan	nan	nan	nan	nan	20.5	6710.021976709366
340	45.90142	51.15735	115.185585	-31.381088	1000.0	3.601932	5.3698826	30.040504	-13.45153	13640000	nan	nan	nan	nan	nan	nan	nan	20.5	6729.678658723831
341	43.562363	53.342724	115.08144	-36.028038	1000.0	3.3600996	5.1490264	30.149738	-5.739305	13680000	nan	nan	nan	nan	nan	nan	nan	20.5	6749.0960104465485
342	51.31621	45.31419	114.82387	-17.730497	1000.0	2.9003308	5.5472336	30.18507	-6.6463304	13720000	nan	nan	nan	nan	nan	nan	nan	20.5	6768.498675823212
343	51.56534	42.219803	113.53847	-6.3933973	1000.0	2.3443987	6.566072	30.248919	-10.760645	13760000	nan	nan	nan	nan	nan	nan	nan	20.5	6787.828903675079
344	51.36564	44.209724	114.60154	-10.01384	1000.0	3.3848555	5.154481	30.520317	-10.154072	13800000	nan	nan	nan	nan	nan	nan	nan	21.0	6807.088448762894
345	53.157635	42.30877	114.98552	-4.7693076	1000.0	3.3054278	5.2081904	30.849018	-11.16978	13840000	nan	nan	nan	nan	nan	nan	nan	20.5	6826.477052688599
346	48.172054	48.705585	113.58211	-24.58485	1000.0	3.4502876	5.1907873	31.397795	-11.7915	13880000	nan	nan	nan	nan	nan	nan	nan	20.5	6846.077271223068
347	45.213768	52.08649	112.37099	-34.88231	1000.0	3.255469	5.175432	30.384869	-13.153492	13920000	nan	nan	nan	nan	nan	nan	nan	20.5	6865.363926649094
348	48.47721	48.781746	113.38971	-27.7092	1000.0	2.5569744	5.903421	30.399513	-13.862904	13960000	nan	nan	nan	nan	nan	nan	nan	21.0	6884.796622514725
349	41.069817	56.376827	113.65464	-49.55163	1000.0	2.9756165	5.7695427	30.770676	-14.121779	14000000	nan	nan	nan	nan	nan	nan	nan	20.5	6904.154625415802
350	51.636604	41.541634	114.73624	-5.496653	1000.0	2.1602058	6.3752604	31.05881	-14.963201	14040000	nan	nan	nan	nan	nan	nan	nan	20.5	6923.936180114746
351	48.538338	45.766834	112.84541	-38.836773	1000.0	3.0853043	5.624782	31.553347	-14.155446	14080000	nan	nan	nan	nan	nan	nan	nan	20.5	6943.331704616547
352	49.364986	44.163586	112.97293	-28.758516	1000.0	3.2153533	5.913399	31.377296	-14.341801	14120000	nan	nan	nan	nan	nan	nan	nan	21.5	6963.325073957443
353	49.365562	42.145756	110.47003	-10.787273	1000.0	3.5029063	5.479334	30.89114	-12.33203	14160000	nan	nan	nan	nan	nan	nan	nan	21.0	6983.469550609589
354	56.145782	33.907494	111.839096	16.041578	1000.0	3.6739938	4.653088	30.770147	-7.1363635	14200000	nan	nan	nan	nan	nan	nan	nan	20.5	7003.2299818992615
