Epoch	AverageEpRet	StdEpRet	MaxEpRet	MinEpRet	EpLen	AverageVVals	StdVVals	MaxVVals	MinVVals	TotalEnvInteracts	LossPi	LossV	DeltaLossPi	DeltaLossV	Entropy	KL	ClipFrac	StopIter	Time
0	-646.5391	30.219698	-602.75574	-699.7637	1000.0	0.04056977	0.0977247	0.47530445	-0.3742211	40000	-0.02109398	3253.7554	-0.024597727	-507.4766	0.91871995	0.015137307	0.26386252	9.0	157.03595185279846
1	-632.205	30.346281	-587.7317	-690.0162	1000.0	-9.683797	0.35899925	-2.8337703	-10.175251	80000	-0.019587599	2307.6106	-0.02535769	-258.29807	0.91822696	0.015223669	0.26743752	11.0	290.29928636550903
2	-615.55554	28.676088	-581.0029	-672.9657	1000.0	-15.513872	0.38755882	-6.081879	-15.935857	120000	-0.022491582	1708.1265	-0.02277028	-188.33498	0.9175223	0.015577201	0.29153752	13.0	436.3585162162781
3	-599.78577	29.661089	-565.7532	-664.7898	1000.0	-20.461771	0.40897545	-9.738434	-20.837763	160000	-0.02335146	1259.3364	-0.025455318	-143.9737	0.9166614	0.015246442	0.2971625	13.5	576.7527928352356
4	-583.72107	30.411821	-553.55164	-644.6382	1000.0	-24.873909	0.43491468	-13.089378	-25.204006	200000	-0.024462089	904.4779	-0.033557914	-108.77089	0.9158561	0.015404829	0.33033752	15.5	725.3928995132446
5	-572.9252	35.180923	-540.41125	-637.9897	1000.0	-28.815363	0.48296154	-16.173222	-29.18606	240000	-0.026092067	655.26526	-0.026095795	-83.01021	0.91519916	0.01653515	0.30715	15.5	876.1172816753387
6	-558.08673	33.996304	-530.46027	-621.3972	1000.0	-32.353973	0.57205474	-19.174982	-33.016567	280000	-0.010674119	446.24503	-0.0120569	-59.90539	0.9148846	0.01656346	0.2779125	4.5	1015.0274505615234
7	-535.66876	31.721827	-502.7229	-592.9011	1000.0	-35.45819	0.69721	-21.992794	-36.42554	320000	-0.010049835	265.39423	-0.010196179	-38.109608	0.91480076	0.015911687	0.28227502	3.5	1169.5570108890533
8	-515.1876	30.623852	-484.9245	-571.1581	1000.0	-38.023254	0.8390181	-24.424183	-39.286194	360000	-0.009394914	148.08688	-0.008674165	-22.441004	0.91472703	0.01759835	0.27771252	2.5	1323.105148077011
9	-495.0456	25.192745	-468.08185	-542.6668	1000.0	-40.05639	0.9967701	-26.482904	-41.63062	400000	-0.008148208	73.10479	-0.008300857	-11.706905	0.9146761	0.01586226	0.25530002	2.0	1483.0043380260468
10	-475.7544	26.032131	-452.98575	-534.54767	1000.0	-41.58172	1.1094009	-28.3909	-43.38831	440000	-0.005883813	31.260801	-0.0067666583	-5.2113037	0.9146125	0.020007651	0.326725	2.0	1632.5972363948822
11	-456.22763	23.034386	-431.10922	-500.74277	1000.0	-42.622036	1.2534397	-30.07426	-44.716705	480000	-0.0050624683	9.113165	-0.0066352235	-1.4337134	0.9145502	0.020721905	0.3457625	2.0	1775.4425687789917
12	-438.32745	19.499142	-414.14243	-481.23138	1000.0	-43.180004	1.3758591	-31.16551	-45.510845	520000	-0.0054813772	2.0792763	-0.0053621475	-0.15583879	0.91448665	0.020187438	0.327725	2.0	1919.4707906246185
13	-422.91904	16.279749	-403.43375	-457.8195	1000.0	-43.32471	1.4546365	-32.20128	-45.806725	560000	-0.0047313534	2.3825643	-0.005173184	-0.1906105	0.91439515	0.019769192	0.3176875	2.0	2063.9570949077606
14	-410.86426	12.397658	-388.8251	-439.64798	1000.0	-43.14026	1.481181	-32.71058	-45.667473	600000	-0.004973393	4.7145734	-0.0050302222	-0.719	0.9142818	0.018893164	0.3046	2.0	2228.2588810920715
15	-400.09808	10.097868	-384.37317	-421.16342	1000.0	-42.728466	1.4419671	-32.881256	-45.171173	640000	-0.0044902004	6.9310923	-0.0052082664	-1.2674382	0.9141431	0.022909762	0.32033753	2.0	2390.35773229599
16	-388.93484	12.026153	-369.1584	-413.80948	1000.0	-42.144295	1.388705	-32.481743	-44.48293	680000	-0.0054508	9.346077	-0.0050481027	-1.856031	0.91395974	0.01815602	0.280675	2.0	2542.4777998924255
17	-381.10425	9.5128565	-365.9737	-400.2649	1000.0	-41.4094	1.3601081	-32.028072	-43.67914	720000	-0.0039655007	9.738007	-0.0050734035	-2.046997	0.91375935	0.019077238	0.2918	2.0	2708.9886536598206
18	-372.5644	11.447638	-351.13348	-398.1475	1000.0	-40.616142	1.3020072	-31.580183	-42.76083	760000	-0.0044723973	9.675043	-0.004676841	-2.1894135	0.9135805	0.018535152	0.2838	2.0	2871.015367746353
19	-362.77765	12.043261	-340.37967	-384.92166	1000.0	-39.7706	1.2855166	-30.94419	-41.866062	800000	-0.0038757622	10.3569145	-0.003943412	-2.4482884	0.91341734	0.018889397	0.2861625	2.0	3016.01997923851
20	-353.2779	10.687319	-334.7287	-374.9129	1000.0	-38.85464	1.2870494	-30.213634	-40.919563	840000	-0.0047273636	10.542189	-0.0046903025	-2.6061769	0.9132683	0.017034277	0.2726875	2.0	3164.139885902405
21	-346.8555	12.601583	-325.6279	-369.63782	1000.0	-37.88889	1.2530596	-29.803696	-39.88527	880000	-0.0030924343	8.818451	-0.0041698543	-2.2323594	0.9131293	0.018971255	0.29755	2.0	3305.393867254257
22	-339.71747	12.875253	-319.4067	-365.7647	1000.0	-36.972206	1.2487237	-29.33314	-38.916206	920000	-0.0019475557	7.873556	-0.003681887	-2.00452	0.9129958	0.019556131	0.27986252	2.0	3468.850090265274
23	-332.43268	13.271833	-308.66003	-353.47342	1000.0	-36.078075	1.2661318	-28.751875	-38.019123	960000	-0.0041091964	7.036094	-0.0041753147	-1.8743879	0.9128613	0.018166775	0.28645	2.0	3615.742957353592
24	-324.53165	14.396898	-298.10837	-347.22372	1000.0	-35.200657	1.2877054	-28.245916	-37.141	1000000	-0.004808059	6.904676	-0.0067010457	-1.9078729	0.9127059	0.01649519	0.3013375	2.5	3766.578225374222
25	-315.1301	14.7730055	-288.14355	-339.60715	1000.0	-34.306286	1.3173107	-27.501509	-36.26839	1040000	-0.004930893	7.093959	-0.0049305074	-1.987938	0.9124818	0.016183145	0.268925	2.5	3911.7559101581573
26	-309.2393	14.895353	-276.06387	-332.90622	1000.0	-33.368275	1.370079	-26.565372	-35.353016	1080000	-0.005667433	5.3506117	-0.0044852984	-1.5396491	0.9122674	0.01656546	0.26581252	2.0	4059.932517051697
27	-305.7737	16.984856	-273.78354	-327.31808	1000.0	-32.521336	1.402734	-25.71412	-34.493942	1120000	-0.003248619	3.9394155	-0.003963602	-1.040024	0.91203237	0.020590108	0.2807125	2.0	4204.332271814346
28	-298.7917	16.26543	-259.78268	-327.83377	1000.0	-31.82205	1.4840455	-24.987083	-33.770523	1160000	-0.0038101487	3.8704467	-0.0036903168	-1.038051	0.9118047	0.019068133	0.2790625	2.0	4355.4844760894775
29	-291.92578	17.716831	-257.93924	-318.5564	1000.0	-31.102875	1.5084702	-24.321611	-33.000137	1200000	-0.0017132424	3.6551762	-0.0032672398	-1.0651654	0.9116084	0.018365752	0.2900625	2.0	4498.122955083847
30	-284.96716	17.923262	-250.72021	-313.93048	1000.0	-30.36135	1.6086599	-23.576323	-32.29945	1240000	-0.0037341714	3.5673416	-0.0037663076	-1.0367725	0.9114155	0.019068228	0.28861248	2.0	4639.9339146614075
31	-280.3548	18.278126	-243.54468	-303.4555	1000.0	-29.607887	1.6710398	-22.916155	-31.551153	1280000	-0.0055335984	2.7316816	-0.0042362274	-0.74495846	0.9112332	0.015485588	0.23210001	1.5	4782.104726314545
32	-275.1109	17.086514	-238.81764	-296.01562	1000.0	-28.966875	1.7164005	-22.34862	-30.780447	1320000	-0.0021342933	2.4106636	-0.0023044199	-0.6250731	0.9110717	0.021375712	0.2996125	1.5	4929.095903396606
33	-268.51343	18.73089	-235.09593	-298.61386	1000.0	-28.352869	1.709001	-21.937931	-30.089533	1360000	-0.0019738376	2.5147657	-0.002405081	-0.72513324	0.9109167	0.021244304	0.28736252	1.5	5078.374305009842
34	-261.81375	17.724655	-224.93652	-283.64746	1000.0	-27.696068	1.7663709	-21.38104	-29.36078	1400000	-0.0013313796	2.3753347	-0.0022520632	-0.6973302	0.9107758	0.019787947	0.314525	1.5	5226.331038236618
35	-256.4615	18.091553	-225.40178	-283.16302	1000.0	-27.012356	1.7744414	-20.90763	-28.784216	1440000	-0.0032402053	2.1540246	-0.0022003194	-0.61929345	0.9106531	0.019862004	0.2987125	1.5	5378.065243244171
36	-250.20816	17.43656	-221.35687	-273.3713	1000.0	-26.366112	1.7730682	-20.4498	-28.069975	1480000	-0.0011572242	2.0379949	-0.0017335545	-0.6206133	0.91053253	0.016913697	0.2926375	1.5	5524.912542819977
37	-247.01578	16.974455	-219.013	-269.44226	1000.0	-25.719183	1.7518657	-20.048874	-27.387531	1520000	-0.002649814	1.4960543	-0.0018157964	-0.37014872	0.9104036	0.020284472	0.30882502	1.5	5670.119674921036
38	-241.69409	14.926572	-216.86995	-265.69547	1000.0	-25.196596	1.7364582	-19.723528	-26.970488	1560000	-0.002092149	1.464249	-0.0022452613	-0.3751087	0.9102742	0.018150238	0.281825	1.5	5804.950344800949
39	-238.28842	15.941782	-213.93094	-264.47086	1000.0	-24.670801	1.6204146	-19.52892	-26.33525	1600000	-1.6141683e-05	1.1424592	-0.0017126636	-0.25835514	0.910152	0.01784619	0.2800125	1.5	5948.3947241306305
40	-232.67378	15.380746	-210.25336	-255.64195	1000.0	-24.212666	1.5931032	-19.260315	-25.888172	1640000	-0.0011190064	1.3384562	-0.0015042698	-0.318842	0.91003966	0.016333133	0.2720375	1.5	6102.82004570961
41	-228.53374	14.2344675	-205.2438	-248.7628	1000.0	-23.696915	1.5454671	-18.944576	-25.335928	1680000	-0.0028687827	1.0741464	-0.0020350146	-0.26678646	0.90993166	0.016990483	0.261325	1.5	6241.770276069641
42	-226.65926	13.149469	-205.15697	-246.78891	1000.0	-23.220222	1.4665952	-18.765774	-24.781822	1720000	-0.0005190596	0.8052244	-0.00496795	-0.12820446	0.9098313	0.015550232	0.2838	2.0	6392.870765924454
43	-223.49289	13.489344	-200.63068	-244.98927	1000.0	-22.898537	1.3748161	-18.611362	-24.404951	1760000	-0.026429655	0.812039	-0.029245872	-0.11777223	0.909091	0.014374361	0.26827502	20.5	6553.849163770676
44	-220.68405	13.3229065	-199.48074	-242.71512	1000.0	-22.56756	1.3450816	-18.412634	-24.06225	1800000	-0.024820583	0.71760654	-0.024935778	-0.103567675	0.9076364	0.014393869	0.246875	19.5	6701.999514579773
45	-217.37495	12.25816	-196.2629	-235.57024	1000.0	-22.255388	1.329907	-18.277077	-23.762856	1840000	-0.0033471342	0.74895144	-0.0032153635	-0.11071222	0.90681505	0.017497357	0.24222499	2.0	6861.580677509308
46	-216.13545	12.025977	-199.85909	-236.59831	1000.0	-21.939384	1.2357914	-18.163776	-23.24064	1880000	-0.0037268922	0.5557202	-0.009960673	-0.046380367	0.90668726	0.0156614	0.2535125	3.0	7014.847016334534
47	-213.95296	11.588088	-194.38907	-231.2316	1000.0	-21.72648	1.1960272	-18.123362	-22.983223	1920000	-0.025304534	0.6303612	-0.024476904	-0.049158826	0.90579736	0.015069317	0.23525	19.5	7165.0645089149475
48	-212.1984	11.612127	-193.67442	-232.71701	1000.0	-21.504793	1.168931	-17.929476	-22.707273	1960000	-0.026168864	0.60189617	-0.028781123	-0.036597602	0.9043915	0.01463352	0.2703125	20.5	7310.634037494659
49	-208.99712	10.898508	-191.69052	-225.34128	1000.0	-21.30527	1.135585	-17.838444	-22.479198	2000000	-0.0023962958	0.5760342	-0.0021687574	-0.07316238	0.9036748	0.01572233	0.231825	2.0	7470.92445898056
50	-208.33418	11.200335	-190.07857	-223.33432	1000.0	-21.022276	1.085649	-17.757925	-22.107994	2040000	-0.025326684	0.48451486	-0.031562556	-0.020642467	0.9031323	0.014563151	0.3164125	21.5	7609.4918093681335
51	-205.80269	11.647916	-187.09393	-223.6849	1000.0	-20.86546	1.0943048	-17.637154	-21.957628	2080000	-0.02627197	0.5257188	-0.027963983	-0.03723836	0.9017613	0.014326125	0.264975	20.0	7767.217113494873
52	-202.91069	10.6706	-184.94904	-216.92189	1000.0	-20.651575	1.1245109	-17.503956	-21.773127	2120000	-0.027068995	0.5705801	-0.029556839	-0.06506883	0.9003046	0.014975155	0.28390002	20.5	7908.136276483536
53	-201.18037	10.664844	-186.07616	-216.66518	1000.0	-20.37115	1.0602626	-17.354826	-21.419977	2160000	-0.0017104317	0.45525056	-0.0022679123	-0.032158054	0.8994783	0.015728561	0.24601251	2.0	8044.946807146072
54	-200.23196	9.584528	-184.18304	-214.528	1000.0	-20.168978	1.0471388	-17.244131	-21.249514	2200000	-0.0012766747	0.44405875	-0.0026394553	-0.017006863	0.8993226	0.016910614	0.23865	2.0	8194.738704681396
55	-200.35582	9.444529	-185.55011	-215.65996	1000.0	-20.048306	0.9578474	-17.275492	-21.011219	2240000	-0.002581234	0.43759215	-0.002525487	-0.001586698	0.8991798	0.016333062	0.244075	2.0	8359.790809631348
56	-197.68748	10.040748	-179.46269	-213.04106	1000.0	-20.030266	0.9224565	-17.339216	-20.962088	2280000	-0.025475632	0.48633683	-0.025057545	-0.032517616	0.8985358	0.014866349	0.2499375	19.5	8528.393392562866
57	-197.21013	10.039055	-180.8674	-213.33464	1000.0	-19.813957	0.94288343	-17.189442	-20.776978	2320000	-0.02688364	0.40570843	-0.025513854	-0.009257942	0.89718974	0.015119961	0.2587875	19.5	8673.02853178978
58	-194.84677	10.319717	-178.54373	-208.73848	1000.0	-19.710028	0.9654924	-17.140942	-20.711658	2360000	-0.025733091	0.42664093	-0.026027076	-0.022227295	0.89555943	0.015325574	0.261725	19.5	8835.03936290741
59	-192.42824	9.754198	-175.80447	-206.7803	1000.0	-19.533075	1.0021602	-16.934778	-20.549055	2400000	-0.024979867	0.446213	-0.02947131	-0.044654027	0.8943179	0.016051691	0.30167502	20.5	8991.77449131012
60	-192.00569	10.313521	-177.09888	-205.0944	1000.0	-19.277746	0.9345033	-16.803097	-20.275862	2440000	-0.025935913	0.40949473	-0.028726216	-0.008931614	0.89338106	0.015427874	0.290125	19.0	9147.413134336472
61	-189.0763	8.979284	-174.84317	-203.0444	1000.0	-19.184896	0.977658	-16.767275	-20.182116	2480000	-0.024263319	0.42315996	-0.024404455	-0.048701707	0.89235425	0.016095664	0.2398625	17.0	9295.132593393326
62	-188.11678	9.438687	-173.84581	-203.62378	1000.0	-18.943785	0.872556	-16.550755	-19.884666	2520000	-0.026394125	0.34994435	-0.026009165	-0.011907376	0.8914236	0.01487806	0.2644875	19.5	9451.34294629097
63	-186.24597	9.495629	-173.47752	-200.42136	1000.0	-18.801815	0.8977376	-16.452688	-19.815733	2560000	-0.024370652	0.39020908	-0.027600098	-0.020302419	0.8904815	0.015612302	0.268875	17.5	9619.561027526855
64	-185.44814	9.399742	-170.72266	-198.29774	1000.0	-18.62942	0.9224536	-16.311798	-19.589796	2600000	-0.02328819	0.3282522	-0.02913456	-0.009998895	0.8896499	0.017454354	0.3024375	16.0	9784.463781118393
65	-183.78146	8.676387	-169.54362	-196.09103	1000.0	-18.526371	0.92112964	-16.166817	-19.467165	2640000	-0.024267245	0.33001053	-0.024929231	-0.025324378	0.8887589	0.016360383	0.26015002	16.5	9925.109948158264
66	-182.19655	8.792239	-167.4369	-198.39442	1000.0	-18.379725	0.8453961	-16.109781	-19.3447	2680000	-0.024721824	0.37982517	-0.030175697	-0.02026404	0.8878019	0.016938139	0.3017875	16.5	10083.829741954803
67	-181.2209	8.399035	-167.51056	-193.99506	1000.0	-18.193447	0.827146	-16.097282	-19.142561	2720000	-0.023796184	0.36875707	-0.024045853	-0.008961968	0.88682806	0.015420871	0.2537625	15.5	10227.722158670425
68	-179.3209	8.056819	-167.49112	-192.04189	1000.0	-18.113047	0.81318885	-16.062881	-18.921465	2760000	-0.027431002	0.3294409	-0.026820412	-0.022188172	0.8857763	0.015741674	0.28086248	19.5	10385.233866214752
69	-178.22824	8.5116415	-164.83763	-192.47171	1000.0	-17.916086	0.8039878	-15.963551	-18.792948	2800000	-0.025108118	0.32189316	-0.028005071	-0.0063412506	0.8843845	0.015053894	0.2799625	18.0	10541.346445083618
70	-177.73282	7.458413	-166.73143	-189.85063	1000.0	-17.805716	0.80672646	-15.888537	-18.660866	2840000	-0.02370944	0.296084	-0.024808927	-0.006808482	0.8832433	0.015213726	0.26016253	16.0	10695.955013275146
71	-175.57907	7.946902	-164.80122	-187.60748	1000.0	-17.749191	0.72225666	-15.896316	-18.489893	2880000	-0.023280112	0.3185845	-0.025708972	-0.0230204	0.8823828	0.015623673	0.24599999	14.5	10862.803441286087
72	-174.81631	8.034742	-162.52733	-188.78178	1000.0	-17.533657	0.75575995	-15.680629	-18.359982	2920000	-0.025589906	0.27862003	-0.026187098	-0.0027059019	0.88130707	0.015301265	0.2818125	18.0	11008.79270195961
73	-173.74939	7.5192914	-161.59169	-184.28206	1000.0	-17.468765	0.7907513	-15.572143	-18.325317	2960000	-0.023843605	0.30130816	-0.027114823	-0.01011247	0.8802968	0.015492415	0.2616375	15.0	11154.848855257034
74	-172.41226	7.994869	-159.535	-186.2132	1000.0	-17.365557	0.72479963	-15.654916	-18.14195	3000000	-0.022094278	0.26934022	-0.023549024	-0.011665903	0.879275	0.015706044	0.25915	14.5	11303.851871013641
75	-170.74472	8.025367	-158.72517	-181.86458	1000.0	-17.230606	0.7664049	-15.437584	-18.02131	3040000	-0.024969583	0.26272005	-0.02467179	-0.015136698	0.8781003	0.016283385	0.254875	16.0	11450.310186862946
76	-169.90543	7.9303713	-158.1633	-181.45694	1000.0	-17.06477	0.7791695	-15.344918	-17.852959	3080000	-0.025210263	0.25264108	-0.026630817	-0.007506015	0.8771647	0.016004026	0.27494997	15.0	11614.037859678268
77	-168.64928	7.145804	-156.31598	-177.8654	1000.0	-16.9622	0.7651196	-15.3703985	-17.774765	3120000	-0.026272332	0.25616518	-0.02675438	-0.010722643	0.8763662	0.015775554	0.2825875	19.5	11775.420881032944
78	-167.6399	7.815088	-156.32407	-179.19693	1000.0	-16.852427	0.68492013	-15.297096	-17.574142	3160000	-0.02504975	0.2535708	-0.025280504	-0.0070955437	0.87520564	0.0152353365	0.26279998	15.5	11928.724179267883
79	-167.12227	8.222019	-155.31282	-178.10698	1000.0	-16.76501	0.74782085	-15.130735	-17.528637	3200000	-0.024024053	0.24184358	-0.024986865	-0.0044421777	0.87380636	0.016558118	0.27075	15.5	12078.57527589798
80	-165.04436	7.8021846	-154.35297	-177.0798	1000.0	-16.717741	0.80998844	-15.043541	-17.58196	3240000	-0.026671885	0.26322463	-0.025367592	-0.024430586	0.8724537	0.015699644	0.27748752	16.0	12229.085277795792
81	-164.49031	7.7125607	-152.0013	-178.79385	1000.0	-16.511734	0.76615536	-14.972886	-17.35443	3280000	-0.023574734	0.2550057	-0.023689905	-0.0064535793	0.8713352	0.015133647	0.25567502	14.0	12381.05793428421
82	-163.12753	7.460404	-151.46399	-175.1002	1000.0	-16.414923	0.71557677	-14.915623	-17.150038	3320000	-0.023261385	0.24962883	-0.023613192	-0.0063990187	0.87050897	0.01640716	0.257675	14.0	12511.333309173584
83	-162.3887	7.64985	-151.54199	-175.47424	1000.0	-16.317116	0.712806	-14.854872	-17.039309	3360000	-0.026620774	0.2322697	-0.026560536	-0.004806461	0.8694856	0.015068254	0.29886252	17.0	12661.921446561813
84	-162.10165	7.2142096	-150.67015	-175.00235	1000.0	-16.224081	0.72511584	-14.717312	-16.976067	3400000	-0.021637581	0.2341255	-0.026470292	-0.001537662	0.8685162	0.015365653	0.263125	14.5	12801.767591238022
85	-161.1926	7.341692	-150.11424	-171.35977	1000.0	-16.182655	0.70322263	-14.726787	-16.91808	3440000	-0.025315238	0.20200856	-0.030131482	-0.0040074345	0.8677528	0.016473478	0.3085125	15.5	12943.037693738937
86	-159.79059	7.5895324	-149.14243	-171.26822	1000.0	-16.109863	0.7105782	-14.6647005	-16.855663	3480000	-0.025298106	0.20697907	-0.024783384	-0.0116306115	0.86662054	0.015988495	0.2789125	15.5	13093.662713050842
87	-158.40446	7.788938	-147.22173	-169.09146	1000.0	-15.977382	0.74130285	-14.565307	-16.743298	3520000	-0.023532767	0.1930645	-0.028541874	-0.011454865	0.8653095	0.01685376	0.3054875	14.0	13242.130627155304
88	-157.38313	6.98756	-147.23929	-169.64368	1000.0	-15.823164	0.7602326	-14.394355	-16.59043	3560000	-0.022534331	0.22551338	-0.022048347	-0.010552919	0.86432487	0.016447153	0.23723751	12.0	13383.534359455109
89	-157.20415	7.2642927	-147.39095	-166.67516	1000.0	-15.715647	0.6706846	-14.408271	-16.43031	3600000	-0.025006518	0.19081095	-0.023531973	-0.004803084	0.8635573	0.017478153	0.2565875	13.0	13538.02417421341
90	-155.75826	7.072484	-144.67322	-164.62825	1000.0	-15.709073	0.6997725	-14.432433	-16.421844	3640000	-0.022283433	0.20927131	-0.022832952	-0.013399543	0.86259043	0.015537309	0.24522501	12.5	13685.972628116608
91	-155.46758	6.42349	-145.5556	-165.95071	1000.0	-15.544925	0.677806	-14.308088	-16.226368	3680000	-0.023262873	0.19487312	-0.023583349	-0.0041726157	0.86166394	0.015807621	0.263775	13.5	13831.141369581223
92	-154.29195	7.1648855	-144.79257	-166.52612	1000.0	-15.523247	0.59659296	-14.39807	-16.175251	3720000	-0.022207998	0.1851392	-0.022370715	-0.014425807	0.860837	0.015233536	0.236525	12.0	13988.665348768234
93	-153.61075	7.5490923	-143.68373	-163.8784	1000.0	-15.430178	0.70335567	-14.205375	-16.211897	3760000	-0.024651214	0.18367755	-0.029680729	-0.007948533	0.86001194	0.016843786	0.3044875	14.5	14143.851579666138
94	-152.91934	6.7885833	-143.52522	-163.66055	1000.0	-15.347136	0.7162457	-14.10881	-16.090797	3800000	-0.023233818	0.17723712	-0.028346058	-0.0069027897	0.85907	0.01564559	0.29235	13.5	14292.551008224487
95	-152.0693	6.9743457	-141.04538	-163.29877	1000.0	-15.273055	0.6762798	-14.097895	-16.035652	3840000	-0.02092208	0.18485829	-0.024897348	-0.004301654	0.8582232	0.015130677	0.25455	12.5	14437.251687049866
96	-151.65564	7.1931415	-141.0601	-162.31639	1000.0	-15.185653	0.6708668	-14.040464	-15.914217	3880000	-0.02216208	0.19253093	-0.022558264	-0.0022838004	0.8573607	0.015911058	0.23908749	12.0	14582.828932762146
97	-150.5816	6.1386294	-142.0274	-159.0426	1000.0	-15.149558	0.6864504	-13.917167	-15.861671	3920000	-0.023323424	0.1663892	-0.022036757	-0.013086219	0.8565539	0.015887413	0.23642501	11.5	14732.06001663208
98	-150.07193	6.571442	-139.72427	-159.6247	1000.0	-15.04485	0.6148633	-13.958498	-15.672467	3960000	-0.021967517	0.16414124	-0.023052108	-0.0018898062	0.85602623	0.01579115	0.2536875	12.5	14881.157840967178
99	-148.8014	6.626295	-139.36176	-157.94086	1000.0	-14.988727	0.6212616	-13.881158	-15.626779	4000000	-0.022143736	0.17414613	-0.025148839	-0.010322196	0.8554654	0.015650546	0.24498752	12.0	15033.532841205597
100	-148.26859	7.0620174	-138.91425	-158.47797	1000.0	-14.862231	0.64942795	-13.792064	-15.537171	4040000	-0.022994999	0.1626252	-0.02367621	-0.002327133	0.85462093	0.015079891	0.25405002	13.5	15174.509541034698
101	-147.67513	6.860224	-137.02219	-156.5359	1000.0	-14.807519	0.6913274	-13.689816	-15.522323	4080000	-0.024697155	0.1607458	-0.028843107	-0.00314961	0.8540385	0.016440587	0.2975375	14.0	15311.290361642838
102	-146.42226	6.7073054	-135.90848	-155.66808	1000.0	-14.748059	0.67464626	-13.674633	-15.437744	4120000	-0.021162529	0.15096723	-0.027785495	-0.006207281	0.85338134	0.016350202	0.26786253	12.5	15462.712717533112
103	-146.65111	6.555932	-137.44986	-156.57193	1000.0	-14.643422	0.647131	-13.57862	-15.304126	4160000	-0.0032446054	0.14961421	-0.0029112757	-0.00027418323	0.8528348	0.017400434	0.22155	2.0	15613.470005750656
104	-145.69632	6.5445633	-136.84598	-154.22649	1000.0	-14.646981	0.64183235	-13.6103	-15.326825	4200000	-0.023744766	0.17506534	-0.029560592	-0.0044275	0.85226345	0.015249252	0.3042	15.0	15766.817382335663
105	-144.64609	6.4284663	-133.08061	-153.80661	1000.0	-14.546354	0.632999	-13.551508	-15.226214	4240000	-0.020577569	0.16462713	-0.021473825	-0.007483164	0.851501	0.016851354	0.23234999	11.0	15910.302620649338
106	-143.80307	6.613612	-134.58084	-154.00163	1000.0	-14.453644	0.61230487	-13.408408	-15.068219	4280000	-0.021617409	0.14924027	-0.027862966	-0.003945753	0.8508738	0.015665203	0.27173752	13.0	16063.526041030884
107	-143.70125	6.3650727	-135.50381	-152.21855	1000.0	-14.366113	0.618534	-13.352759	-14.9879	4320000	-0.022195904	0.14132187	-0.02177781	-0.0012655985	0.8499749	0.015489047	0.235475	11.0	16224.755707025528
108	-142.74966	6.887836	-131.87466	-154.03313	1000.0	-14.341596	0.62536263	-13.365426	-15.008696	4360000	-0.02172102	0.14396787	-0.021085046	-0.0044673868	0.84886897	0.015779817	0.2267375	11.0	16386.360942602158
109	-142.10251	7.2475657	-130.91563	-153.93657	1000.0	-14.254964	0.66801465	-13.213922	-14.952831	4400000	-0.022276433	0.14995664	-0.02160709	-0.0028757052	0.84758115	0.015395325	0.229275	11.0	16527.488655805588
110	-141.88918	6.6055408	-133.5605	-151.52553	1000.0	-14.185691	0.69747347	-13.090705	-14.931885	4440000	-0.021351181	0.12396605	-0.025237892	-0.0019743089	0.846758	0.015596738	0.2651	12.0	16686.793533563614
111	-140.67961	7.1007996	-130.31592	-151.44858	1000.0	-14.169061	0.6481031	-13.154939	-14.8199625	4480000	-0.022385059	0.1585547	-0.028132472	-0.007522584	0.8460983	0.016402991	0.28927502	13.0	16847.14929127693
112	-139.97208	6.945977	-127.03215	-150.12624	1000.0	-14.057697	0.68591	-12.9554825	-14.758615	4520000	-0.01995287	0.14186892	-0.02062409	-0.0045209294	0.845207	0.0152705405	0.2375375	10.5	16994.406931877136
113	-139.89304	7.3174806	-127.53805	-149.48087	1000.0	-13.995372	0.6642864	-12.882193	-14.697654	4560000	-0.023507362	0.1279768	-0.028154267	-0.0026450157	0.8442353	0.016247014	0.2948375	13.0	17143.18439221382
114	-138.54984	6.996922	-125.64954	-148.58562	1000.0	-13.977211	0.72827554	-12.833957	-14.725216	4600000	-0.023091957	0.14520797	-0.022444446	-0.011284037	0.8430027	0.015707549	0.2492875	12.0	17298.45805644989
115	-137.46129	6.528084	-127.1504	-146.11263	1000.0	-13.843369	0.67790866	-12.714045	-14.539857	4640000	-0.024177568	0.13652307	-0.028574724	-0.008213112	0.8418792	0.01593022	0.29875	14.0	17454.838808774948
116	-136.86308	6.87865	-126.50472	-145.45569	1000.0	-13.732057	0.6542104	-12.640886	-14.417805	4680000	-0.021304654	0.124878295	-0.027402384	-0.0025123348	0.84100413	0.016782213	0.27856252	11.5	17606.881102085114
117	-136.44363	7.0730224	-125.140755	-145.87703	1000.0	-13.683151	0.66442865	-12.635845	-14.365168	4720000	-0.020858828	0.14718989	-0.020055752	-0.004354993	0.8402855	0.015220782	0.22479999	10.0	17762.74716901779
118	-135.8521	6.879044	-124.34486	-145.11784	1000.0	-13.6425	0.6990331	-12.4726925	-14.334372	4760000	-0.022474367	0.12689903	-0.025788307	-0.0034327982	0.83954704	0.015404009	0.25796252	12.0	17908.360397577286
119	-135.63	6.8181896	-125.86716	-144.32512	1000.0	-13.567312	0.6880838	-12.440405	-14.290878	4800000	-0.01966326	0.13188672	-0.024718791	-0.0013494315	0.8386531	0.01658692	0.2473625	11.5	18060.536665678024
120	-134.59335	6.6600885	-123.26979	-144.39879	1000.0	-13.534053	0.666726	-12.45391	-14.201331	4840000	-0.024462698	0.1350424	-0.02442034	-0.004147955	0.8377662	0.015753098	0.27925003	14.0	18205.251839637756
121	-134.11606	7.3115807	-122.15674	-143.55347	1000.0	-13.4465685	0.66456246	-12.365546	-14.140191	4880000	-0.020052046	0.114755526	-0.028215647	-0.0028751576	0.8370998	0.0152034415	0.27425	11.5	18349.664561510086
122	-132.88771	7.05567	-121.49635	-142.4384	1000.0	-13.410362	0.71470964	-12.281214	-14.12194	4920000	-0.023783153	0.11615907	-0.022743117	-0.008183965	0.8365389	0.018003352	0.26229998	12.0	18494.852794647217
123	-132.94107	6.9476857	-122.94576	-141.86002	1000.0	-13.293759	0.6970401	-12.169055	-13.988483	4960000	-0.020597415	0.11311071	-0.022154098	-0.00056975055	0.83607364	0.015832836	0.2400125	11.0	18653.662251234055
124	-131.53337	7.379936	-120.04191	-142.35112	1000.0	-13.280993	0.69150823	-12.146173	-13.956444	5000000	-0.023768662	0.11855957	-0.029038295	-0.010840017	0.8352776	0.016343795	0.2997125	13.5	18806.128039836884
