Epoch	AverageEpRet	StdEpRet	MaxEpRet	MinEpRet	EpLen	AverageVVals	StdVVals	MaxVVals	MinVVals	TotalEnvInteracts	LossPi	LossV	DeltaLossPi	DeltaLossV	Entropy	KL	ClipFrac	StopIter	Time
0	-2.680807	14.218464	103.18754	-64.43941	17.254671	0.1309135	0.17987299	0.53281033	-0.15900639	40000	-1.8626451e-08	229.59961	-0.008643666	-14.521599	1.7773154	0.010467929	0.062474996	39.0	22.91969871520996
1	-3.2981448	16.139433	190.27556	-74.56237	26.26004	-1.21293	2.4634724	2.249633	-4.27927	80000	1.4901161e-08	362.76013	-0.006189975	-40.154327	1.7715595	0.011159964	0.053324997	39.0	45.025474548339844
2	-6.1899714	16.688175	62.343163	-66.83517	31.725897	-5.520248	2.280823	1.8718207	-8.674905	120000	-1.1175871e-08	432.59064	-0.002776596	-77.29072	1.7428247	0.0060723284	0.055049997	39.0	67.77711272239685
3	-6.1765966	17.6781	41.41714	-65.63985	38.515472	-8.5167465	3.7913008	7.590261	-13.664315	160000	1.3038516e-08	357.20102	-0.0035350118	-31.35788	1.7332925	0.008666523	0.058524996	39.0	92.07901692390442
4	-2.9632807	18.078754	270.62885	-60.42817	30.330547	-8.088745	6.7771754	13.273973	-16.418577	200000	1.8626451e-08	337.85104	-0.004384193	-25.366688	1.7268989	0.0091002975	0.05055	39.0	114.00841522216797
5	-2.9531298	14.562375	95.689705	-62.909626	19.192104	-4.011762	7.5741014	15.692815	-16.805515	240000	1.4901161e-08	231.2474	-0.0062592914	-26.468037	1.7124959	0.010125188	0.0716	39.0	136.3233392238617
6	-2.8211217	18.137272	342.08508	-63.403038	21.039133	-0.7700845	5.23564	16.55633	-17.962152	280000	-3.7252903e-09	356.22235	-0.004629364	-35.425823	1.7163337	0.009357876	0.029399998	39.0	158.4115912914276
7	-2.423589	18.98096	185.56975	-68.1377	29.226137	-2.8083587	6.0411115	18.973408	-16.013695	320000	4.656613e-10	346.7082	-0.005414655	-25.45845	1.7132087	0.009385965	0.052825	39.0	181.63041877746582
8	-1.1003994	24.578081	432.62256	-58.628975	29.352507	-3.1265254	7.8932376	20.164898	-19.220577	360000	1.8626451e-09	500.8093	-0.0059514237	-19.653439	1.7054721	0.011066232	0.050625	39.0	203.6845121383667
9	1.1011498	35.310295	554.323	-59.424385	28.60376	-2.051081	8.990417	22.988281	-22.831081	400000	3.7252903e-09	884.0184	-0.005983606	-59.651897	1.6839932	0.01158267	0.0748	39.0	226.24544024467468
10	2.6692483	44.229996	525.79913	-60.6743	24.524103	2.2466106	12.871563	29.207779	-26.534899	440000	-2.2351742e-08	1309.4563	-0.004345812	-119.296936	1.6712742	0.010714137	0.02235	39.0	249.07567071914673
11	3.143284	44.378716	571.45557	-53.73592	24.81507	5.669932	16.610556	36.648018	-15.345002	480000	-3.7252903e-09	1147.5908	-0.0053713005	-69.140396	1.6374292	0.010438204	0.094524994	39.0	271.2008261680603
12	6.4426804	62.52947	598.44965	-65.44397	28.869186	6.992208	18.783405	42.04324	-15.930458	520000	-7.450581e-09	1790.2975	-0.0028665997	-176.53998	1.6216371	0.007355159	0.0268	39.0	294.6674418449402
13	7.2553554	65.25318	613.8928	-64.33397	29.453264	6.8833337	23.529015	48.691227	-17.455809	560000	7.450581e-09	1893.5172	-0.0045158863	-113.796326	1.5902755	0.009631058	0.075625	39.0	315.89017820358276
14	9.312854	66.401634	626.15546	-61.932323	29.454882	6.825018	26.733068	54.17016	-20.889202	600000	1.4901161e-08	1996.6536	-0.0039841477	-96.39537	1.5814843	0.010646196	0.080699995	39.0	337.1973741054535
15	8.100117	69.68518	687.1584	-62.2528	25.070528	9.695484	27.103544	58.661484	-19.166138	640000	2.9802322e-08	2279.4631	-0.0027533732	-131.67407	1.5697012	0.009687937	0.050499998	39.0	360.30897283554077
16	10.100045	77.126526	690.8261	-65.54672	28.086926	11.120945	28.9777	63.475636	-17.79486	680000	0.0	2542.2964	-0.0029059388	-121.48994	1.5513673	0.008947584	0.041424997	39.0	382.4580421447754
17	12.829127	81.31875	748.5768	-63.14637	29.532738	11.213537	31.533264	68.17266	-44.93409	720000	-1.4901161e-08	2578.055	-0.0037071407	-110.54428	1.5433617	0.010755659	0.038625	39.0	402.05475306510925
18	9.122882	79.85218	788.0026	-58.79536	23.327475	13.105314	33.384613	72.55836	-41.045986	760000	-2.2351742e-08	2955.3987	-0.0033480637	-132.11197	1.5181401	0.01541471	0.100775	37.0	426.837016582489
19	16.587606	85.63207	772.0962	-61.32752	31.561502	14.507171	35.14422	77.180374	-16.93008	800000	7.450581e-09	2607.3145	-0.0026166397	-131.25772	1.4882369	0.010867662	0.0871	39.0	452.03717589378357
20	15.32151	85.855705	793.7185	-64.835365	29.019007	15.872789	37.08784	81.044174	-17.877888	840000	-1.4901161e-08	2612.6533	-0.003530886	-106.0502	1.4813125	0.009578654	0.04315	39.0	476.9307577610016
21	17.13674	94.51134	780.3894	-62.165333	30.511896	18.77145	38.12757	84.50065	-16.91693	880000	1.4901161e-08	2776.9172	-0.0031717941	-104.57776	1.4817488	0.009740217	0.095750004	39.0	502.6091139316559
22	18.75198	97.43082	805.63696	-67.338	30.685184	21.89686	37.99943	88.222275	-15.919689	920000	1.4901161e-08	3001.7178	-0.0021116156	-122.357086	1.4743488	0.008629151	0.063975	39.0	528.1112847328186
23	26.920214	109.75354	828.0985	-66.9423	38.208454	23.349648	39.40712	91.84762	-17.010805	960000	-1.1175871e-08	3153.2368	-0.0030693458	-142.47726	1.4576647	0.007710132	0.052825	39.0	553.8488676548004
24	24.18557	100.79455	778.0109	-58.058052	34.10199	24.35428	42.13716	95.08444	-18.59003	1000000	1.1175871e-08	2964.6682	-0.002389539	-115.354065	1.4198024	0.0071213464	0.02535	39.0	576.561440706253
25	22.17151	99.77495	737.3489	-58.549175	28.768452	26.902634	42.74474	97.712654	-17.840776	1040000	3.5390258e-08	3277.5364	-0.0025584712	-130.17647	1.4023372	0.007947476	0.101349995	39.0	597.4992618560791
26	27.600714	113.471214	871.97186	-57.212597	34.223083	31.132122	42.388042	100.38439	-32.250156	1080000	1.1175871e-08	3461.8535	-0.0026938303	-124.12314	1.3964356	0.009042371	0.084	39.0	622.082013130188
27	29.12666	123.6048	897.92914	-62.434437	33.715862	31.43263	45.17605	103.33545	-35.70448	1120000	7.450581e-09	4177.4253	-0.0025445428	-150.1519	1.3658247	0.008349588	0.039699998	39.0	647.6858372688293
28	30.984596	119.179955	866.6663	-57.640957	34.13014	34.412758	46.463524	107.1416	-16.67833	1160000	-1.8626451e-09	3890.1313	-0.003922159	-137.42249	1.3606446	0.009260627	0.052975	39.0	668.8524580001831
29	29.926497	122.95488	903.99817	-57.910854	33.48226	35.607536	48.191433	109.983444	-16.075289	1200000	-3.5390258e-08	4094.067	-0.0036949776	-149.87868	1.350728	0.01101819	0.147425	39.0	692.61945104599
30	37.121544	132.65521	812.1797	-61.80625	39.920364	38.468006	49.3706	112.9904	-16.609169	1240000	1.8626451e-08	3655.2842	-0.0030120546	-96.74921	1.3217387	0.00823863	0.04185	39.0	717.4173452854156
31	49.140778	157.75145	986.5976	-55.487846	45.416573	40.392986	51.45296	115.66435	-19.882349	1280000	3.7252903e-09	5060.4536	-0.00313247	-175.25314	1.330306	0.011677302	0.101525	39.0	739.8288550376892
32	40.25792	144.5357	920.08344	-54.723343	40.29052	41.542717	54.494606	118.86827	-27.121159	1320000	1.1175871e-08	4465.4062	-0.00257946	-135.164	1.3448846	0.010258085	0.043025002	39.0	762.8573248386383
33	35.665825	134.47408	862.36884	-51.014874	34.27085	44.214516	55.274696	122.07786	-15.626962	1360000	9.313226e-09	4342.026	-0.0036771353	-154.48859	1.3178731	0.007955296	0.059049997	39.0	786.4474036693573
34	31.777391	130.24574	966.9152	-56.848904	29.108997	45.91401	55.034424	124.551926	-14.313637	1400000	7.450581e-09	5037.9194	-0.0034898482	-150.39017	1.2856461	0.010335732	0.09035	39.0	809.765947341919
35	39.577168	146.6433	928.2643	-57.7945	36.933147	49.796116	54.892105	127.2275	-13.21726	1440000	0.0	5124.787	-0.0026956312	-156.21588	1.3051184	0.007595483	0.09235	39.0	831.7531781196594
36	44.555786	152.00827	982.289	-52.212074	39.76157	48.536057	58.75816	129.71451	-15.597664	1480000	-1.1175871e-08	5205.252	-0.0028800964	-115.98836	1.3039293	0.007375336	0.059349995	39.0	855.0237948894501
37	38.600147	141.31374	932.88617	-56.90114	34.55662	51.23448	59.780384	132.02496	-16.513887	1520000	3.7252903e-09	4958.0464	-0.0025705006	-116.0158	1.2829981	0.008221364	0.015449999	39.0	876.4948811531067
38	41.928585	150.92879	935.6807	-49.27855	36.307976	52.280693	60.526134	133.5661	-16.28874	1560000	1.6763806e-08	5266.7607	-0.0034074765	-140.12755	1.2559088	0.008515546	0.0612	39.0	899.7104396820068
39	40.479782	154.30746	998.186	-56.404423	33.138798	56.09148	60.69228	135.40248	-16.324463	1600000	-1.8626451e-08	5951.0947	-0.0027570687	-171.53902	1.2834339	0.009333095	0.101625	39.0	922.0260009765625
40	51.281914	171.17639	939.34644	-61.836166	42.74571	55.173264	64.37128	137.5673	-15.640443	1640000	-1.3038516e-08	5742.3164	-0.0029915934	-127.50932	1.276382	0.010180991	0.060849994	39.0	943.7571606636047
41	61.967377	187.87537	1009.2145	-58.214905	48.409035	55.68153	66.02666	140.29948	-18.076424	1680000	2.0489097e-08	6185.3027	-0.0025519207	-217.37448	1.2930714	0.0075491965	0.047	39.0	966.5384330749512
42	43.879227	156.89604	1069.9851	-64.788086	35.21473	58.065487	68.177246	142.78003	-17.802244	1720000	1.1175871e-08	5820.971	-0.0027232347	-83.80305	1.2787349	0.007148713	0.046375	39.0	989.9908874034882
43	53.866127	175.54776	1068.5433	-62.807037	39.759277	60.270473	68.11279	144.49753	-16.42236	1760000	0.0	6586.921	-0.0022271592	-128.72542	1.267404	0.0070117842	0.051850002	39.0	1010.9411764144897
44	42.398388	161.177	976.1822	-59.709576	33.485714	60.67535	71.15949	147.06215	-16.063986	1800000	1.4901161e-08	6088.142	-0.002705671	-94.202415	1.2522786	0.006044225	0.0199	39.0	1034.6546795368195
45	49.744232	181.0973	976.552	-60.889626	35.886467	62.614536	71.99867	149.32591	-15.651408	1840000	9.313226e-09	6813.0986	-0.002579106	-167.00327	1.2304876	0.008520976	0.022175	39.0	1057.4215693473816
46	35.646008	155.25436	980.81683	-51.077873	27.680084	65.09976	73.809715	152.59041	-16.433775	1880000	0.0	6184.9834	-0.0029145442	-117.936424	1.2105745	0.009437593	0.0355	39.0	1078.6625559329987
47	41.65398	161.87335	951.44336	-57.04377	31.147541	66.51195	74.06223	155.10098	-13.571019	1920000	-1.9557774e-08	6239.7876	-0.0022557108	-63.80124	1.1986268	0.007352138	0.04445	39.0	1102.203595161438
48	51.18386	178.19052	1025.256	-61.07102	37.665085	67.929794	73.96711	157.08644	-12.816351	1960000	5.5879354e-09	6227.1875	-0.0019544698	-79.23573	1.1942091	0.008234648	0.0501	39.0	1125.5129280090332
49	63.74416	189.66414	1020.56464	-60.155064	44.273438	67.665474	77.4606	159.24028	-14.375713	2000000	1.8626451e-09	6402.299	-0.0024782587	-86.92924	1.165995	0.0079638455	0.056874998	39.0	1148.7125413417816
50	60.5603	191.45494	986.1996	-62.118164	42.558887	67.97072	79.292465	161.04173	-16.24184	2040000	0.0	6246.0537	-0.002174465	-103.380684	1.1629937	0.008152721	0.01925	39.0	1171.9178347587585
51	61.69505	191.45518	1061.0249	-58.368507	42.337635	69.27084	80.0585	162.83112	-14.355758	2080000	-3.7252903e-09	6811.667	-0.0022519054	-75.384705	1.126775	0.006333304	0.027224999	39.0	1195.695510149002
52	54.929104	184.10765	1023.3168	-56.711887	36.739613	70.15375	80.92525	164.60555	-16.32085	2120000	9.313226e-09	6994.393	-0.0028990426	-79.565605	1.1044122	0.005200356	0.056149997	39.0	1218.1736190319061
53	70.17281	210.9778	1056.6687	-55.834976	44.4375	74.258865	79.65264	166.53418	-13.834333	2160000	-2.2351742e-08	7349.026	-0.0017357618	-124.91846	1.0936168	0.006994171	0.040799998	39.0	1240.4412932395935
54	58.25867	195.76773	1070.514	-54.587612	38.582924	75.13344	82.02038	169.04816	-13.867985	2200000	5.5879354e-09	7169.8975	-0.0018817494	-86.825386	1.070075	0.005135296	0.02595	39.0	1262.733276128769
55	58.93256	198.35013	1040.0271	-62.65429	37.706665	75.69498	83.14472	171.65933	-14.56761	2240000	0.0	7374.9424	-0.0018404573	-84.87293	1.0832951	0.009198186	0.068525	39.0	1286.242297410965
56	71.81495	209.90851	1081.282	-59.154182	44.529278	78.3864	82.574005	174.19344	-13.716682	2280000	1.1175871e-08	7806.073	-0.003278778	-117.566734	1.0996199	0.008030752	0.102	39.0	1309.089332818985
57	78.67403	223.04808	1034.7211	-61.865738	46.092487	82.12871	81.603424	176.05229	-15.026938	2320000	-2.6077032e-08	8018.0176	-0.002002249	-282.72852	1.103998	0.0070341043	0.08035	39.0	1333.4589302539825
58	84.92259	220.67659	1025.3564	-63.214577	49.950756	85.95722	79.81737	178.42491	-16.676437	2360000	1.4901161e-08	7496.2617	-0.003013786	-215.98682	1.1208737	0.0066613425	0.052425	39.0	1356.9963936805725
59	93.75976	231.07748	1094.2649	-67.23523	50.699615	88.77154	80.41965	180.42535	-28.30682	2400000	-1.8626451e-08	8398.919	-0.0027445015	-191.45941	1.1136118	0.0074438294	0.05165	39.0	1380.328110218048
60	93.25858	226.19875	1037.5221	-63.820507	50.753212	92.21353	80.672874	181.77882	-18.86393	2440000	5.5879354e-09	7968.588	-0.00254047	-170.6569	1.114136	0.0070763333	0.03055	39.0	1401.66343832016
61	84.36274	222.51833	1067.3497	-63.71368	45.21167	94.14783	80.77023	183.47612	-18.20279	2480000	-3.7252903e-09	9004.914	-0.0021051017	-198.1757	1.0803038	0.004749135	0.029374998	39.0	1424.8034226894379
62	88.93574	225.01459	1017.5967	-61.207783	45.83045	94.27027	81.11585	185.20952	-17.250523	2520000	1.1175871e-08	8548.442	-0.0023419452	-157.3284	1.0522103	0.0063402695	0.021949999	39.0	1448.8005390167236
63	95.95715	230.33698	1009.02155	-63.241234	48.76167	100.42326	79.48161	186.86728	-15.953096	2560000	1.4901161e-08	8641.724	-0.0032173966	-186.13943	1.0403229	0.008841411	0.057099998	39.0	1473.8237912654877
64	95.10878	234.69148	1061.3638	-61.37958	48.37973	101.02076	78.14025	188.18169	-58.38757	2600000	1.8626451e-08	9274.294	-0.0020085105	-180.30353	1.0329173	0.008799948	0.065799996	39.0	1498.416959285736
65	89.921364	221.87053	1059.656	-57.36511	46.665882	102.03979	80.491196	189.74234	-17.238115	2640000	-3.7252903e-09	8466.291	-0.0022940012	-97.00134	1.0372949	0.006829492	0.04265	39.0	1522.8358266353607
66	80.574585	216.88011	1105.5853	-57.52209	40.674896	104.54344	78.61809	191.02235	-16.794376	2680000	1.1175871e-08	8917.127	-0.0031266958	-115.22467	1.0281069	0.0072564185	0.028324999	39.0	1547.583285331726
67	96.418915	241.39166	1056.6886	-55.53345	45.781357	108.10448	77.9989	192.43193	-13.979674	2720000	-2.7939677e-09	9426.588	-0.0019148011	-176.89214	1.0097094	0.00514153	0.028549999	39.0	1571.5757603645325
68	104.121765	242.33884	1019.20544	-61.669014	49.18114	110.2611	79.09317	193.6105	-14.9972	2760000	0.0	9535.393	-0.0019693803	-201.43533	1.0115626	0.0064191227	0.034874998	39.0	1595.1070837974548
69	86.79083	225.59908	1005.10394	-57.60939	42.62311	110.33991	78.053535	194.5079	-25.391602	2800000	-7.450581e-09	9480.988	-0.0022568237	-260.47073	0.99709827	0.005918164	0.049525	39.0	1618.9655768871307
70	114.29884	258.46338	1064.9869	-65.08484	52.344326	113.100266	79.29199	195.67049	-13.755627	2840000	-3.1664968e-08	10267.03	-0.003236603	-179.92874	0.9899305	0.006131055	0.054649998	39.0	1642.6692824363708
71	114.6949	257.8487	1058.8391	-56.26744	50.595146	113.70902	81.84184	196.37437	-16.512447	2880000	-3.4458935e-08	10178.558	-0.002764986	-241.35222	0.9676485	0.005074904	0.023874998	39.0	1664.528805732727
72	101.53259	248.28136	1076.5961	-57.42193	45.599083	118.61078	80.79635	197.22195	-13.15582	2920000	3.7252903e-09	9896.639	-0.0032679692	-126.31676	0.9692377	0.007953776	0.045725	39.0	1689.417607307434
73	114.84651	254.47707	1126.5719	-60.868423	53.230255	119.39534	80.57487	198.71574	-11.943444	2960000	7.450581e-09	9811.764	-0.0028388808	-107.29465	0.95496917	0.0064923717	0.0534	39.0	1712.21826004982
74	121.03608	258.45618	1050.6058	-59.511364	54.779778	118.374725	84.24987	199.87213	-17.73505	3000000	0.0	9937.643	-0.0026388085	-64.96114	0.95691794	0.0037877935	0.025424998	39.0	1737.2745146751404
75	117.30756	262.39392	1039.96	-56.18712	51.63329	120.6248	84.28587	200.58122	-17.010214	3040000	3.7252903e-09	10261.048	-0.0030326024	-101.42	0.9305033	0.00539524	0.04005	39.0	1761.9105107784271
76	120.52466	264.10355	1067.8253	-56.727062	52.897335	123.82771	83.03823	201.34654	-13.702561	3080000	7.450581e-09	10014.553	-0.0023863176	-84.3202	0.9417178	0.0063543925	0.055749997	39.0	1787.0694408416748
77	108.411125	261.01572	1081.7368	-61.45223	48.80148	123.78766	84.06688	202.38626	-14.995358	3120000	-7.450581e-09	10654.261	-0.0026861299	-135.35779	0.94159085	0.007423298	0.067675	39.0	1811.3007500171661
78	103.51875	255.64368	1034.2552	-56.68375	45.117714	125.19675	84.10728	202.68765	-14.509631	3160000	3.7252903e-09	10806.762	-0.0025508385	-122.67414	0.9331054	0.0056866994	0.058624998	39.0	1834.4611270427704
79	118.311455	266.98132	1040.3231	-60.625565	51.32254	128.37068	83.48213	204.14978	-13.082176	3200000	0.0	10522.208	-0.0022162185	-62.758537	0.9139346	0.0059342487	0.043025002	39.0	1859.5080349445343
80	128.24466	278.8865	1034.4835	-60.559902	56.005634	128.09251	85.99463	205.01517	-16.369785	3240000	1.8626451e-09	10241.026	-0.0027513858	-84.03169	0.91932225	0.0068802647	0.037249997	39.0	1884.3015406131744
81	108.867935	264.10565	1046.9338	-63.951725	48.965305	127.474236	87.08369	204.97423	-18.208065	3280000	-9.313226e-09	10656.234	-0.0022120844	-140.87465	0.9085259	0.005924791	0.0262	39.0	1907.4587261676788
82	123.628174	281.49036	1081.7606	-58.843204	49.85914	128.57735	87.65061	205.32597	-19.244522	3320000	3.7252903e-09	11291.767	-0.0020452556	-175.52176	0.88977265	0.0061276234	0.052649997	39.0	1933.926698923111
83	84.27588	236.62575	1110.9106	-51.538452	36.329056	132.77147	86.774666	206.64728	-18.039156	3360000	-1.8626451e-09	10520.629	-0.003008705	-80.63612	0.89236915	0.007112429	0.036725	39.0	1958.1828770637512
84	103.11508	257.099	1063.825	-61.10223	44.13793	134.73863	83.930336	207.36519	-14.033205	3400000	-3.7252903e-09	10269.976	-0.0025124568	-75.80319	0.9018861	0.0060529974	0.029925	39.0	1982.6672303676605
85	98.25367	250.76268	1043.4194	-55.86804	42.599144	134.2508	85.460365	208.4258	-15.705365	3440000	0.0	10639.806	-0.002330543	-63.80075	0.8918243	0.005982136	0.0266	39.0	2004.0384953022003
86	117.26642	269.2412	1021.20624	-59.17723	50.7414	134.05788	86.801544	209.1756	-16.540161	3480000	-1.1175871e-08	9865.295	-0.0028396545	-44.25508	0.89086664	0.006414262	0.042224996	39.0	2029.4021692276
87	107.93524	262.63925	1072.7502	-54.124004	45.434284	134.73859	86.4435	209.90985	-16.668777	3520000	-9.313226e-10	10354.643	-0.0024608942	-45.873505	0.88158995	0.0063299807	0.035399996	39.0	2055.337338924408
88	106.37496	257.64136	1063.8594	-56.994164	46.15	137.03859	86.41305	211.2758	-13.183943	3560000	9.662472e-09	10272.359	-0.0019758986	-44.428627	0.8909105	0.004810489	0.030425001	39.0	2077.132735490799
89	121.66792	270.90042	1043.1157	-57.975533	51.526657	135.39073	86.83044	211.85573	-15.825444	3600000	-3.7252903e-09	10484.135	-0.0018826164	-76.00663	0.875425	0.006359795	0.021824999	39.0	2102.2848830223083
90	114.4765	272.6923	1034.158	-55.740067	48.546684	136.80968	87.449425	212.87932	-15.945434	3640000	0.0	10814.895	-0.0019508302	-58.844032	0.8456211	0.0031961869	0.020799998	39.0	2125.331072807312
91	117.0159	271.11514	1044.6277	-55.123146	48.917793	137.98143	87.81557	214.33022	-13.631987	3680000	-1.5716068e-09	10770.707	-0.002350529	-66.64764	0.84162366	0.0061391587	0.024549998	39.0	2150.749743461609
92	121.66703	283.07166	1051.9589	-59.352955	50.94201	137.78365	87.64541	215.07243	-13.163264	3720000	-3.7252903e-09	11628.955	-0.0018005322	-111.035255	0.8090291	0.005692432	0.05315	39.0	2173.9535505771637
93	132.98128	291.53848	1102.2852	-59.358116	54.19562	137.46077	90.07966	215.25995	-17.115967	3760000	-1.1175871e-08	11628.312	-0.0017453469	-172.61469	0.799301	0.0052955244	0.03645	39.0	2195.321727514267
94	144.67172	300.41354	1106.0488	-60.83477	57.51884	140.57562	90.39616	216.43086	-15.610957	3800000	-7.450581e-09	11404.473	-0.0020263204	-68.29058	0.7845901	0.005825598	0.03165	39.0	2218.6701879501343
95	123.96222	285.39777	1055.144	-53.788628	50.52859	139.85135	92.99635	217.33824	-17.463064	3840000	-1.3969839e-09	11437.441	-0.0019633346	-59.71666	0.77360916	0.0035997415	0.023624998	39.0	2241.7949533462524
96	107.91534	265.54886	1083.8243	-55.279274	44.943375	141.96965	91.54448	217.6573	-15.220287	3880000	-1.3038516e-08	10936.542	-0.0019177989	-59.08367	0.7812203	0.004799092	0.024799999	39.0	2267.2699360847473
97	110.83069	269.73196	1095.9922	-56.386497	45.653225	140.89833	90.10201	218.84715	-15.794564	3920000	1.8626451e-09	11333.446	-0.0017301915	-164.70932	0.76945454	0.0037740688	0.019325	39.0	2291.7181780338287
98	133.5517	297.724	1094.4323	-55.98004	53.110962	141.56023	89.27246	220.3408	-13.148826	3960000	9.080395e-09	12158.77	-0.001991081	-143.92789	0.76405215	0.0061228005	0.01595	39.0	2314.561728000641
99	150.28674	313.97882	1109.5917	-52.725544	59.10479	146.2974	92.88963	221.56349	-15.280953	4000000	-1.3038516e-08	11798.299	-0.0018529606	-78.40656	0.7443624	0.0044979597	0.02175	39.0	2338.0848252773285
100	156.44469	305.187	1106.284	-62.50817	61.914597	148.33852	93.04486	223.85983	-13.385086	4040000	1.3969839e-08	11239.396	-0.0021700654	-50.43138	0.73654497	0.003654536	0.022499999	39.0	2362.193101644516
101	149.38132	308.10217	1097.784	-54.285713	59.44745	147.32104	95.77288	224.1689	-17.047194	4080000	-6.0535967e-09	11531.573	-0.0015987258	-41.943222	0.73375833	0.0034637111	0.01475	39.0	2387.2075579166412
102	141.95306	303.1755	1084.3088	-54.128674	55.39944	149.55846	94.5341	225.2082	-14.79511	4120000	-1.3038516e-08	11642.928	-0.0016527944	-51.448654	0.7413062	0.0042619193	0.016475	39.0	2411.739895582199
103	145.51431	303.55588	1073.2642	-57.931328	57.905247	150.13039	94.65143	226.31375	-12.706015	4160000	-5.122274e-09	11519.88	-0.0020037268	-72.312256	0.7351756	0.006060534	0.03965	39.0	2437.050268173218
104	125.514	292.7227	1085.5675	-58.068756	50.877735	147.1476	94.12572	225.9909	-13.794271	4200000	3.3032848e-09	12113.454	-0.002178858	-61.8824	0.74605477	0.0056529352	0.023075	39.0	2462.3753595352173
105	163.84207	326.11163	1134.5598	-62.495674	63.541668	147.30151	96.58513	226.56255	-15.424115	4240000	-3.7252903e-09	12324.535	-0.002034665	-140.45517	0.74205613	0.006477991	0.028175	39.0	2485.8560342788696
106	127.63845	285.74606	1116.6438	-55.10324	50.10253	149.33292	95.38384	226.60742	-15.863679	4280000	-1.21071935e-08	11985.582	-0.0021435944	-55.67231	0.73249817	0.005809875	0.0211	39.0	2511.408877134323
107	133.56555	291.64468	1098.0182	-58.6718	53.404602	148.57495	95.20318	226.94994	-15.122298	4320000	-7.450581e-09	11980.552	-0.0022471193	-169.68094	0.733623	0.0041859527	0.014725	39.0	2534.3646347522736
108	132.05501	294.11276	1116.454	-56.353485	50.844475	146.41272	94.476326	228.36884	-16.721292	4360000	-1.1175871e-08	12259.199	-0.0016884779	-98.89544	0.7432131	0.0047079585	0.024424998	39.0	2558.259344816208
109	148.5915	310.0297	1073.9514	-58.660793	57.549274	151.33742	94.71664	229.62967	-14.18443	4400000	-9.778887e-09	12221.152	-0.0024005845	-27.675087	0.7354156	0.003732932	0.015674999	39.0	2582.354904651642
110	136.53905	290.05032	1084.0275	-62.615074	53.30831	152.10358	96.492836	230.4356	-15.253001	4440000	8.381903e-09	11190.201	-0.0015943103	-58.31067	0.73043245	0.0032952274	0.01045	39.0	2607.5678203105927
111	130.73323	300.11066	1095.87	-58.081207	51.23552	150.43028	94.09041	230.7353	-14.031008	4480000	6.519258e-09	12159.314	-0.0024173788	-68.70799	0.730567	0.0051893857	0.02005	39.0	2630.9317121505737
112	147.62172	311.83542	1081.3743	-65.471886	59.031113	152.8398	95.49593	230.94768	-13.637547	4520000	-5.5879354e-09	11601.805	-0.002257809	-83.352165	0.72324085	0.006278496	0.03775	39.0	2656.1836330890656
113	128.81157	284.22385	1095.6659	-58.553337	51.60598	149.15578	97.46334	231.05836	-17.42043	4560000	9.313226e-09	11464.586	-0.001738972	-103.773056	0.7129482	0.0040562833	0.029675	39.0	2678.879733324051
114	131.0656	293.73364	1108.8762	-53.26568	51.48	146.5963	94.53988	230.66937	-17.406012	4600000	-2.3283064e-09	11641.225	-0.002152686	-106.660095	0.7171343	0.005248871	0.028099999	39.0	2701.3841440677643
115	134.8367	295.86795	1111.1614	-56.734818	52.969456	152.55244	94.19162	231.32768	-15.751319	4640000	-7.450581e-09	11898.906	-0.0022754236	-56.906425	0.7203621	0.005671154	0.017249998	39.0	2726.3246812820435
116	142.9846	302.9448	1121.0887	-64.02402	56.351852	149.81552	96.10448	231.04823	-17.01097	4680000	-1.8626451e-09	11622.686	-0.002405438	-30.660347	0.7237692	0.0048179254	0.026175	39.0	2749.6628243923187
117	172.78145	329.467	1116.4587	-56.075	65.75041	151.53204	96.14681	231.374	-16.685871	4720000	4.656613e-09	11632.644	-0.0018357082	-73.48822	0.713031	0.0056904526	0.01605	39.0	2773.3546204566956
118	124.87699	289.42444	1106.7142	-55.33421	48.180824	153.10738	97.365776	232.19397	-16.830223	4760000	-9.313226e-09	12353.586	-0.002660825	-186.59912	0.70997334	0.005861828	0.035375	39.0	2795.9103050231934
119	132.88446	296.45908	1102.647	-54.277435	52.651596	151.28354	94.78748	233.38132	-11.961046	4800000	-1.3387762e-09	11972.25	-0.0013016616	-81.87986	0.6929747	0.0038655177	0.0079	39.0	2819.20756983757
120	141.5436	295.93158	1130.0277	-56.572968	54.56044	154.29332	95.89122	234.40477	-13.131139	4840000	1.8626451e-09	11614.143	-0.0019471629	-116.36406	0.70404714	0.0051713316	0.02405	39.0	2843.2688496112823
121	145.97786	311.49545	1101.1554	-58.069275	57.750362	149.60905	95.07327	235.49612	-16.347733	4880000	-8.8475645e-09	12337.725	-0.0021043376	-52.280525	0.69027305	0.005767806	0.034649998	39.0	2866.507622718811
122	165.44003	316.71985	1152.031	-61.66499	63.961414	151.15565	98.660934	236.03441	-18.14157	4920000	-2.3283064e-09	11735.234	-0.0016470272	-53.40461	0.67434204	0.0045579113	0.02345	39.0	2888.822071790695
123	140.31363	299.19064	1114.266	-61.656414	54.133335	150.94647	97.48355	236.61842	-18.284388	4960000	4.656613e-10	12254.18	-0.0015007164	-20.307625	0.6737484	0.0038293677	0.017924998	39.0	2915.2106127738953
124	124.39606	284.18732	1097.9199	-53.751217	49.58354	152.27016	97.53966	237.35062	-17.241596	5000000	0.0	11970.916	-0.0021076605	-40.788773	0.6574259	0.004959265	0.0244	39.0	2938.014968395233
125	143.84537	309.9197	1099.8258	-56.684635	55.8383	150.03098	95.46193	237.16313	-16.310394	5040000	7.450581e-09	12601.684	-0.001967405	-117.130974	0.6452383	0.004151656	0.022100002	39.0	2959.697949886322
126	131.67374	295.3431	1073.5508	-57.15935	50.741688	155.43483	98.16639	238.32294	-15.695705	5080000	5.5879354e-09	11977.623	-0.0018463992	-44.19407	0.648038	0.004307345	0.018525	39.0	2983.0452814102173
127	127.65129	292.9823	1064.6006	-51.908276	50.131477	156.72917	96.88861	238.54048	-14.03939	5120000	4.1909516e-09	11821.287	-0.0014196334	-35.781227	0.6451057	0.004499064	0.017099999	39.0	3009.031678199768
128	137.47945	293.1691	1051.6804	-58.65466	55.40334	152.1022	96.52125	239.50702	-13.748284	5160000	-4.656613e-09	11795.936	-0.001404454	-114.39235	0.64444023	0.0045966976	0.0177	39.0	3034.0367233753204
129	142.94342	306.0943	1094.572	-55.133816	55.16111	149.82309	93.5655	239.7546	-14.792777	5200000	-1.0826625e-08	12062.995	-0.002148577	-101.88339	0.64786386	0.00504455	0.03335	39.0	3058.6204705238342
130	153.03423	312.7105	1114.5001	-62.251373	58.98358	153.98682	97.43636	240.62871	-15.93374	5240000	-3.7252903e-09	12031.883	-0.0018245121	-56.358727	0.6430387	0.0038495352	0.026	39.0	3083.535600423813
131	144.12349	301.914	1099.4594	-61.921787	57.595932	153.54852	99.34998	243.02995	-16.8769	5280000	3.7252903e-09	12065.998	-0.0017101802	-114.54276	0.64348304	0.0035499122	0.014449999	39.0	3108.1583597660065
132	145.64273	304.4995	1082.585	-56.178818	56.614285	150.85202	97.92074	242.86414	-17.191374	5320000	-5.820766e-09	11617.983	-0.0017081127	-40.413086	0.62925553	0.004514188	0.019725	39.0	3130.2596294879913
133	153.1542	310.4158	1078.726	-59.425568	59.942425	151.3851	98.018974	243.92729	-16.748297	5360000	-3.7252903e-09	11835.388	-0.00206517	-77.42625	0.63189185	0.004027645	0.0323	39.0	3156.06569981575
134	169.24527	337.91266	1100.6024	-58.366188	65.107086	150.26213	98.33232	243.81165	-16.952862	5400000	-9.313226e-09	12448.592	-0.0019837492	-159.68648	0.62174976	0.005385522	0.029775	39.0	3181.807378768921
135	125.14186	282.24063	1084.5913	-56.568905	50.215366	157.3674	102.83649	245.59688	-17.34485	5440000	1.8626451e-09	11600.602	-0.0014436274	-190.57465	0.60924745	0.004256354	0.02685	39.0	3205.0923953056335
136	142.83067	310.59442	1092.777	-57.862503	54.524727	149.8523	95.256035	246.0082	-16.786785	5480000	-3.7252903e-09	12398.151	-0.0014607029	-242.13213	0.5980993	0.0041312315	0.021125	39.0	3228.420738697052
137	150.07007	325.42325	1105.396	-55.379776	57.478325	157.09422	99.11773	245.85143	-17.001158	5520000	6.9849193e-09	12286.119	-0.0016292502	-98.22411	0.5971172	0.0035376318	0.022525001	39.0	3252.0121104717255
138	140.04303	310.07983	1101.597	-58.71886	53.078773	161.40123	100.192726	246.81691	-11.947922	5560000	-1.3969839e-08	12378.727	-0.0016945275	-54.348236	0.6016538	0.0043318225	0.01635	39.0	3276.7945392131805
139	143.37679	304.27606	1108.3849	-60.148495	55.43521	159.23503	99.98553	247.53651	-10.925218	5600000	-5.122274e-09	11828.193	-0.001611997	-94.67016	0.59440196	0.0040457053	0.024549998	39.0	3299.936819076538
140	174.5871	338.4938	1108.4009	-57.412754	66.08833	156.18903	99.55786	248.777	-14.677397	5640000	-1.1175871e-08	12687.523	-0.0015844423	-86.93578	0.5968845	0.0049850354	0.016375	39.0	3324.254369497299
141	155.55197	317.12192	1123.4039	-56.434795	59.873302	157.94122	103.24328	248.69936	-16.794678	5680000	-4.656613e-09	11848.047	-0.0018925641	-104.28809	0.59076655	0.0049854023	0.02155	39.0	3348.1099314689636
142	157.55089	318.93903	1066.8864	-57.40388	60.254547	155.32297	100.06982	249.1833	-16.19038	5720000	2.7939677e-09	12344.395	-0.0013578159	-51.28913	0.5951897	0.0052325213	0.026074998	39.0	3373.818302154541
143	152.52454	320.90335	1126.3213	-53.415245	57.77438	157.45679	98.700035	249.22067	-14.021067	5760000	0.0	12111.65	-0.0014879794	-147.56445	0.5872934	0.004634347	0.01915	39.0	3397.244029521942
144	126.637665	285.01938	1124.8064	-52.099945	50.65681	159.45284	101.03264	252.0875	-13.357676	5800000	0.0	12322.559	-0.0016704444	-165.95969	0.5932163	0.002605235	0.018199999	39.0	3421.2149353027344
145	141.77177	301.97546	1099.7983	-59.831917	54.290985	154.00842	96.270454	251.46658	-10.781832	5840000	-1.8626451e-09	11551.72	-0.0015598994	-119.90425	0.5947123	0.004232644	0.019575	39.0	3444.891700029373
146	152.65425	316.6269	1129.7137	-52.593708	59.013393	154.9177	96.820526	251.95471	-10.454748	5880000	-6.519258e-09	11727.509	-0.0017794308	-86.50181	0.5960747	0.0043340935	0.019875	39.0	3470.7866032123566
147	145.66278	311.00696	1088.2183	-52.555016	56.989956	156.28722	98.80251	254.29929	-12.559186	5920000	-1.8626451e-09	11790.111	-0.0013998696	-98.23658	0.59575987	0.0037150593	0.021575	39.0	3493.723297357559
148	142.73018	312.84122	1084.9939	-53.209053	55.997185	157.42453	98.097496	254.43117	-10.828444	5960000	-7.450581e-09	11422.234	-0.002301455	-72.23102	0.59781873	0.0063007562	0.040149998	39.0	3516.19730591774
149	128.34492	294.7336	1137.2107	-51.825455	50.97294	156.6971	98.62384	254.65242	-12.572915	6000000	6.519258e-09	12036.066	-0.0015540834	-104.92979	0.5952064	0.0033730296	0.012474999	39.0	3539.7616081237793
150	155.98373	321.42984	1075.7402	-53.009857	58.488167	157.3669	98.029366	254.68958	-11.750217	6040000	1.816079e-08	11564.951	-0.0014810243	-117.46776	0.5852807	0.003302148	0.021699999	39.0	3564.4717721939087
151	162.51312	321.9574	1074.4124	-54.0656	61.50621	160.64142	98.74682	255.22784	-10.579233	6080000	1.8626451e-09	11841.422	-0.0020321198	-50.532295	0.58507645	0.004839819	0.020175	39.0	3589.9605412483215
152	146.09093	312.60303	1091.0894	-60.061905	56.204254	160.0938	97.89044	255.6718	-11.427425	6120000	0.0	11656.566	-0.0012611977	-61.013123	0.5783156	0.00414431	0.01485	39.0	3615.7709805965424
153	136.67232	304.67953	1075.7014	-51.648586	52.961124	159.5938	98.967995	257.02478	-10.055351	6160000	1.4901161e-08	12194.617	-0.0020448542	-63.737198	0.57365215	0.0037991274	0.020149998	39.0	3639.8220884799957
154	145.67937	312.45212	1062.6837	-51.78756	55.478382	160.59828	98.39192	257.35617	-10.221453	6200000	5.5879354e-09	11350.047	-0.0013683564	-75.69741	0.5633627	0.0033164297	0.023725	39.0	3663.019765853882
155	132.63406	299.438	1082.2745	-47.47948	51.089973	159.9909	98.83425	257.4181	-12.541578	6240000	4.1909516e-09	11780.331	-0.0011578554	-90.68522	0.5515884	0.0023858224	0.0109749995	39.0	3685.7830443382263
156	131.34561	296.5997	1068.0935	-48.37845	50.521072	159.30385	97.24386	257.89413	-9.989235	6280000	-3.7252903e-09	11604.254	-0.0014498704	-64.55177	0.5508905	0.004008142	0.0179	39.0	3710.6289842128754
157	141.23822	298.33206	1080.0266	-49.99986	54.592846	160.49408	97.36844	256.95407	-7.971078	6320000	5.122274e-09	11431.348	-0.0014437144	-46.381706	0.56053334	0.0036062526	0.013575	39.0	3736.744734764099
158	158.85744	321.86456	1058.2976	-51.747574	61.960693	156.04726	95.984985	256.8303	-8.475931	6360000	3.7252903e-09	11947.988	-0.0022754648	-119.319725	0.5723537	0.002621593	0.0229	39.0	3760.277245759964
159	142.97067	307.9166	1082.2223	-57.814934	56.032623	156.58441	100.98762	257.23462	-15.510102	6400000	4.656613e-09	12038.301	-0.0014330335	-48.57557	0.5697927	0.0045015444	0.016824998	39.0	3786.1740877628326
