Epoch	AverageEpRet	StdEpRet	MaxEpRet	MinEpRet	EpLen	AverageVVals	StdVVals	MaxVVals	MinVVals	TotalEnvInteracts	LossPi	LossV	DeltaLossPi	DeltaLossV	Entropy	KL	ClipFrac	StopIter	Time
0	-631.1086	25.022198	-587.75726	-665.0549	1000.0	-0.045201536	0.13329095	0.34406224	-0.48752958	40000	-0.0194991	3103.181	-0.01979845	-481.6109	0.9188278	0.015493317	0.2403	6.5	102.39578151702881
1	-612.9927	25.570097	-570.3121	-646.0467	1000.0	-9.469815	0.27069694	-2.9434905	-9.80155	80000	-0.017405331	2152.2283	-0.02212403	-243.04034	0.91858387	0.015258593	0.2509875	8.0	205.03001427650452
2	-596.4308	25.140093	-560.80316	-636.9858	1000.0	-15.153313	0.34506693	-6.179883	-15.47175	120000	-0.010225691	1594.881	-0.014091488	-179.435	0.9184027	0.015827416	0.2441	5.0	307.1543471813202
3	-577.42004	23.187351	-536.9291	-612.718	1000.0	-20.031603	0.40273482	-9.594103	-20.38388	160000	-0.00949081	1142.1316	-0.009832902	-134.32843	0.91831756	0.017442435	0.2379875	3.5	410.653715133667
4	-552.469	22.109287	-518.59973	-588.5019	1000.0	-24.353922	0.43726933	-12.819266	-24.754807	200000	-0.009907261	765.63257	-0.009329185	-95.381035	0.9182271	0.017050814	0.2986125	3.5	514.3394525051117
5	-529.1994	20.900383	-497.99594	-562.7375	1000.0	-28.114725	0.47685212	-15.956106	-28.570768	240000	-0.01048509	492.47675	-0.009259481	-65.57834	0.9181589	0.017909456	0.2967	3.5	620.366043806076
6	-507.17285	17.800623	-475.9155	-533.7072	1000.0	-31.34346	0.52740985	-19.271181	-31.899317	280000	-0.0095402	299.1254	-0.00868208	-42.56406	0.91810566	0.018172793	0.2732625	3.0	724.2965450286865
7	-485.19498	16.60349	-459.65176	-517.2676	1000.0	-34.045437	0.56661606	-22.039925	-34.650967	320000	-0.008451834	166.11856	-0.010032043	-25.282932	0.9180305	0.017896567	0.30263752	3.0	829.8755068778992
8	-466.17734	16.636189	-440.3373	-500.5159	1000.0	-36.210155	0.6174875	-24.111	-36.911404	360000	-0.0071530044	86.88423	-0.007586475	-14.104763	0.9179354	0.01651539	0.2576	2.5	936.1768832206726
9	-449.26114	15.856383	-427.71603	-480.16232	1000.0	-37.88525	0.6857734	-26.185524	-38.757885	400000	-0.0060373545	40.317955	-0.008022373	-6.885558	0.9178754	0.017376278	0.276375	2.5	1043.7387733459473
10	-433.82822	14.5358305	-411.8916	-464.55182	1000.0	-39.10055	0.7671543	-27.518324	-40.14608	440000	-0.005761206	15.740491	-0.007483804	-2.7389817	0.91779125	0.01762857	0.3070125	3.0	1150.1667845249176
11	-421.45264	14.087575	-403.66302	-449.53918	1000.0	-39.894287	0.83675283	-28.415098	-41.10338	480000	-0.0073745027	5.32753	-0.00585445	-0.8470904	0.9176777	0.017987275	0.27191252	3.0	1260.219182252884
12	-411.30606	13.821512	-391.74335	-436.3311	1000.0	-40.34374	0.90546346	-28.961243	-41.726627	520000	-0.0063969903	1.8958194	-0.0060256543	-0.14836134	0.9175533	0.01576886	0.270325	3.0	1371.1582996845245
13	-402.69803	13.24386	-383.90332	-435.22614	1000.0	-40.524483	0.97095686	-29.35262	-42.032722	560000	-0.0067790113	1.4338746	-0.0063536563	-0.03522849	0.91740066	0.016700655	0.2831625	3.0	1475.7612652778625
14	-394.60028	10.474691	-376.06564	-417.22705	1000.0	-40.480614	1.026926	-29.75308	-42.08597	600000	-0.0058171824	2.3044195	-0.0057721096	-0.2056864	0.91723216	0.018479425	0.28773752	3.0	1617.5902597904205
15	-385.55054	9.322353	-366.17908	-404.39133	1000.0	-40.259136	1.0182577	-29.83437	-41.849552	640000	-0.006607013	3.4666271	-0.0061098747	-0.5485173	0.9170531	0.017365007	0.2788	3.0	1780.3069868087769
16	-377.4959	9.101534	-362.81024	-399.89557	1000.0	-39.866924	0.9887958	-29.720535	-41.396732	680000	-0.005501111	4.7931075	-0.0056323316	-0.8523559	0.91685414	0.016197642	0.2511	3.0	1926.5279653072357
17	-371.70227	9.284102	-351.01657	-389.46875	1000.0	-39.351315	0.95567375	-29.703562	-40.815002	720000	-0.006047532	4.7111907	-0.00551427	-0.9499401	0.91666347	0.015468352	0.26075	3.0	2090.7288208007812
18	-362.44308	9.901025	-345.20572	-380.33893	1000.0	-38.786804	0.9376094	-29.49115	-40.214542	760000	-0.0054137222	6.0329113	-0.0056640543	-1.3015673	0.9164971	0.01875396	0.278575	3.0	2246.8954005241394
19	-355.39044	8.737407	-337.60147	-375.9377	1000.0	-38.109974	0.9433218	-29.136345	-39.518833	800000	-0.006135378	6.0835	-0.005570789	-1.4170568	0.9163461	0.017008318	0.2421	2.5	2390.899064064026
20	-350.4162	9.552403	-332.35278	-370.21707	1000.0	-37.385082	0.9247655	-28.91399	-38.755424	840000	-0.0048251217	5.136076	-0.0043298244	-1.2076274	0.9161929	0.01900018	0.26075	2.5	2542.149001598358
21	-343.00217	8.785512	-321.66977	-360.38788	1000.0	-36.694607	0.9230649	-28.611242	-38.03661	880000	-0.0053195003	5.3510656	-0.0053936946	-1.2746605	0.9160081	0.021900091	0.2907	2.5	2687.1401767730713
22	-337.2303	8.454057	-319.2591	-352.97342	1000.0	-35.97591	0.899965	-28.35038	-37.223114	920000	-0.004128997	4.8008275	-0.004552529	-1.2049996	0.9158014	0.020061716	0.27683753	2.5	2831.4404044151306
23	-328.77094	9.668237	-302.50705	-347.78253	1000.0	-35.261383	0.861071	-28.22636	-36.386406	960000	-0.004073535	5.30953	-0.017550204	-1.3746431	0.9155861	0.016379151	0.29298753	4.5	2982.865302801132
24	-322.46124	8.70631	-304.05298	-340.26852	1000.0	-34.476337	0.8836958	-27.801868	-35.57468	1000000	-0.025179964	4.9065094	-0.030082788	-1.2649459	0.91461337	0.016030252	0.29342502	18.5	3128.157098054886
25	-319.73395	9.046385	-297.22052	-333.83047	1000.0	-33.703033	0.86217797	-27.295187	-34.788242	1040000	-0.026591966	3.2462733	-0.02596318	-0.7745992	0.913035	0.01524909	0.2688125	18.5	3275.0201325416565
26	-314.6014	7.484597	-299.36884	-328.526	1000.0	-33.080803	0.82880074	-26.887865	-34.089024	1080000	-0.007159468	2.971842	-0.016730089	-0.7039473	0.9122198	0.01562405	0.2607	4.5	3421.8459742069244
27	-308.8841	8.722856	-286.66345	-323.8036	1000.0	-32.48145	0.77879924	-26.475183	-33.46248	1120000	-0.027308842	2.9025846	-0.02998805	-0.70937335	0.9112897	0.015580496	0.2981375	19.5	3561.8624815940857
28	-304.73175	8.820289	-285.39154	-320.76425	1000.0	-31.863794	0.78466445	-26.135275	-32.813896	1160000	-0.0046890425	2.2988448	-0.0057139574	-0.5351703	0.91045666	0.016154133	0.2605625	3.0	3713.246657371521
29	-299.62762	8.930522	-282.45892	-315.0428	1000.0	-31.311007	0.81369823	-25.882496	-32.30715	1200000	-0.0046855677	2.2167602	-0.005011309	-0.5328214	0.9102847	0.015662685	0.269475	2.5	3858.4001326560974
30	-293.52	9.109699	-274.81683	-313.50528	1000.0	-30.7526	0.82458574	-25.640646	-31.740257	1240000	-0.0046890555	2.5325136	-0.006782676	-0.61117905	0.91008765	0.01700364	0.27937502	2.5	4022.157652616501
31	-287.3855	11.059964	-267.31256	-308.73428	1000.0	-30.145266	0.834939	-25.204418	-31.22851	1280000	-0.0036801957	2.2823493	-0.004028579	-0.6074874	0.9098661	0.017162256	0.283725	2.5	4169.607858181
32	-281.78696	11.126847	-259.45508	-303.5098	1000.0	-29.523712	0.91774124	-24.622541	-30.733047	1320000	-0.0037689023	2.2003086	-0.0065085473	-0.5350734	0.9097254	0.016647877	0.2835375	2.5	4314.6299521923065
33	-275.44037	11.3847685	-255.50154	-295.90326	1000.0	-28.925337	0.97797894	-24.069454	-30.206408	1360000	-0.004179716	2.3566227	-0.004290579	-0.6218227	0.9095943	0.019189198	0.261275	2.0	4471.134896278381
34	-269.12994	11.198497	-247.59425	-291.75647	1000.0	-28.270582	1.0131412	-23.514408	-29.614162	1400000	-0.0036757737	2.175336	-0.0029146597	-0.6102595	0.9094765	0.019256633	0.276425	2.0	4617.826738357544
35	-264.82254	10.934889	-247.46521	-287.7968	1000.0	-27.607756	1.038244	-23.015102	-29.0079	1440000	-0.0035410598	1.7193267	-0.006020064	-0.4148696	0.9093578	0.016326118	0.29815	2.5	4763.557240009308
36	-258.6147	11.088575	-238.75035	-280.1055	1000.0	-27.053	1.0359844	-22.65549	-28.51953	1480000	-0.0033987686	1.7950859	-0.0064277975	-0.47058988	0.9092489	0.01648927	0.26545	2.5	4915.909386873245
37	-255.02983	12.185626	-232.77287	-273.42383	1000.0	-26.448004	1.0493737	-22.131573	-27.914585	1520000	-0.002703391	1.3629719	-0.0030710907	-0.32597005	0.90910804	0.016524442	0.2618	2.0	5064.977473735809
38	-249.66751	12.572109	-224.34479	-270.239	1000.0	-25.945778	1.1202753	-21.623707	-27.412552	1560000	-0.0011406634	1.503812	-0.003049955	-0.344016	0.90896887	0.016919402	0.2632375	2.0	5222.857115030289
39	-245.52808	11.411216	-227.77435	-264.81808	1000.0	-25.408295	1.1832387	-21.142588	-26.977083	1600000	-0.0026892275	1.2886498	-0.002908603	-0.28354046	0.9088326	0.017491344	0.270325	2.0	5374.869401693344
40	-241.89375	11.773347	-224.51102	-265.03482	1000.0	-24.923944	1.1342863	-20.902966	-26.466812	1640000	-0.003315486	1.0111549	-0.0028007203	-0.19064677	0.9087099	0.020042086	0.2955375	2.0	5520.187285661697
41	-236.7336	11.017449	-219.76463	-255.2949	1000.0	-24.506285	1.1358774	-20.596838	-26.04116	1680000	-0.0037315134	1.1248624	-0.0030306699	-0.25830024	0.90859634	0.016763892	0.2704125	2.0	5681.065289735794
42	-232.66553	10.920483	-214.88602	-254.21465	1000.0	-24.019077	1.1156346	-20.16446	-25.537857	1720000	-0.00277468	1.1159502	-0.013243334	-0.23253301	0.908485	0.015743792	0.27428752	3.5	5830.070657014847
43	-230.3263	10.899209	-214.37775	-250.93721	1000.0	-23.547644	1.0680608	-19.915972	-25.024569	1760000	-0.0023420514	0.790958	-0.0050904844	-0.10781182	0.90828633	0.015370401	0.2470125	2.5	5991.238945484161
44	-228.86948	10.399167	-210.58693	-246.98343	1000.0	-23.215008	1.0617864	-19.637014	-24.640818	1800000	-0.0010765931	0.7177227	-0.0019265062	-0.057720467	0.90812945	0.016154071	0.2717	2.0	6134.994295835495
45	-225.98157	9.676965	-205.92516	-243.82167	1000.0	-22.999569	1.0153555	-19.473104	-24.27902	1840000	-0.025781572	0.69794565	-0.025536116	-0.07170124	0.90742373	0.014824895	0.24835	19.5	6286.323137044907
46	-223.49399	10.115542	-204.24805	-242.3181	1000.0	-22.73756	0.94832736	-19.371244	-23.981882	1880000	-0.025674941	0.7317698	-0.029030249	-0.07038772	0.9061307	0.014136179	0.27788752	20.5	6444.100103378296
47	-220.67632	10.040321	-201.47371	-236.2628	1000.0	-22.461712	0.94270533	-19.226004	-23.748842	1920000	-0.026952758	0.664604	-0.02549335	-0.06905556	0.9048269	0.015373591	0.24963751	19.5	6608.768629789352
48	-219.5975	9.052504	-204.23116	-237.5255	1000.0	-22.182198	0.9519694	-19.003834	-23.42998	1960000	-0.004626218	0.64061946	-0.0070725186	-0.035545293	0.9042036	0.0152284	0.22906251	3.0	6757.942845582962
49	-216.29391	8.996929	-200.51457	-232.58182	1000.0	-22.007757	0.8731419	-18.924612	-23.126343	2000000	-0.0028106067	0.68705297	-0.0066617774	-0.0659578	0.90407753	0.015068394	0.240575	2.5	6910.4691643714905
50	-214.54521	8.602885	-196.8818	-232.36792	1000.0	-21.730585	0.8536952	-18.719608	-22.876205	2040000	-0.02671393	0.58656335	-0.027725995	-0.038588673	0.9032549	0.014525485	0.2645625	20.0	7059.659587860107
51	-212.30327	8.483847	-196.42697	-227.8285	1000.0	-21.51399	0.82476574	-18.614803	-22.670115	2080000	-0.0017473754	0.5753862	-0.0063677253	-0.042551838	0.9024762	0.015542892	0.236375	2.5	7220.159654140472
52	-210.56607	8.159974	-197.19139	-227.46194	1000.0	-21.281254	0.80856663	-18.537111	-22.449076	2120000	-0.025446659	0.56101865	-0.031718254	-0.026001278	0.90175474	0.014041757	0.31586248	21.5	7369.2328226566315
53	-208.48189	8.33891	-193.44437	-226.61095	1000.0	-21.102608	0.7538923	-18.484938	-22.198872	2160000	-0.025562061	0.53706956	-0.025472231	-0.032828104	0.9002708	0.016648252	0.2536125	19.5	7532.635857343674
54	-205.60721	9.259794	-188.70325	-223.40424	1000.0	-20.893269	0.77906096	-18.33379	-22.071003	2200000	-0.0036680065	0.506436	-0.0039718472	-0.055994045	0.89940727	0.017156055	0.2366625	2.5	7696.811752319336
55	-204.73889	8.965673	-188.664	-221.96762	1000.0	-20.623299	0.8612476	-17.965622	-21.91934	2240000	-0.024876054	0.47733337	-0.029474117	-0.016275655	0.8987318	0.015317794	0.278125	19.5	7843.729511022568
56	-203.34167	9.110156	-188.81512	-222.00504	1000.0	-20.487497	0.8591488	-17.924816	-21.772358	2280000	-0.02833622	0.47702947	-0.026123526	-0.012367737	0.8971901	0.015286278	0.26465	19.5	8006.129191637039
57	-201.37076	7.59965	-189.81874	-216.73633	1000.0	-20.358418	0.86059463	-17.79846	-21.64489	2320000	-0.0037452914	0.45620185	-0.0039876457	-0.03711227	0.89618665	0.016102338	0.2327625	2.5	8163.784090518951
58	-199.21332	8.022721	-186.10938	-214.65273	1000.0	-20.162125	0.73640764	-17.876667	-21.295692	2360000	-0.027076652	0.44440717	-0.026204573	-0.035866313	0.8957723	0.016410496	0.26674998	19.5	8315.432408809662
59	-197.51581	7.304378	-185.04117	-212.52747	1000.0	-19.935543	0.7379643	-17.68197	-21.079098	2400000	-0.024703145	0.45492512	-0.025159061	-0.022781584	0.8945306	0.015694747	0.25383753	17.0	8464.11524605751
60	-195.82346	8.509074	-178.98201	-210.81339	1000.0	-19.759138	0.6993009	-17.557005	-20.796835	2440000	-0.02458469	0.4412049	-0.027579602	-0.020698398	0.8930664	0.015106149	0.26175	17.5	8608.922007799149
61	-194.47664	8.448196	-181.58505	-212.66115	1000.0	-19.595581	0.7964035	-17.288786	-20.772282	2480000	-0.027039291	0.3440768	-0.026307672	-0.013992447	0.8916866	0.014913249	0.27617502	19.5	8761.976744890213
62	-192.89932	8.354353	-178.62599	-208.72545	1000.0	-19.453959	0.81775886	-17.237913	-20.697075	2520000	-0.024974918	0.41546893	-0.025768513	-0.01914462	0.8901047	0.015309848	0.26911253	17.5	8907.927822351456
63	-191.0427	7.091745	-178.39864	-205.83963	1000.0	-19.296473	0.7921244	-17.067886	-20.466948	2560000	-0.025969787	0.41136026	-0.030056396	-0.03047074	0.8887117	0.016540602	0.2915125	18.0	9052.84994649887
64	-189.81688	7.296893	-177.90158	-204.04752	1000.0	-19.097116	0.6711562	-17.075682	-20.108076	2600000	-0.0019912533	0.38179612	-0.0025385006	-0.010517929	0.8880099	0.01582442	0.24341251	2.0	9208.709288358688
65	-188.64719	7.644095	-176.0145	-203.13834	1000.0	-18.988623	0.68124425	-17.081238	-20.041828	2640000	-0.026127234	0.3600995	-0.03109439	-0.0111127235	0.887187	0.016483268	0.31257498	19.0	9353.675189256668
66	-186.58356	8.100297	-172.76352	-202.77321	1000.0	-18.853836	0.7141491	-16.895884	-19.916607	2680000	-0.002361128	0.394126	-0.014819814	-0.020536948	0.88632005	0.01568335	0.2589125	3.5	9498.661747694016
67	-186.6793	7.417987	-173.86307	-201.62347	1000.0	-18.66474	0.7363248	-16.738562	-19.800245	2720000	-0.0016178526	0.37117583	-0.012461246	-0.0026233755	0.8861685	0.016565029	0.26493752	3.5	9656.856946229935
68	-185.52477	6.724631	-174.25284	-197.82857	1000.0	-18.657492	0.7077608	-16.768982	-19.759008	2760000	0.0008359235	0.32204658	-0.014700369	-0.00948219	0.88605964	0.016637651	0.2952125	3.5	9807.70623588562
69	-186.3341	7.584884	-172.86028	-200.00957	1000.0	-18.538279	0.6612051	-16.731764	-19.542564	2800000	-0.001385551	0.35868293	0.00014199398	-0.0040471777	0.88579214	0.016213102	0.25916252	1.5	9961.668437242508
70	-185.43329	6.572467	-175.37462	-198.2659	1000.0	-18.603642	0.72217435	-16.754417	-19.709345	2840000	-0.025068352	0.3072064	-0.025642851	-0.008286875	0.88516647	0.015226637	0.26801252	17.5	10120.834858894348
71	-182.90413	6.988197	-171.92581	-197.40274	1000.0	-18.535856	0.62550515	-16.876772	-19.517576	2880000	-0.028587429	0.35451674	-0.031472903	-0.03533607	0.88404465	0.015173435	0.316175	21.0	10280.455527067184
72	-182.51486	7.1865916	-168.2556	-195.5679	1000.0	-18.281168	0.65781397	-16.512035	-19.244375	2920000	-0.026894063	0.3273931	-0.02948982	-0.006022528	0.8828224	0.016041994	0.294075	18.5	10435.171769857407
73	-180.87878	6.492889	-169.5953	-193.42258	1000.0	-18.230944	0.6593267	-16.572836	-19.236135	2960000	-0.023675378	0.2927491	-0.024390701	-0.013580278	0.88132864	0.015384958	0.24882501	15.5	10586.387260913849
74	-179.74107	7.218269	-166.04836	-194.34654	1000.0	-18.068949	0.61893785	-16.458063	-18.995087	3000000	-0.025831766	0.3240385	-0.033016656	-0.0059148706	0.8798251	0.01543298	0.3273	19.5	10724.79140162468
75	-178.5837	7.9437957	-165.26076	-193.58429	1000.0	-17.953518	0.6632315	-16.291615	-18.93794	3040000	-0.02327887	0.32849514	-0.023938738	-0.014965717	0.8785738	0.016007297	0.2526	15.0	10868.954169988632
76	-176.37439	6.0021825	-166.03473	-187.10046	1000.0	-17.823278	0.7676615	-16.087746	-19.009394	3080000	-0.02624835	0.34392548	-0.024972964	-0.03527182	0.8775464	0.015291927	0.257925	16.0	11029.563749074936
77	-176.49654	6.987962	-166.04085	-190.67992	1000.0	-17.636078	0.5836133	-16.1052	-18.514343	3120000	-0.023727803	0.32772532	-0.02437045	-0.0050121453	0.87664765	0.016621418	0.2594625	15.0	11186.879112482071
78	-174.84985	7.2661633	-162.65775	-187.8705	1000.0	-17.609638	0.6504195	-16.04014	-18.62778	3160000	-0.0047170445	0.348535	-0.0045959586	-0.015573926	0.8762462	0.016974585	0.2323125	2.5	11330.016157388687
79	-173.07361	7.559454	-161.03339	-187.2804	1000.0	-17.491257	0.66559136	-16.000984	-18.543114	3200000	-0.023173235	0.29265308	-0.02680263	-0.024815828	0.8755872	0.015133161	0.25065002	15.5	11479.666042804718
80	-172.35092	6.6972513	-161.83154	-185.66092	1000.0	-17.290688	0.72951657	-15.689937	-18.435602	3240000	-0.024451172	0.29569885	-0.024469728	-0.009457815	0.8743016	0.017202947	0.25895	15.0	11638.90393948555
81	-170.94409	7.3997307	-159.7806	-187.32611	1000.0	-17.210266	0.6289168	-15.735457	-18.200788	3280000	-0.0254457	0.2894073	-0.02731459	-0.010183737	0.87325335	0.015649803	0.2713125	16.0	11780.023610830307
82	-170.14474	6.907128	-157.9666	-183.70595	1000.0	-17.076786	0.6625972	-15.653085	-18.152882	3320000	-0.025495198	0.25863728	-0.024471555	-0.007999219	0.8723701	0.015616471	0.26278752	15.0	11921.43033528328
83	-168.61075	7.260616	-155.7622	-183.79611	1000.0	-16.976362	0.65387523	-15.539828	-17.993948	3360000	-0.02328232	0.23713693	-0.026931077	-0.01114824	0.87171423	0.015639838	0.25660002	14.5	12061.682235479355
84	-168.09879	7.2998004	-155.98819	-182.84647	1000.0	-16.86392	0.6978096	-15.369221	-17.96072	3400000	-0.024906546	0.24170461	-0.024350207	-0.0025021397	0.8712388	0.018590454	0.25581253	14.5	12219.266450166702
85	-167.94583	7.0614204	-157.76714	-182.42963	1000.0	-16.804375	0.69785297	-15.29957	-17.883883	3440000	-0.02503626	0.2777553	-0.026715321	-0.0022345856	0.87041795	0.015392187	0.258775	14.0	12378.653520584106
86	-165.73276	6.6015506	-155.58061	-177.97984	1000.0	-16.77123	0.6800347	-15.291096	-17.794222	3480000	-0.02362061	0.28226954	-0.023210248	-0.022215277	0.86927223	0.016335107	0.2437875	13.5	12539.778994083405
87	-164.72226	6.433359	-155.3678	-177.88094	1000.0	-16.583902	0.6051343	-15.262931	-17.516497	3520000	-0.023606937	0.2204538	-0.029157607	-0.0076604914	0.86824554	0.015696483	0.29975	15.5	12676.075765132904
88	-163.8775	7.0898743	-152.17155	-179.82823	1000.0	-16.462547	0.6268982	-15.123486	-17.418343	3560000	-0.024897266	0.26816744	-0.027727757	-0.007667305	0.86717135	0.016019162	0.281925	14.0	12825.59466099739
89	-162.82672	6.580726	-151.7445	-177.24342	1000.0	-16.36745	0.6580034	-14.969848	-17.374495	3600000	-0.025321119	0.25990528	-0.029419186	-0.01264517	0.86613315	0.015452896	0.2941125	15.5	12981.634501457214
90	-162.21902	7.0517373	-149.87924	-175.78717	1000.0	-16.27358	0.6173165	-15.041559	-17.238161	3640000	-0.0030260906	0.22658658	-0.0028047985	-0.0050295405	0.8655848	0.016249035	0.2333	2.0	13133.076748132706
91	-162.01868	7.3167405	-150.37274	-176.72401	1000.0	-16.220772	0.6780901	-14.863518	-17.258652	3680000	-0.021506201	0.20479342	-0.02253665	-0.002289122	0.8649856	0.015227044	0.22463751	12.0	13292.474066257477
92	-161.08757	6.916858	-150.50957	-174.28717	1000.0	-16.172276	0.7122496	-14.82548	-17.273767	3720000	-0.023797475	0.24124631	-0.028500788	-0.004939189	0.8636193	0.015689459	0.27865	14.5	13447.822103977203
93	-159.56978	7.6945405	-147.76683	-176.22343	1000.0	-16.088406	0.65700203	-14.8281	-17.121063	3760000	-0.022209903	0.25439808	-0.023134284	-0.012711974	0.86225235	0.015533687	0.23926249	13.0	13599.551997423172
94	-159.24947	7.6589622	-149.12944	-173.25389	1000.0	-15.945511	0.7148878	-14.63059	-17.033743	3800000	-0.023086555	0.19931033	-0.023562647	-0.0015268326	0.861062	0.016733775	0.24695	13.0	13765.195381641388
95	-158.44925	7.1080437	-148.75168	-172.77214	1000.0	-15.892617	0.73009413	-14.600541	-17.018206	3840000	-0.024353284	0.2264079	-0.026835542	-0.0031973124	0.859643	0.015288927	0.28167498	14.0	13908.377081394196
96	-157.10898	7.782671	-145.28467	-173.56808	1000.0	-15.829906	0.6856213	-14.612144	-16.90233	3880000	-0.025018401	0.22739549	-0.029584635	-0.01288932	0.8585454	0.015560711	0.29383752	16.0	14015.294053077698
97	-156.2068	7.0770464	-146.6506	-169.23515	1000.0	-15.682776	0.74187297	-14.337914	-16.8026	3920000	-0.022376873	0.19784826	-0.025812352	-0.0071948543	0.8579303	0.015602917	0.25521252	13.5	14123.120067358017
98	-154.6648	6.5099287	-145.13957	-167.04842	1000.0	-15.625301	0.69890326	-14.3888645	-16.738747	3960000	-0.023630662	0.19029185	-0.026744124	-0.015281996	0.8571984	0.015714936	0.2684125	14.0	14232.64970588684
