Epoch	AverageEpRet	StdEpRet	MaxEpRet	MinEpRet	EpLen	AverageVVals	StdVVals	MaxVVals	MinVVals	TotalEnvInteracts	LossPi	LossV	DeltaLossPi	DeltaLossV	Entropy	KL	ClipFrac	StopIter	Time
0	37.775047	2.4610403	42.270596	30.430346	974.975	0.1446277	0.12434018	0.5390946	-0.20177783	40000	3.4831464e-07	13.051086	-0.009793244	-12.092949	0.9189437	0.007610141	0.088075	79.0	10.169562578201294
1	41.924114	2.654018	46.426006	32.85524	981.825	3.3309305	0.3785337	4.37748	1.2932539	80000	-1.1175871e-08	17.712778	-0.0072238105	-17.337334	0.89778674	0.0058725094	0.06485	79.0	19.4390926361084
2	44.554207	2.745853	49.602448	35.08777	985.5	4.083549	0.28994006	4.864508	2.1933892	120000	-3.7252903e-09	20.242113	-0.008097112	-19.8933	0.880469	0.006323372	0.07385	79.0	28.923203229904175
3	47.417282	2.5214927	53.004215	41.318245	987.0	4.374829	0.2584769	5.0146775	1.7975943	160000	-2.7939677e-09	22.907536	-0.009163518	-22.559036	0.86572325	0.006244	0.080825	79.0	42.39253044128418
4	50.06425	3.2293775	54.785122	40.126015	980.625	4.6572895	0.31249565	5.271463	0.55115145	200000	2.4447218e-09	25.478504	-0.0087563	-25.089542	0.844418	0.0069862925	0.07685	79.0	51.262831926345825
5	54.248333	2.792869	60.858784	46.98726	985.675	4.925342	0.3955896	5.7213173	-0.71940666	240000	1.2572855e-08	29.55425	-0.008856385	-29.146563	0.8236081	0.007060679	0.077250004	79.0	60.76977491378784
6	56.148193	4.620323	62.70072	42.514996	968.2	5.2827907	0.50290245	6.133433	-0.7795972	280000	1.5133992e-08	32.393143	-0.009260711	-31.939205	0.80125237	0.0083961	0.07755	79.0	70.54099988937378
7	62.38627	4.0941343	71.56608	49.118332	982.575	5.6051607	0.49703875	6.6175675	-0.2378726	320000	-1.0244548e-08	39.23095	-0.009562166	-38.77011	0.77709794	0.007735524	0.081324995	79.0	79.32078814506531
8	66.95629	3.769036	74.23162	58.535152	983.6	6.124874	0.527564	7.0035954	-0.8306232	360000	-3.1664968e-08	45.176582	-0.009499339	-44.665745	0.75315356	0.007780162	0.078975	79.0	89.74561667442322
9	70.47246	4.0702195	78.16338	60.088676	989.1	6.588622	0.5618216	7.4905205	-0.65936065	400000	1.1175871e-08	49.615013	-0.0092107495	-49.054737	0.730271	0.007290622	0.075925	79.0	99.42280530929565
10	74.08498	6.124729	82.9778	59.959816	973.275	6.865834	0.7707073	8.02873	-0.7778981	440000	3.7252903e-09	55.833153	-0.009311016	-55.11515	0.70686674	0.006643343	0.0737	79.0	108.31689643859863
11	78.26576	4.316377	87.097786	62.482643	982.75	7.295552	0.86106604	8.60305	-0.45214453	480000	2.2351742e-08	61.049755	-0.009127278	-60.37333	0.68507737	0.006822164	0.07445	79.0	118.81714081764221
12	85.957924	4.8676867	94.712494	72.00507	989.525	7.680188	0.7731347	8.833859	-0.20846453	520000	-1.3038516e-08	72.60967	-0.009501863	-71.76836	0.66341925	0.008075099	0.0751	79.0	127.86529636383057
13	89.73848	4.8254166	101.12507	76.45771	987.45	8.35599	0.96217924	9.478544	-0.37962222	560000	4.656613e-09	79.93103	-0.009403145	-79.00419	0.6388558	0.0069889785	0.07619999	79.0	136.38494729995728
14	95.67675	5.8043084	104.09191	78.648796	984.2	8.7679	0.9567371	9.9914665	-0.19844294	600000	6.519258e-09	91.39987	-0.008959078	-90.41838	0.61389256	0.006424774	0.0719	79.0	146.59387493133545
15	98.774536	6.563881	114.800415	79.2376	976.75	9.327617	1.1474646	10.495023	-0.086004645	640000	1.3969839e-09	98.45654	-0.009496117	-97.341736	0.5927952	0.0067351675	0.075325	79.0	155.7798388004303
16	107.07644	4.044865	116.61995	98.44469	992.525	9.872234	0.86446303	10.875507	0.4794829	680000	-4.656613e-09	113.33026	-0.008632969	-112.18611	0.5719486	0.007587172	0.069299996	79.0	165.41248559951782
17	112.60425	8.125288	126.36434	77.8531	988.95	10.40394	1.1276246	11.514797	-0.63683325	720000	1.4901161e-08	125.85978	-0.008854	-124.13469	0.54992914	0.007084012	0.071624994	79.0	174.95112466812134
18	117.96999	6.9809785	131.65402	100.61877	989.425	11.05035	1.0726783	12.191659	-0.07906343	760000	3.259629e-09	139.53923	-0.00737819	-137.98929	0.5296529	0.004775008	0.056625	79.0	183.66767930984497
19	123.003006	7.7000656	134.79424	103.21134	982.125	11.537745	1.3941644	12.814392	0.06311458	800000	-2.7939677e-09	151.80817	-0.009034138	-150.03674	0.51244843	0.0062374235	0.06735	79.0	194.13682579994202
20	126.998245	9.651879	144.0869	95.15789	978.125	12.115261	1.3906528	13.516452	0.0926545	840000	-3.7252903e-09	162.45786	-0.008232633	-160.6861	0.49065945	0.007225304	0.063175	79.0	203.53405332565308
21	133.33298	10.105789	150.41304	108.82905	981.35	12.51291	1.4781517	14.008559	-0.11321691	880000	7.450581e-09	179.15417	-0.00843706	-176.82155	0.4695143	0.0076703783	0.067475	79.0	212.503333568573
22	138.92136	9.209536	154.81244	113.91771	979.4	13.066102	1.7803663	14.7383995	0.33203477	920000	1.3038516e-08	192.25851	-0.009362242	-189.8352	0.44653803	0.0072195367	0.073475	79.0	222.7842743396759
23	147.33322	11.139071	168.86595	118.17288	985.875	13.775087	1.4321991	15.318959	0.46909863	960000	1.5832484e-08	218.7229	-0.007840904	-215.63766	0.4218235	0.006394121	0.056900002	79.0	232.00632405281067
24	152.80772	13.28626	169.776	103.92814	978.275	14.495014	1.6428888	16.099998	-0.2631746	1000000	2.9802322e-08	238.19495	-0.007943822	-234.81291	0.39902937	0.0055643683	0.061199997	79.0	240.56070733070374
25	156.85242	12.561758	175.96127	126.40536	975.0	15.122306	1.862111	16.908451	0.0107007325	1040000	9.313226e-10	251.97684	-0.0073817763	-248.3322	0.38009337	0.0064541213	0.058825	79.0	250.71980047225952
26	164.37991	14.708501	184.8974	110.29436	983.0	15.520259	2.0099392	17.359686	0.49906635	1080000	4.656613e-10	274.06937	-0.007921103	-269.4418	0.35984522	0.006856717	0.06655	79.0	259.62404465675354
27	171.28972	12.894711	190.44226	132.06732	988.675	16.392855	1.7551316	18.132965	-0.16138858	1120000	1.3038516e-08	296.42316	-0.008047567	-291.897	0.34036797	0.0065948535	0.062300004	79.0	268.45094323158264
28	176.57104	11.277887	202.8137	147.34157	987.35	16.773392	2.068078	18.745993	-0.48225608	1160000	-1.8626451e-09	313.51212	-0.007693122	-308.52563	0.31765175	0.006302394	0.0671	79.0	278.4137854576111
29	180.85652	13.376429	203.22455	145.38335	986.625	17.302612	2.1393414	19.139238	0.37421882	1200000	2.7939677e-09	330.1329	-0.008105541	-324.9017	0.3014173	0.006376635	0.060850002	79.0	285.944495677948
30	189.17616	14.685434	215.3338	145.84924	980.0	17.980173	1.9497755	19.749376	-0.103471905	1240000	2.2351742e-08	366.08197	-0.0076804385	-360.60727	0.28342244	0.0061729215	0.058650002	79.0	296.3101718425751
31	197.464	13.8400755	235.4165	156.9932	987.225	18.73619	2.199539	20.709866	0.12967347	1280000	-1.1175871e-08	390.5408	-0.006632246	-384.15405	0.26330534	0.0059234733	0.0496	79.0	303.8757655620575
32	200.32768	12.31797	222.92993	173.10216	978.85	19.25038	2.6128597	21.57372	-0.07334411	1320000	-1.8626451e-09	403.1809	-0.0075148293	-396.19366	0.24764766	0.0051592393	0.0607	79.0	313.68522453308105
33	202.1705	16.20676	228.55919	148.97943	981.1	19.554216	2.8238306	22.045134	-0.024603963	1360000	-2.7939677e-09	410.7196	-0.0075977575	-403.56787	0.2286319	0.004745544	0.054624997	79.0	323.18907713890076
34	209.98042	15.926111	241.52205	178.62354	988.175	20.052015	2.5648475	22.4734	-0.40906405	1400000	1.4901161e-08	444.8792	-0.0074180197	-436.98892	0.21356875	0.004933631	0.056950003	79.0	332.749813079834
35	213.64273	16.2558	254.38634	179.63356	978.725	20.553278	2.7675662	22.935675	-0.55386156	1440000	7.450581e-09	460.6635	-0.0073020384	-452.30972	0.19391134	0.006464118	0.055775	79.0	343.22846364974976
36	218.64816	17.931793	248.2252	183.241	961.775	20.82536	3.2372186	23.84648	-0.45450702	1480000	-4.5401976e-09	500.02612	-0.007954966	-490.35745	0.17322049	0.005623571	0.061449997	79.0	352.7312822341919
37	226.19156	17.378757	262.50937	186.84825	971.575	21.648376	3.73135	24.970512	-0.030649722	1520000	3.7252903e-09	518.3228	-0.008023684	-508.83374	0.15276258	0.005686881	0.06305	79.0	361.33668279647827
38	233.18779	19.596989	275.0879	192.09135	972.7	22.555435	3.043815	25.455824	0.16495138	1560000	-1.4202669e-08	559.9403	-0.0077343094	-549.5757	0.13633564	0.0060235998	0.05965	79.0	372.05179953575134
39	242.24768	19.338406	271.8113	182.65923	987.55	23.181791	2.9682088	25.990202	-0.45914382	1600000	-7.916242e-09	587.67334	-0.0075882203	-576.1421	0.11544114	0.0055813557	0.057075	79.0	381.3382863998413
40	250.86703	22.445408	294.52185	197.53519	978.4	23.493965	3.7073183	26.822113	-0.8818965	1640000	-2.7939677e-09	634.8622	-0.007518801	-621.72156	0.09831684	0.0056975726	0.059025	79.0	390.0418667793274
41	251.89848	23.180721	299.1965	198.81401	972.025	24.545824	3.788488	27.92793	-0.02165705	1680000	-1.8626451e-09	651.8574	-0.0070604123	-639.04803	0.08022878	0.0051582973	0.054125	79.0	399.4352307319641
42	262.8062	22.03459	300.98206	192.2041	980.075	24.95721	3.8344243	28.36458	-0.1290212	1720000	9.313226e-10	694.14764	0.0042522615	-679.42017	0.06360897	0.015547755	0.2388	10.0	405.53117537498474
43	261.84204	22.189959	306.47388	206.04948	985.0	25.845144	3.6313126	29.323135	-0.4746017	1760000	0.0	698.7096	-0.007324025	-683.4413	0.06143059	0.005760452	0.0588	79.0	415.2460103034973
44	274.5933	21.836452	326.6347	233.1076	985.725	25.973015	3.3546526	29.215921	-0.7828388	1800000	1.1175871e-08	763.9895	-0.0071683424	-745.818	0.04385202	0.006475942	0.056525	79.0	424.01589035987854
45	278.4365	21.023573	316.3283	223.63225	971.875	26.845366	3.971205	30.555513	-0.6478237	1840000	-2.7939677e-09	808.57556	-0.007192052	-790.2512	0.029267821	0.005836316	0.0577	79.0	435.7733404636383
46	285.69635	22.866762	325.0062	232.43764	977.55	27.614471	4.2271996	31.723524	-0.0018514693	1880000	-9.313226e-09	831.1	-0.007975522	-812.111	0.012092809	0.005107331	0.06385	79.0	445.5333607196808
47	294.35843	27.321438	347.98126	229.15802	981.525	28.26098	3.9153605	32.16419	0.25945014	1920000	1.3038516e-08	880.3107	-0.008193558	-858.1843	-0.009932874	0.005703533	0.064025	79.0	455.73828315734863
48	295.93378	21.239452	329.96136	255.33553	980.325	28.72738	4.587088	33.16724	-0.41185617	1960000	-7.450581e-09	899.51794	-0.0070051043	-879.9386	-0.03083792	0.005529621	0.05585	79.0	465.80000138282776
49	311.91562	27.120966	354.9925	233.93253	986.1	29.512575	3.9785001	33.632927	-0.15120983	2000000	-1.8626451e-09	984.6709	0.009686418	-960.7856	-0.047313333	0.022322105	0.283925	6.0	473.49340081214905
50	309.51328	31.115467	398.95804	213.46045	983.85	30.595987	4.3401046	35.072327	0.5808543	2040000	-9.313226e-09	998.095	-0.0082877055	-969.99457	-0.048429247	0.005923392	0.06635	79.0	482.5953788757324
51	317.93628	30.572386	386.9205	248.4279	986.9	30.896082	4.0617313	35.191986	-0.6690354	2080000	1.8626451e-09	1050.9653	-0.006834425	-1019.28613	-0.07161138	0.005362638	0.0558	79.0	492.98808431625366
52	333.6055	21.992342	390.3219	288.08655	984.65	31.415087	4.692591	35.816048	0.23243904	2120000	2.7939677e-09	1140.6057	-0.0068068234	-1109.4802	-0.087752864	0.004350936	0.051925	79.0	502.46655678749084
53	339.26285	25.428997	403.3598	284.643	968.425	32.67925	5.056181	37.79242	0.091153115	2160000	-1.21071935e-08	1202.6334	0.005465322	-1170.7249	-0.10300463	0.016122878	0.216375	22.0	509.90227723121643
54	341.56317	35.261948	400.93958	257.0493	992.975	33.98729	4.470696	38.871567	0.43195203	2200000	9.313226e-09	1181.5616	-0.007560551	-1143.5522	-0.108911395	0.004908885	0.058624998	79.0	520.1074950695038
55	349.68915	37.480484	437.97327	254.6966	990.575	33.58041	4.4578404	38.43465	-0.045372784	2240000	-1.0244548e-08	1257.377	-0.0074596573	-1217.8646	-0.12939523	0.006023079	0.0601	79.0	529.0573391914368
56	355.40802	28.745604	409.20087	293.0758	992.975	34.665924	4.2272973	39.596992	0.46256906	2280000	4.656613e-10	1301.7487	-0.006910083	-1268.1538	-0.14581552	0.0045808805	0.05455	79.0	538.7202286720276
57	359.47144	35.984276	446.06277	293.0369	968.35	34.921146	5.2137866	40.403988	-0.5123105	2320000	-2.3283064e-09	1371.807	-0.0075892895	-1330.9143	-0.1617173	0.006065161	0.060625	79.0	548.2683162689209
58	360.42874	34.928185	466.18683	298.45926	977.15	35.62717	5.9009824	41.54682	-0.6847546	2360000	1.5366822e-08	1364.5845	-0.007576256	-1321.1252	-0.18070287	0.0052828994	0.0626	79.0	557.0761821269989
59	384.09076	37.338093	473.8858	305.9412	981.675	36.219944	5.270773	41.41183	-0.6908734	2400000	-2.7939677e-09	1538.4604	-0.0073086647	-1484.6843	-0.19784878	0.005236614	0.0544	79.0	566.6439907550812
