Epoch	AverageEpRet	StdEpRet	MaxEpRet	MinEpRet	EpLen	AverageVVals	StdVVals	MaxVVals	MinVVals	TotalEnvInteracts	LossPi	LossV	DeltaLossPi	DeltaLossV	Entropy	KL	ClipFrac	StopIter	Time
0	-649.9619	35.352062	-602.0894	-715.4154	1000.0	-2.22515	0.25267762	-0.92341614	-3.0758898	40000	-0.012925535	2666.0625	-0.018245744	-970.9666	0.9145003	0.015711013	0.256975	5.0	89.65755772590637
1	-629.2081	37.865135	-585.8318	-701.5203	1000.0	-23.813326	0.41802555	-18.24633	-24.277195	80000	-0.010694414	1141.3755	-0.011100585	-290.6164	0.91430336	0.015565474	0.2807625	3.5	181.95720672607422
2	-607.4829	38.852512	-571.19147	-680.65265	1000.0	-33.537655	0.563834	-27.455393	-34.184578	120000	-0.009506509	562.2307	-0.008692687	-132.7729	0.91417336	0.01787113	0.26635	2.5	274.2694356441498
3	-581.6291	36.34946	-535.62964	-651.6526	1000.0	-39.860706	0.7593813	-33.833336	-40.980095	160000	-0.010370806	258.2138	-0.008569708	-60.878113	0.91407025	0.017483704	0.250225	2.0	366.9070146083832
4	-558.26697	36.84135	-518.215	-627.0389	1000.0	-44.140373	1.0053254	-38.26952	-45.772984	200000	-0.0064034015	108.98573	-0.0081070475	-25.979536	0.9139768	0.021030111	0.322825	2.0	460.5618269443512
5	-529.5353	34.930637	-499.72043	-599.0893	1000.0	-46.955624	1.3489288	-41.078735	-49.220325	240000	-0.0066758394	31.220339	-0.007948358	-7.5473537	0.91388875	0.020932628	0.3478625	2.0	574.3748331069946
6	-503.2365	32.133366	-472.31375	-564.7618	1000.0	-48.484844	1.6916075	-42.5014	-51.370125	280000	-0.009105176	5.720742	-0.008914601	-1.0840625	0.9137907	0.016590483	0.25355	1.5	689.3500015735626
7	-484.22647	30.09538	-452.32516	-545.37054	1000.0	-48.995995	2.0079107	-42.965782	-52.443447	320000	-0.0062443763	2.5203996	-0.0063985744	-0.2814499	0.91366374	0.01941466	0.3418125	1.5	804.7304923534393
8	-464.75458	26.882917	-438.8893	-515.7823	1000.0	-48.86711	2.248017	-42.79598	-52.747265	360000	-0.0056951344	5.7118225	-0.005794337	-1.2077584	0.91351557	0.02266942	0.35025	1.5	921.4403078556061
9	-447.9358	21.492462	-425.77286	-496.55453	1000.0	-48.222942	2.4040377	-42.17541	-52.378403	400000	-0.0063625546	10.054218	-0.0049541583	-2.5588288	0.9133525	0.025516842	0.36013752	1.5	1037.0033357143402
10	-433.3105	15.241259	-413.79498	-468.25226	1000.0	-47.234028	2.4102015	-41.213657	-51.39939	440000	-0.0044841245	13.055103	-0.0035747783	-3.477286	0.9131739	0.024656326	0.341275	1.5	1153.0770335197449
11	-421.86493	13.248854	-404.26038	-446.7666	1000.0	-46.0776	2.2442892	-40.187473	-49.951836	480000	-0.0036083013	12.9366	-0.0039031357	-3.6145186	0.91298807	0.019287301	0.31023753	1.5	1270.6705794334412
12	-410.99658	12.541152	-382.6913	-435.18863	1000.0	-44.875603	2.0450764	-39.12918	-48.387337	520000	-0.004882425	12.428407	-0.004719933	-3.5630805	0.9127935	0.019055564	0.2896	1.5	1385.6076273918152
13	-398.69305	12.245801	-375.95886	-419.9266	1000.0	-43.65461	1.8509971	-38.03684	-46.79973	560000	-0.003566496	11.912229	-0.0047499733	-3.588686	0.91259944	0.01878361	0.289375	1.5	1501.8814907073975
14	-388.48578	14.76933	-365.59622	-415.31207	1000.0	-42.38652	1.7114124	-36.9651	-45.25453	600000	-0.004496294	9.953974	-0.004740212	-3.1340969	0.91242135	0.021504331	0.29506248	1.5	1617.6616702079773
15	-378.1911	15.431217	-355.20184	-404.93237	1000.0	-41.154774	1.6866666	-35.792988	-43.923565	640000	-0.0049130656	9.090851	-0.0047210148	-2.8850336	0.9122529	0.019389737	0.292775	1.5	1732.8579790592194
16	-367.07156	14.356571	-346.5529	-397.34866	1000.0	-39.940033	1.693383	-34.749233	-42.69757	680000	-0.0055970997	8.479315	-0.004567851	-2.7339673	0.912078	0.020720799	0.31782502	1.5	1847.5254125595093
17	-358.49994	15.707456	-335.8439	-387.93555	1000.0	-38.73392	1.6632816	-33.68532	-41.431286	720000	-0.0049300045	7.0034738	-0.0037403256	-2.3059597	0.9118911	0.023565222	0.336375	1.5	1962.9167592525482
18	-347.21542	20.400604	-322.1812	-383.80157	1000.0	-37.6001	1.6816334	-32.731594	-40.296494	760000	-0.003152728	6.742119	-0.0036151214	-2.3292975	0.9116982	0.020663932	0.31875	1.5	2078.1039168834686
19	-336.9328	21.02147	-308.01392	-377.15335	1000.0	-36.441113	1.8574883	-31.553738	-39.369953	800000	-0.0036707595	6.261403	-0.003430259	-2.196868	0.9115094	0.017641101	0.3034125	1.5	2194.1255264282227
20	-326.23184	22.267365	-295.16534	-367.5036	1000.0	-35.287357	2.0194156	-30.364565	-38.46766	840000	-0.003031902	5.977579	-0.003545516	-2.0990057	0.91131973	0.021355387	0.3161875	1.5	2309.4102330207825
21	-316.34317	22.984402	-287.1581	-359.78802	1000.0	-34.132057	2.1491938	-29.191208	-37.53166	880000	-0.0037769713	5.1311765	-0.0031316376	-1.8818898	0.9111148	0.021742534	0.31989998	1.5	2426.4108119010925
22	-308.85837	26.137732	-271.3599	-354.15826	1000.0	-33.01445	2.2675073	-28.087835	-36.617264	920000	-0.0025971308	4.1503763	-0.0027743645	-1.4197938	0.9109105	0.020808026	0.31203753	1.5	2543.778978586197
23	-299.96085	28.143726	-260.66104	-350.29907	1000.0	-32.039383	2.4552536	-26.907606	-35.873333	960000	-0.0032667033	3.6869893	-0.0025944393	-1.3518442	0.91072476	0.020194042	0.295275	1.5	2658.5825412273407
24	-293.01523	30.382998	-258.11963	-348.74924	1000.0	-31.068241	2.6571403	-25.804127	-35.260265	1000000	-0.002652306	3.0368962	-0.0027732542	-1.0781028	0.9105397	0.018581437	0.3085125	1.5	2767.411032676697
25	-285.24106	31.346302	-244.8278	-338.6853	1000.0	-30.182985	2.8711417	-24.892082	-34.76845	1040000	-0.0016532727	2.7013824	-0.0025328272	-0.93076634	0.9103416	0.02093951	0.31419998	1.5	2862.4279642105103
26	-279.14862	32.27868	-244.26617	-336.18567	1000.0	-29.340256	3.0191364	-24.104263	-34.181034	1080000	-0.00328332	2.200369	-0.002295608	-0.71568143	0.910131	0.020153522	0.30655003	1.5	2956.646367073059
27	-271.3671	33.263832	-235.59964	-334.72577	1000.0	-28.587963	3.14257	-23.386957	-33.705738	1120000	-0.0036738142	2.3275738	-0.0021957238	-0.73960364	0.9099144	0.016883593	0.29751253	1.5	3050.4152135849
28	-267.7945	34.14618	-228.86908	-330.6338	1000.0	-27.80363	3.2619793	-22.631742	-33.144314	1160000	-0.0021142215	1.438742	-0.0019818977	-0.37646353	0.90969706	0.01758767	0.28951252	1.5	3144.090414047241
29	-262.8453	35.13741	-226.61406	-331.01477	1000.0	-27.233097	3.3667758	-22.067352	-32.78258	1200000	-0.002644429	1.4242792	-0.0022609262	-0.3521288	0.9094741	0.019303588	0.2719875	1.5	3237.2997341156006
30	-258.05933	35.378498	-222.81453	-324.62592	1000.0	-26.683031	3.4425013	-21.70039	-32.42748	1240000	-0.0021336102	1.166969	-0.002195022	-0.29303566	0.90925384	0.020057598	0.2943625	1.5	3330.0250239372253
31	-254.65752	35.585175	-213.75323	-323.4377	1000.0	-26.163078	3.5144954	-21.240744	-32.065033	1280000	-0.0015446413	1.1445746	-0.0020257006	-0.22199455	0.90904754	0.01844622	0.23795	1.5	3423.5424299240112
32	-250.27034	35.717808	-210.56593	-317.73303	1000.0	-25.723742	3.5573707	-20.747868	-31.715618	1320000	-0.0010589771	1.1889675	-0.0022175973	-0.20319657	0.90885043	0.018105142	0.26177502	1.5	3516.465648651123
33	-248.99503	37.486145	-211.67566	-320.0892	1000.0	-25.29062	3.5684018	-20.419802	-31.333694	1360000	-0.002381323	0.8798696	-0.016161744	-0.09101964	0.90861344	0.018464278	0.2866375	3.5	3609.6725897789
34	-247.62003	35.308357	-210.23975	-312.63788	1000.0	-25.019882	3.6822896	-20.138561	-31.276663	1400000	0.0003014505	0.7304462	9.6955395e-05	-0.035838753	0.908128	0.016410293	0.25730002	1.5	3703.3460726737976
35	-247.76157	34.86579	-213.85196	-310.60458	1000.0	-24.850138	3.605392	-20.088497	-30.983685	1440000	-0.0019306932	0.7526316	-0.0034779494	-0.009757698	0.90787065	0.015859477	0.24626249	2.0	3796.3208837509155
36	-244.43784	36.135567	-204.08682	-312.48505	1000.0	-24.783102	3.5307221	-20.12604	-30.789322	1480000	-0.0047252337	0.76771486	-0.003885361	-0.053223867	0.907607	0.016034286	0.2241625	2.0	3889.6083810329437
37	-243.49252	34.65485	-206.62071	-309.2246	1000.0	-24.555176	3.579621	-19.887299	-30.644373	1520000	-0.0253525	0.73781157	-0.029213514	-0.049771637	0.9067416	0.015725257	0.292325	15.5	3983.6660149097443
38	-238.76804	33.941753	-201.34166	-302.84705	1000.0	-24.393167	3.4941323	-19.799307	-30.325308	1560000	-0.025606524	0.83313566	-0.030371739	-0.11073722	0.90491486	0.016721133	0.301775	16.5	4076.9732966423035
39	-235.86044	35.26557	-200.05638	-303.33255	1000.0	-24.040937	3.4288814	-19.48309	-29.84611	1600000	-0.0251186	0.7688672	-0.025093239	-0.08515534	0.9034373	0.015946357	0.266	15.5	4171.218529224396
40	-233.4479	34.061687	-198.89502	-294.96344	1000.0	-23.71594	3.4934418	-19.224045	-29.65181	1640000	-0.024856955	0.77833915	-0.03015095	-0.075768925	0.9023313	0.015829798	0.2843375	16.0	4267.014266967773
41	-230.79752	34.329723	-195.69366	-297.02948	1000.0	-23.426811	3.4448488	-19.046597	-29.275537	1680000	-0.022735761	0.794356	-0.023028139	-0.05792637	0.9011668	0.015704086	0.2306	13.0	4359.744096279144
42	-228.33728	33.729855	-195.55089	-292.14334	1000.0	-23.15795	3.414436	-18.819212	-28.961325	1720000	-0.025028786	0.6191629	-0.02486719	-0.04571693	0.90006125	0.01571523	0.2599125	15.0	4453.012440919876
43	-225.49292	32.59807	-193.24214	-284.62488	1000.0	-22.908897	3.393721	-18.682093	-28.68096	1760000	-0.024249202	0.6991436	-0.025187805	-0.07592048	0.8986888	0.015906751	0.26125002	15.0	4545.8920838832855
44	-223.8241	32.701897	-189.66702	-282.7353	1000.0	-22.614958	3.3084795	-18.403147	-28.207022	1800000	-0.02346325	0.58136773	-0.02597483	-0.03121423	0.89747185	0.01591124	0.24400002	13.5	4639.12886929512
45	-221.29538	32.099785	-189.02768	-279.55127	1000.0	-22.414347	3.274382	-18.175581	-27.926252	1840000	-0.02318573	0.5878904	-0.023679622	-0.048923954	0.89637315	0.015953774	0.2372	13.0	4732.217041015625
46	-219.02861	31.539993	-185.60992	-277.27795	1000.0	-22.180653	3.2216518	-18.074293	-27.631157	1880000	-0.024693798	0.6244086	-0.025811277	-0.046126485	0.8953972	0.015419038	0.24411249	13.0	4825.047922849655
47	-217.61853	30.89282	-184.38217	-274.9295	1000.0	-21.938862	3.1648972	-17.96861	-27.291012	1920000	-0.025568526	0.6196205	-0.026297484	-0.020677533	0.89438105	0.015628226	0.2646625	14.5	4917.864235639572
48	-214.66829	30.703512	-182.845	-271.98846	1000.0	-21.782705	3.1206412	-17.831932	-27.03638	1960000	-0.02500643	0.62800926	-0.024625625	-0.053933073	0.89321345	0.015493741	0.2550875	14.5	5010.59617972374
49	-212.72835	30.435698	-180.93192	-271.11343	1000.0	-21.490852	3.0840185	-17.66089	-26.691214	2000000	-0.024374316	0.5270799	-0.030048188	-0.024918992	0.89189005	0.015821123	0.299825	15.0	5103.192355871201
50	-211.84457	28.88575	-184.44902	-264.9509	1000.0	-21.292826	3.03878	-17.549429	-26.41695	2040000	-0.02320584	0.5317708	-0.023947405	-0.02280492	0.89046425	0.015166527	0.25095	13.5	5195.889409542084
51	-209.53482	29.668602	-180.67113	-265.4904	1000.0	-21.17817	2.8990169	-17.547337	-26.073648	2080000	-0.005547855	0.5500158	-0.004835377	-0.0335124	0.8897877	0.015378278	0.2128375	2.5	5288.413128852844
52	-208.40967	29.05558	-178.59145	-263.61172	1000.0	-20.956463	2.950479	-17.254402	-25.905878	2120000	-0.026588678	0.44448397	-0.025740774	-0.010868765	0.8889966	0.0166138	0.2725625	15.5	5381.688412666321
53	-206.51932	27.654953	-177.71693	-258.53165	1000.0	-20.847692	2.8925655	-17.211422	-25.681334	2160000	-0.023032159	0.56169325	-0.029402731	-0.02916738	0.8876741	0.016122088	0.2756375	14.0	5474.4616594314575
54	-204.33012	27.748997	-174.48315	-254.41177	1000.0	-20.679478	2.764348	-17.26116	-25.310707	2200000	-0.0030804193	0.52470666	-0.0027901214	-0.030244004	0.88688445	0.015093692	0.2231625	2.0	5566.936489105225
55	-203.26973	27.588903	-174.18558	-254.04878	1000.0	-20.45306	2.7749202	-16.98356	-25.072708	2240000	-0.0028644893	0.46332502	-0.0033208276	-0.012325194	0.8867051	0.017290028	0.2602	2.0	5659.6933035850525
56	-201.62709	26.088964	-173.77083	-248.6306	1000.0	-20.30966	2.7448888	-16.86089	-24.857704	2280000	-0.0056137107	0.49594927	-0.004760587	-0.025849529	0.8865085	0.01556563	0.24211249	2.5	5752.627773523331
57	-199.60074	24.331354	-171.64299	-245.08365	1000.0	-20.161661	2.618906	-16.901402	-24.488464	2320000	-0.023054652	0.48380193	-0.025064824	-0.038808968	0.88604134	0.01766172	0.2554875	15.5	5845.468338727951
58	-197.9257	24.686089	-171.20834	-243.28017	1000.0	-19.957214	2.4444838	-16.821215	-23.98872	2360000	-0.024350174	0.4554817	-0.024644302	-0.012465309	0.884933	0.015693767	0.26042503	14.0	5938.606926202774
59	-197.3959	24.957096	-170.7947	-241.43959	1000.0	-19.819168	2.4555888	-16.617517	-23.836622	2400000	-0.02497684	0.3886205	-0.024479635	-0.003363736	0.8835118	0.015342968	0.26615003	14.5	6031.8431828022
60	-194.65211	24.21226	-169.10094	-237.79088	1000.0	-19.748072	2.4870586	-16.560873	-23.819857	2440000	-0.025128447	0.43172526	-0.024885893	-0.04388406	0.88216525	0.016169261	0.2677125	15.0	6124.686625957489
61	-193.12012	23.04569	-166.20134	-235.70392	1000.0	-19.461752	2.4219267	-16.459883	-23.450335	2480000	-0.023242004	0.43904084	-0.030818585	-0.028669633	0.88113236	0.015956193	0.31204998	15.0	6217.753365516663
62	-191.23248	22.54256	-164.12265	-231.64154	1000.0	-19.307608	2.2856472	-16.330677	-23.004652	2520000	-0.023998093	0.45588532	-0.024229249	-0.020072613	0.8801068	0.015747048	0.266375	14.0	6310.675456047058
63	-189.262	21.743193	-163.80579	-231.68704	1000.0	-19.11205	2.2353117	-16.139687	-22.721806	2560000	-0.0239732	0.38137293	-0.023966767	-0.023669165	0.8791329	0.015671842	0.2633	13.5	6404.114327430725
64	-189.20737	22.083986	-163.19492	-231.09312	1000.0	-18.916346	2.1584754	-16.016367	-22.355288	2600000	-0.024452042	0.3956597	-0.0237478	-0.0077742785	0.878291	0.015852623	0.259075	13.5	6497.501706838608
65	-187.79912	21.191214	-163.32524	-225.60072	1000.0	-18.89469	2.19446	-16.051647	-22.461683	2640000	-0.023985475	0.40415627	-0.031691793	-0.017560322	0.87758595	0.016174197	0.31555	15.0	6590.835671901703
66	-185.06487	20.402855	-161.55614	-221.67165	1000.0	-18.74879	2.1129847	-15.93621	-22.121136	2680000	-0.025091538	0.40373272	-0.031200815	-0.032233484	0.8765876	0.016308678	0.3224125	16.5	6684.277416229248
67	-182.81952	19.994537	-159.38614	-219.18465	1000.0	-18.506481	2.022954	-15.814058	-21.7209	2720000	-0.022620367	0.34848523	-0.022459194	-0.031951867	0.875273	0.015442297	0.247775	12.0	6777.583109855652
68	-181.93442	20.10669	-159.43	-217.41626	1000.0	-18.274366	1.972702	-15.566664	-21.341002	2760000	-0.02224619	0.39359194	-0.027838169	-0.019239463	0.8743592	0.015514068	0.27336252	13.0	6870.792826414108
69	-181.57108	19.087776	-162.07622	-218.37498	1000.0	-18.157448	1.9867386	-15.550253	-21.356249	2800000	-0.020833328	0.35710716	-0.02237888	-0.018070772	0.8735534	0.017333671	0.2366625	11.0	6965.139353752136
70	-179.28995	18.744213	-156.50864	-212.4189	1000.0	-18.141378	1.8905039	-15.647725	-21.089748	2840000	-0.004683015	0.38745403	-0.018061224	-0.02362982	0.8730601	0.01637632	0.24101251	4.0	7059.641090154648
71	-179.59868	17.183489	-157.01057	-208.2449	1000.0	-17.921629	1.8607703	-15.450151	-20.820889	2880000	-0.020409454	0.34702083	-0.020822402	-0.01430326	0.87244594	0.016768027	0.23465	11.0	7152.480472564697
72	-177.6248	18.056976	-157.75743	-211.90997	1000.0	-17.93981	1.7029155	-15.589027	-20.560425	2920000	-0.022451703	0.33702114	-0.02582603	-0.02145954	0.8716859	0.015621001	0.26505	13.5	7245.775557756424
73	-176.11215	17.468515	-155.81468	-208.6019	1000.0	-17.76651	1.7892548	-15.362116	-20.567436	2960000	-0.023516256	0.32935765	-0.023571685	-0.020862011	0.8708488	0.015723884	0.2532125	12.5	7339.279187679291
74	-175.06516	16.930819	-154.70613	-205.43935	1000.0	-17.60255	1.7391993	-15.26303	-20.247856	3000000	-0.021520967	0.32399148	-0.022129528	-0.010607656	0.8700237	0.01598198	0.23078749	11.5	7432.763937950134
75	-173.64992	16.58026	-152.20522	-202.14339	1000.0	-17.505518	1.6958292	-15.209792	-20.14221	3040000	-0.022697944	0.33373553	-0.025833135	-0.013517059	0.8692772	0.015805744	0.26445	13.0	7526.358342409134
76	-173.05447	16.371603	-152.27933	-200.35945	1000.0	-17.36384	1.6347889	-15.148977	-19.883335	3080000	-0.023400597	0.34071934	-0.028439125	-0.009084545	0.8686276	0.01615126	0.2857875	13.0	7619.593605518341
77	-171.6302	14.829196	-153.44753	-197.38866	1000.0	-17.291218	1.6105167	-14.958815	-19.703106	3120000	-0.021019079	0.29081953	-0.021787731	-0.022002863	0.86798394	0.015526743	0.23725	11.5	7713.407781362534
78	-170.20859	14.8017845	-152.9381	-196.33734	1000.0	-17.141691	1.4921014	-15.054107	-19.377056	3160000	-0.005519989	0.2922304	-0.005134509	-0.00794491	0.86755806	0.015588423	0.2137875	2.5	7806.426401853561
79	-169.39703	14.986523	-150.31525	-193.49445	1000.0	-17.016197	1.4505446	-14.990637	-19.181847	3200000	-0.022225596	0.29821768	-0.022710592	-0.0077343285	0.8669492	0.015664332	0.24553749	12.0	7899.6250677108765
80	-167.88062	14.840728	-149.21211	-191.87717	1000.0	-16.913551	1.4920202	-14.838572	-19.097757	3240000	-0.022620365	0.28910965	-0.023119744	-0.011709051	0.8661236	0.015392009	0.2488375	12.5	7993.2302803993225
81	-167.1868	14.567112	-148.97963	-190.35942	1000.0	-16.79456	1.4745349	-14.647732	-18.877462	3280000	-0.022679266	0.2803353	-0.026740443	-0.0064555854	0.8656268	0.015378901	0.27341253	13.5	8086.4400017261505
82	-165.40991	13.899391	-149.3711	-190.73685	1000.0	-16.697525	1.4497753	-14.652271	-18.759184	3320000	-0.022828592	0.2816108	-0.02214566	-0.013993334	0.864944	0.015356923	0.23253751	11.5	8179.549139499664
83	-165.42334	13.739042	-147.39458	-190.827	1000.0	-16.5455	1.3877347	-14.580507	-18.530645	3360000	-0.022252027	0.24444166	-0.027171452	-0.0012229141	0.86386	0.016087	0.2692125	11.5	8272.69324183464
84	-163.72214	13.301493	-146.11804	-184.88605	1000.0	-16.5232	1.3739142	-14.613123	-18.46976	3400000	-0.023085205	0.2909072	-0.022788268	-0.019404499	0.862465	0.015598595	0.252525	12.0	8365.75330543518
85	-162.3778	13.390882	-145.03882	-184.70831	1000.0	-16.375895	1.3195658	-14.424087	-18.140345	3440000	-0.022390855	0.27907395	-0.023066595	-0.018186452	0.86149645	0.017204115	0.2481875	12.0	8459.219995260239
86	-160.96217	13.046399	-144.90262	-184.5241	1000.0	-16.228653	1.3084666	-14.41086	-18.008883	3480000	-0.022158999	0.25871763	-0.025659326	-0.0098322965	0.8607671	0.015872123	0.26991248	13.0	8552.52638578415
87	-160.21252	12.388287	-143.91447	-180.38116	1000.0	-16.0958	1.2851799	-14.334671	-17.887869	3520000	-0.021472624	0.24413145	-0.024338301	-0.010482108	0.85996014	0.015404811	0.2327125	11.0	8645.859793663025
88	-158.92297	13.045158	-141.90924	-181.58873	1000.0	-15.98299	1.2164725	-14.191562	-17.622702	3560000	-0.021778617	0.26788393	-0.024830684	-0.009484576	0.85890126	0.01570833	0.24945	11.5	8739.039004325867
89	-157.92905	13.04361	-139.99442	-179.14575	1000.0	-15.8818655	1.2853248	-14.119228	-17.6232	3600000	-0.022919754	0.26025876	-0.021947887	-0.0064607915	0.85760283	0.017467555	0.23415	11.0	8832.446820497513
90	-157.63794	11.948195	-141.81757	-175.84201	1000.0	-15.784256	1.2848992	-14.082165	-17.507736	3640000	-0.021579865	0.20680869	-0.022585407	-0.006705854	0.85660446	0.016579792	0.24385	11.5	8925.771301031113
91	-155.94246	12.582713	-140.37828	-175.05246	1000.0	-15.743164	1.2019608	-14.071475	-17.290775	3680000	-0.022053678	0.2670415	-0.023100587	-0.013730999	0.8558178	0.015177028	0.26581252	12.0	9019.374938488007
92	-154.91602	11.914603	-137.14177	-171.78859	1000.0	-15.578967	1.2287424	-13.97059	-17.161058	3720000	-0.02025102	0.24353385	-0.021283856	-0.0113062	0.85499793	0.016022	0.22762501	10.5	9112.864494085312
93	-154.26443	11.949094	-138.03296	-170.96805	1000.0	-15.478825	1.1781402	-13.905662	-16.91496	3760000	-0.023682417	0.22336105	-0.025869865	-0.0033641923	0.85412765	0.015123775	0.2756375	12.5	9206.507188081741
94	-152.82097	11.77685	-135.87115	-171.60757	1000.0	-15.408076	1.1956501	-13.85566	-16.847887	3800000	-0.023166738	0.23877673	-0.022220703	-0.012783751	0.85307133	0.016114313	0.24711251	11.5	9299.61101102829
95	-151.44034	11.031979	-136.92416	-167.12764	1000.0	-15.277016	1.1636198	-13.787973	-16.774313	3840000	-0.02144853	0.23846334	-0.028007856	-0.01485689	0.85210115	0.01658484	0.2828125	12.5	9393.231714487076
96	-150.6749	11.685856	-135.68459	-168.03525	1000.0	-15.122672	1.0999486	-13.682533	-16.464136	3880000	-0.021426987	0.20771845	-0.021226253	-0.0044286903	0.85131943	0.01534991	0.233475	10.5	9486.650258541107
97	-149.83174	11.650819	-134.5071	-166.8374	1000.0	-15.05679	1.1500112	-13.561205	-16.409485	3920000	-0.021977354	0.21883394	-0.0213127	-0.009166881	0.8506088	0.0155836325	0.2194125	10.5	9580.327079057693
98	-149.06638	11.150456	-133.9075	-164.85133	1000.0	-14.968562	1.171059	-13.376968	-16.392048	3960000	-0.022848628	0.20304261	-0.026764937	-0.006783681	0.8498537	0.015362186	0.27126253	12.0	9673.813210964203
99	-148.68858	11.16487	-135.04727	-164.39543	1000.0	-14.891908	1.1259482	-13.397127	-16.195145	4000000	-0.020784477	0.20284	-0.026599072	-0.0021584947	0.8490226	0.015574286	0.252025	11.0	9767.553536176682
100	-147.62796	10.99915	-133.48445	-165.07549	1000.0	-14.829639	1.1010759	-13.416707	-16.133135	4040000	-0.02159815	0.22165862	-0.027254038	-0.0062285513	0.84832084	0.01610271	0.2788875	12.0	9861.27599453926
101	-146.70152	11.204345	-131.75981	-165.15718	1000.0	-14.737689	1.0869888	-13.318515	-15.931721	4080000	-0.02190919	0.1778063	-0.02237295	-0.0046017673	0.84775084	0.017106809	0.25997502	11.5	9955.464465379715
102	-145.31343	10.831727	-130.85097	-159.11464	1000.0	-14.664478	1.1021631	-13.2463665	-15.952098	4120000	-0.022669232	0.1817513	-0.022614209	-0.012225475	0.84718907	0.015213182	0.2467625	11.5	10049.298414945602
103	-145.35214	10.980146	-132.53337	-160.7626	1000.0	-14.527209	1.0780267	-13.11653	-15.723576	4160000	-0.022670425	0.18705125	-0.022726385	-0.0013404209	0.84658	0.015377291	0.2575125	11.5	10142.82141327858
104	-143.74956	11.467898	-129.21457	-158.72575	1000.0	-14.501035	1.077247	-13.087937	-15.757804	4200000	-0.02338488	0.17984293	-0.028799288	-0.011749392	0.8455832	0.015567797	0.3038375	13.5	10236.851991891861
105	-143.2542	10.966589	-129.44083	-158.34578	1000.0	-14.355812	1.1303793	-12.938854	-15.669818	4240000	-0.021850038	0.19249621	-0.021041308	-0.0035480447	0.8444729	0.017794058	0.2264875	10.0	10330.321545124054
106	-142.1365	10.446819	-128.06154	-155.91629	1000.0	-14.319745	1.0930839	-12.88728	-15.527869	4280000	-0.021312613	0.1839038	-0.021735549	-0.009953404	0.8435733	0.016656902	0.233275	10.5	10424.157305955887
107	-141.23378	11.405342	-124.74415	-159.74641	1000.0	-14.215703	1.0234216	-12.912425	-15.2945595	4320000	-0.02334584	0.19174132	-0.028296528	-0.013162786	0.8426628	0.01610349	0.288175	13.5	10518.06584572792
108	-140.2782	10.225932	-126.679634	-155.19203	1000.0	-14.100505	1.114252	-12.622764	-15.292276	4360000	-0.02221073	0.18017718	-0.021784505	-0.011350628	0.8417609	0.015450241	0.253875	11.0	10612.013441085815
109	-139.98471	11.060022	-126.20266	-154.91927	1000.0	-14.021725	0.99673814	-12.689043	-15.156949	4400000	-0.022401668	0.16648301	-0.02250015	-0.00479051	0.8407512	0.015527673	0.24990001	11.0	10705.878368139267
110	-138.21585	11.031248	-124.88229	-153.08232	1000.0	-13.979264	1.0817788	-12.547984	-15.176273	4440000	-0.024477031	0.18256557	-0.029737122	-0.013487411	0.839875	0.01622954	0.3121125	14.5	10799.984426736832
111	-137.59311	10.879081	-123.85778	-151.6193	1000.0	-13.823237	1.093195	-12.429365	-15.007537	4480000	-0.021132499	0.18455264	-0.021825984	-0.0032838397	0.8390698	0.015174111	0.2473	11.0	10894.047973632812
112	-136.62436	10.730283	-122.89581	-150.55002	1000.0	-13.747797	1.0614268	-12.402308	-14.910658	4520000	-0.02211459	0.1716145	-0.027331304	-0.0052437065	0.8381563	0.015450358	0.28718752	11.5	10988.222225666046
113	-135.81001	11.7061205	-121.37805	-150.72083	1000.0	-13.644914	1.0618092	-12.320251	-14.7969055	4560000	-0.020570122	0.1727329	-0.019933114	-0.0084893145	0.8371724	0.015287441	0.2237875	9.5	11082.044543981552
114	-134.99564	10.793068	-121.40493	-149.44281	1000.0	-13.578071	1.147775	-12.083511	-14.8039055	4600000	-0.020795342	0.17678848	-0.024016678	-0.009390239	0.8363485	0.0154026635	0.25095	10.0	11176.037153959274
115	-134.77975	10.991716	-120.29515	-149.08063	1000.0	-13.491844	1.0790223	-12.169792	-14.705693	4640000	-0.020990629	0.16839907	-0.020685121	-0.003574729	0.83539546	0.016257642	0.2421875	10.0	11270.126435756683
116	-133.99765	11.093951	-119.43177	-148.98764	1000.0	-13.461091	1.0923395	-12.039671	-14.636105	4680000	-0.020727549	0.17298555	-0.021217186	-0.004255101	0.83428746	0.015689839	0.23667501	10.0	11363.952665567398
117	-132.73508	11.349487	-116.37665	-147.38177	1000.0	-13.384258	1.0934137	-11.984425	-14.504904	4720000	-0.020786889	0.1625328	-0.022281066	-0.007670004	0.83310753	0.015615488	0.2572375	11.0	11458.064749479294
118	-132.53065	11.369871	-117.40225	-147.40074	1000.0	-13.268146	1.1111583	-11.869678	-14.486446	4760000	-0.022284165	0.14976087	-0.022354126	-0.0016710851	0.8319138	0.017246101	0.243275	11.0	11551.96828842163
119	-131.1626	11.6322365	-117.168175	-146.96825	1000.0	-13.228105	1.1186699	-11.857164	-14.435662	4800000	-0.022306852	0.19077191	-0.027045678	-0.011013897	0.8307378	0.016740706	0.2724125	11.0	11646.354111671448
120	-130.65172	11.839312	-116.337326	-145.85744	1000.0	-13.1003895	1.1526543	-11.663489	-14.251671	4840000	-0.02035717	0.15091208	-0.021492228	-0.006225381	0.82984626	0.01568541	0.2430625	10.5	11740.625426530838
121	-129.2897	11.606338	-113.73826	-144.31058	1000.0	-13.059248	1.1681021	-11.705277	-14.348295	4880000	-0.022683296	0.17055437	-0.024590578	-0.008442643	0.8295521	0.015227437	0.2603625	11.0	11835.026798009872
122	-129.12027	11.339256	-113.039375	-143.53589	1000.0	-12.94505	1.1514904	-11.586649	-14.158705	4920000	-0.022996785	0.15672109	-0.02563363	-0.0017616786	0.8290505	0.015062218	0.2727	12.0	11929.304791927338
123	-127.919235	11.808653	-112.39917	-145.74318	1000.0	-12.908126	1.1341525	-11.521974	-14.113971	4960000	-0.024410384	0.1455419	-0.023884935	-0.006998987	0.8282782	0.01579348	0.2838	12.5	12023.647550821304
124	-127.018845	11.098593	-113.30989	-142.50865	1000.0	-12.799013	1.1628041	-11.366483	-14.052011	5000000	-0.021166392	0.16794896	-0.02783911	-0.009628532	0.8273746	0.016868409	0.266375	11.0	12117.711012363434
