Epoch	AverageEpRet	StdEpRet	MaxEpRet	MinEpRet	EpLen	AverageVVals	StdVVals	MaxVVals	MinVVals	TotalEnvInteracts	LossPi	LossV	DeltaLossPi	DeltaLossV	Entropy	KL	ClipFrac	StopIter	Time
0	-677.4407	23.169456	-633.9351	-715.964	1000.0	-2.2470348	0.24386579	-0.9275414	-2.963716	40000	nan	nan	nan	nan	nan	nan	nan	23.0	88.10131645202637
1	-635.7117	23.642162	-587.5656	-676.1964	1000.0	-18.23449	0.3165171	-14.546065	-18.658411	80000	nan	nan	nan	nan	nan	nan	nan	22.5	177.30162143707275
2	-577.97986	25.70563	-538.78534	-626.1872	1000.0	-25.221407	0.29986137	-20.744621	-25.66105	120000	nan	nan	nan	nan	nan	nan	nan	22.5	266.8244001865387
3	-528.9915	27.65017	-496.27982	-581.48944	1000.0	-29.870775	0.24494651	-25.18798	-30.201178	160000	nan	nan	nan	nan	nan	nan	nan	22.0	356.710471868515
4	-474.16864	25.574265	-449.02747	-524.2693	1000.0	-33.140682	0.2552181	-28.057077	-33.47554	200000	nan	nan	nan	nan	nan	nan	nan	22.0	447.0289058685303
5	-438.03516	21.37243	-411.68234	-485.65625	1000.0	-35.22909	0.44209006	-29.975874	-35.932755	240000	nan	nan	nan	nan	nan	nan	nan	22.0	537.391304731369
6	-417.18036	15.473831	-397.45172	-453.057	1000.0	-36.53727	0.60665536	-31.136324	-37.53513	280000	nan	nan	nan	nan	nan	nan	nan	21.5	627.6181674003601
7	-387.97287	15.970429	-367.88058	-423.58453	1000.0	-37.3622	0.69492567	-31.961817	-38.509514	320000	nan	nan	nan	nan	nan	nan	nan	21.5	717.5936353206635
8	-363.39252	14.534523	-339.6931	-384.246	1000.0	-37.59732	0.8055849	-32.128452	-38.92186	360000	nan	nan	nan	nan	nan	nan	nan	21.5	807.6742007732391
9	-343.44467	13.10674	-324.21814	-367.09033	1000.0	-37.366367	0.8802947	-31.940432	-38.760307	400000	nan	nan	nan	nan	nan	nan	nan	21.5	897.8074250221252
10	-324.65918	14.999965	-305.74667	-354.08206	1000.0	-36.797127	0.94667435	-31.373177	-38.192146	440000	nan	nan	nan	nan	nan	nan	nan	21.0	987.7843992710114
11	-301.16318	22.5485	-278.3759	-348.24976	1000.0	-35.957863	1.014594	-30.517187	-37.256622	480000	nan	nan	nan	nan	nan	nan	nan	21.5	1077.3914802074432
12	-290.4937	25.38592	-257.53394	-336.27213	1000.0	-34.77072	1.1988032	-29.331263	-36.044407	520000	nan	nan	nan	nan	nan	nan	nan	27.0	1167.1418657302856
13	-285.94968	24.8626	-258.77408	-331.66492	1000.0	-33.56001	1.4646622	-28.080446	-35.39883	560000	nan	nan	nan	nan	nan	nan	nan	21.5	1256.935940504074
14	-277.80365	25.594057	-250.52003	-329.0592	1000.0	-32.475254	1.6705381	-26.928827	-34.77228	600000	nan	nan	nan	nan	nan	nan	nan	21.0	1347.0145273208618
15	-259.8963	24.323944	-235.12737	-309.80057	1000.0	-31.406107	1.860313	-25.882671	-34.110947	640000	nan	nan	nan	nan	nan	nan	nan	21.0	1436.671983718872
16	-245.72282	19.057165	-220.70618	-284.692	1000.0	-30.121962	1.9755522	-24.669973	-33.098038	680000	nan	nan	nan	nan	nan	nan	nan	21.0	1526.361441373825
17	-238.15752	16.14607	-216.76535	-269.03317	1000.0	-28.753847	1.952358	-23.408575	-31.72708	720000	nan	nan	nan	nan	nan	nan	nan	21.0	1615.7459135055542
18	-233.78471	15.63513	-209.71352	-263.18277	1000.0	-27.491531	1.8610122	-22.29398	-30.31398	760000	nan	nan	nan	nan	nan	nan	nan	21.0	1705.2834177017212
19	-228.61015	11.875685	-206.87955	-251.2933	1000.0	-26.399734	1.7727513	-21.291286	-29.054098	800000	nan	nan	nan	nan	nan	nan	nan	21.0	1795.260998249054
20	-225.18668	11.278012	-206.52112	-245.64421	1000.0	-25.425146	1.6071693	-20.515621	-27.784086	840000	nan	nan	nan	nan	nan	nan	nan	21.0	1889.1910350322723
21	-220.84941	9.829416	-201.68547	-237.30438	1000.0	-24.594143	1.457168	-19.892342	-26.712858	880000	nan	nan	nan	nan	nan	nan	nan	28.5	1978.193193435669
22	-218.39258	8.719157	-195.75899	-232.90442	1000.0	-23.847998	1.3047256	-19.329897	-25.6769	920000	nan	nan	nan	nan	nan	nan	nan	28.5	2061.827930212021
23	-216.45401	7.2865143	-202.9347	-228.41153	1000.0	-23.218065	1.1370254	-18.882755	-24.689705	960000	nan	nan	nan	nan	nan	nan	nan	21.0	2146.9671890735626
24	-212.69104	7.343057	-196.93617	-224.78745	1000.0	-22.70985	0.98181564	-18.582975	-23.884296	1000000	nan	nan	nan	nan	nan	nan	nan	28.0	2231.3899974823
25	-210.56221	7.1102395	-198.81221	-224.97899	1000.0	-22.22926	0.88305575	-18.269857	-23.223734	1040000	nan	nan	nan	nan	nan	nan	nan	28.0	2314.7412388324738
26	-208.64291	8.748327	-193.00003	-225.91594	1000.0	-21.827469	0.7886589	-18.064417	-22.718752	1080000	nan	nan	nan	nan	nan	nan	nan	28.0	2398.2012679576874
27	-207.20398	8.406354	-189.52325	-221.63911	1000.0	-21.482306	0.80555725	-17.764524	-22.412811	1120000	nan	nan	nan	nan	nan	nan	nan	28.0	2481.9491515159607
28	-207.37247	7.439718	-192.00948	-218.11311	1000.0	-21.193104	0.8154737	-17.512085	-22.130428	1160000	nan	nan	nan	nan	nan	nan	nan	21.0	2565.414470911026
29	-203.86691	6.6855025	-189.16296	-215.31558	1000.0	-21.01136	0.76295143	-17.43648	-21.852428	1200000	nan	nan	nan	nan	nan	nan	nan	21.0	2649.3654446601868
30	-200.06577	7.0676265	-185.21031	-210.96747	1000.0	-20.756124	0.6948129	-17.305128	-21.428204	1240000	nan	nan	nan	nan	nan	nan	nan	21.0	2733.282116651535
31	-200.48093	8.128586	-184.23714	-210.8901	1000.0	-20.442429	0.6848338	-17.036566	-20.997025	1280000	nan	nan	nan	nan	nan	nan	nan	28.0	2817.7351286411285
32	-198.53569	8.641321	-181.67307	-217.45401	1000.0	-20.271137	0.7302551	-16.858015	-20.879917	1320000	nan	nan	nan	nan	nan	nan	nan	21.0	2902.024378299713
33	-196.57448	7.3549285	-183.50719	-209.1377	1000.0	-20.083818	0.7810352	-16.643045	-20.818632	1360000	nan	nan	nan	nan	nan	nan	nan	21.0	2986.395426750183
34	-193.69514	8.383816	-178.46251	-209.90344	1000.0	-19.878965	0.7320346	-16.555311	-20.600891	1400000	nan	nan	nan	nan	nan	nan	nan	29.0	3071.846937894821
35	-192.44864	7.1026587	-177.2633	-206.01126	1000.0	-19.63212	0.7567081	-16.354443	-20.512775	1440000	nan	nan	nan	nan	nan	nan	nan	21.0	3156.576256275177
36	-191.10733	7.109089	-177.16777	-206.3844	1000.0	-19.434755	0.7173997	-16.28945	-20.331442	1480000	nan	nan	nan	nan	nan	nan	nan	21.0	3242.2430181503296
37	-189.11272	7.1543727	-175.4293	-205.77641	1000.0	-19.26372	0.66095495	-16.25774	-20.103598	1520000	nan	nan	nan	nan	nan	nan	nan	21.0	3327.84046792984
38	-188.77779	7.4597626	-177.18561	-202.99797	1000.0	-19.063013	0.65759575	-16.144535	-19.965282	1560000	nan	nan	nan	nan	nan	nan	nan	21.0	3413.771432876587
39	-187.28354	6.525606	-176.02931	-200.1259	1000.0	-18.947056	0.6739683	-16.082693	-19.91285	1600000	nan	nan	nan	nan	nan	nan	nan	28.0	3499.8290066719055
40	-185.74864	6.54995	-175.4198	-197.96156	1000.0	-18.809557	0.6355102	-15.990224	-19.702085	1640000	nan	nan	nan	nan	nan	nan	nan	21.0	3586.094058036804
41	-185.41988	6.9096584	-173.51599	-198.22353	1000.0	-18.665115	0.6165973	-15.928773	-19.531801	1680000	nan	nan	nan	nan	nan	nan	nan	21.0	3671.938828229904
42	-183.88942	6.879559	-174.54921	-196.11508	1000.0	-18.583138	0.62503767	-15.906328	-19.494112	1720000	nan	nan	nan	nan	nan	nan	nan	21.0	3757.7303791046143
43	-183.25407	6.1584888	-173.70595	-196.45848	1000.0	-18.44459	0.6566931	-15.842427	-19.455751	1760000	nan	nan	nan	nan	nan	nan	nan	28.0	3843.8691136837006
44	-181.46301	6.269565	-173.28983	-195.85573	1000.0	-18.357653	0.59030914	-15.854387	-19.240608	1800000	nan	nan	nan	nan	nan	nan	nan	21.0	3929.8792114257812
45	-180.35786	5.5542536	-171.03688	-189.54134	1000.0	-18.20899	0.5727337	-15.787953	-19.113165	1840000	nan	nan	nan	nan	nan	nan	nan	21.0	4016.133791923523
46	-179.92468	6.4567223	-170.81927	-193.80785	1000.0	-18.072296	0.5138561	-15.782586	-18.79626	1880000	nan	nan	nan	nan	nan	nan	nan	28.5	4101.764554262161
47	-178.25517	5.9022074	-168.99307	-191.08751	1000.0	-17.998356	0.5650459	-15.756649	-18.904768	1920000	nan	nan	nan	nan	nan	nan	nan	28.0	4187.424312591553
48	-176.38943	6.097917	-167.43857	-190.64006	1000.0	-17.85312	0.5445671	-15.637632	-18.733932	1960000	nan	nan	nan	nan	nan	nan	nan	21.0	4272.82106924057
49	-174.94383	5.536589	-166.8267	-187.51044	1000.0	-17.682465	0.5341207	-15.537243	-18.552814	2000000	nan	nan	nan	nan	nan	nan	nan	21.0	4359.0184071063995
50	-173.95749	4.4819846	-166.35681	-183.33844	1000.0	-17.529137	0.50013596	-15.430126	-18.331793	2040000	nan	nan	nan	nan	nan	nan	nan	21.0	4445.772341251373
51	-173.48387	5.247365	-165.34026	-185.8549	1000.0	-17.409492	0.42686597	-15.402607	-18.091562	2080000	nan	nan	nan	nan	nan	nan	nan	28.0	4531.719818115234
52	-171.6012	3.9351206	-164.49083	-178.93964	1000.0	-17.347534	0.4632724	-15.3683605	-18.11297	2120000	nan	nan	nan	nan	nan	nan	nan	27.0	4618.292850255966
53	-170.73978	4.1890955	-165.30566	-180.39111	1000.0	-17.182915	0.3610978	-15.281678	-17.753601	2160000	nan	nan	nan	nan	nan	nan	nan	21.0	4704.754784345627
54	-169.25992	3.473486	-163.39845	-176.71019	1000.0	-17.081474	0.37810576	-15.204916	-17.684385	2200000	nan	nan	nan	nan	nan	nan	nan	21.0	4791.383193969727
55	-168.93472	3.5820749	-161.70721	-180.13318	1000.0	-16.946629	0.32253405	-15.1228285	-17.444355	2240000	nan	nan	nan	nan	nan	nan	nan	27.5	4877.978652238846
56	-167.24216	3.5536056	-160.49428	-176.1204	1000.0	-16.8896	0.27739108	-15.125679	-17.309351	2280000	nan	nan	nan	nan	nan	nan	nan	27.0	4964.7438588142395
57	-165.33725	2.784092	-159.38353	-171.81921	1000.0	-16.740904	0.2589637	-14.965875	-17.127604	2320000	nan	nan	nan	nan	nan	nan	nan	27.0	5051.922902345657
58	-165.10063	3.6384654	-157.40683	-174.32736	1000.0	-16.560987	0.19429581	-14.866734	-16.842978	2360000	nan	nan	nan	nan	nan	nan	nan	28.0	5138.716159820557
59	-163.33405	3.0597692	-158.42654	-169.68161	1000.0	-16.497627	0.30641684	-14.753395	-16.98824	2400000	nan	nan	nan	nan	nan	nan	nan	21.0	5225.204205274582
60	-163.69987	3.9942987	-155.79553	-171.40152	1000.0	-16.32578	0.23233844	-14.682847	-16.68879	2440000	nan	nan	nan	nan	nan	nan	nan	27.5	5311.846701860428
61	-163.0489	3.561343	-156.77745	-171.09499	1000.0	-16.34766	0.31408653	-14.663069	-16.814314	2480000	nan	nan	nan	nan	nan	nan	nan	29.0	5398.502922534943
62	-161.7067	3.122121	-154.84822	-168.8377	1000.0	-16.28854	0.3035634	-14.641581	-16.743748	2520000	nan	nan	nan	nan	nan	nan	nan	21.0	5484.670320272446
63	-161.3278	3.2355332	-155.86476	-169.69748	1000.0	-16.156513	0.25949705	-14.618424	-16.525179	2560000	nan	nan	nan	nan	nan	nan	nan	28.0	5572.691581487656
64	-159.10185	2.8942926	-153.03825	-164.34663	1000.0	-16.111954	0.24954662	-14.630079	-16.520357	2600000	nan	nan	nan	nan	nan	nan	nan	27.5	5659.760404348373
65	-157.96326	2.393051	-153.00526	-163.3598	1000.0	-15.883511	0.2056779	-14.436124	-16.226933	2640000	nan	nan	nan	nan	nan	nan	nan	28.0	5747.505911827087
66	-156.92719	2.944363	-150.75279	-163.44084	1000.0	-15.784972	0.14167154	-14.382845	-16.01846	2680000	nan	nan	nan	nan	nan	nan	nan	28.0	5834.602195262909
67	-155.58977	2.3319175	-151.29266	-161.2304	1000.0	-15.664883	0.21345244	-14.042097	-15.9465475	2720000	nan	nan	nan	nan	nan	nan	nan	28.0	5921.0407819747925
68	-155.1031	2.917816	-148.1986	-160.76805	1000.0	-15.545142	0.16149502	-14.171857	-15.784174	2760000	nan	nan	nan	nan	nan	nan	nan	21.0	6008.009294986725
69	-154.27193	2.6183465	-149.13078	-160.05319	1000.0	-15.484919	0.22941627	-14.001345	-15.830351	2800000	nan	nan	nan	nan	nan	nan	nan	27.0	6093.110302686691
70	-152.74084	2.856274	-147.17332	-158.70586	1000.0	-15.401595	0.21244553	-13.908078	-15.726368	2840000	nan	nan	nan	nan	nan	nan	nan	27.5	6178.92769241333
71	-151.58415	3.0937583	-144.79922	-156.72182	1000.0	-15.252772	0.19760133	-13.735405	-15.467832	2880000	nan	nan	nan	nan	nan	nan	nan	27.0	6265.180391073227
72	-150.5405	2.5985384	-145.29684	-155.81447	1000.0	-15.124148	0.21815422	-13.631655	-15.36747	2920000	nan	nan	nan	nan	nan	nan	nan	28.0	6351.798793554306
73	-149.69809	2.642329	-145.06984	-155.12679	1000.0	-15.039038	0.19889086	-13.563352	-15.23565	2960000	nan	nan	nan	nan	nan	nan	nan	27.5	6438.230300426483
74	-148.72908	3.168821	-140.38478	-156.26765	1000.0	-14.925921	0.18563877	-13.481831	-15.060607	3000000	nan	nan	nan	nan	nan	nan	nan	27.0	6524.471656799316
75	-147.95764	2.4783099	-141.79675	-154.18217	1000.0	-14.847507	0.20497672	-13.430369	-15.10923	3040000	nan	nan	nan	nan	nan	nan	nan	27.0	6611.419297456741
76	-146.14932	3.044805	-136.32436	-150.29395	1000.0	-14.775562	0.12932363	-13.484109	-14.90471	3080000	nan	nan	nan	nan	nan	nan	nan	27.0	6697.984042644501
77	-145.44936	2.9044561	-138.37778	-150.81506	1000.0	-14.5896845	0.18953882	-13.205802	-14.755696	3120000	nan	nan	nan	nan	nan	nan	nan	27.5	6783.868906259537
78	-145.24286	2.9877024	-138.42921	-151.50368	1000.0	-14.523252	0.19341707	-13.166516	-14.736674	3160000	nan	nan	nan	nan	nan	nan	nan	27.0	6871.753448009491
79	-143.98843	3.270801	-137.65758	-148.26347	1000.0	-14.509205	0.21520346	-13.131524	-14.7420025	3200000	nan	nan	nan	nan	nan	nan	nan	27.0	6958.4746725559235
80	-143.498	3.3324144	-136.44592	-148.69664	1000.0	-14.3860235	0.287796	-12.921531	-14.692447	3240000	nan	nan	nan	nan	nan	nan	nan	27.0	7047.135316133499
81	-142.03786	3.0855074	-133.7343	-147.00858	1000.0	-14.338527	0.2983086	-12.885295	-14.631216	3280000	nan	nan	nan	nan	nan	nan	nan	26.5	7139.248930931091
82	-140.6088	3.7564461	-132.6203	-146.56822	1000.0	-14.1812315	0.2702873	-12.809828	-14.512289	3320000	nan	nan	nan	nan	nan	nan	nan	26.5	7231.699483156204
83	-140.32034	3.6198933	-133.16826	-146.28844	1000.0	-14.03962	0.32792997	-12.607405	-14.362074	3360000	nan	nan	nan	nan	nan	nan	nan	26.5	7323.919872045517
84	-139.77641	3.5651147	-130.10123	-145.95218	1000.0	-14.009628	0.2967306	-12.655878	-14.324982	3400000	nan	nan	nan	nan	nan	nan	nan	27.0	7415.499337434769
85	-138.51186	3.984368	-131.1917	-146.38718	1000.0	-13.960416	0.2822421	-12.638402	-14.2296915	3440000	nan	nan	nan	nan	nan	nan	nan	26.0	7507.5835955142975
86	-138.39581	4.4934087	-127.67954	-144.49602	1000.0	-13.833836	0.33161736	-12.473069	-14.159972	3480000	nan	nan	nan	nan	nan	nan	nan	26.5	7599.188390016556
87	-137.65051	4.3295965	-130.10579	-145.9212	1000.0	-13.826481	0.39551613	-12.388195	-14.23801	3520000	nan	nan	nan	nan	nan	nan	nan	26.5	7691.460434913635
88	-137.261	3.4365554	-130.50569	-143.01675	1000.0	-13.761232	0.3884973	-12.396502	-14.192083	3560000	nan	nan	nan	nan	nan	nan	nan	26.5	7782.965751171112
89	-137.64761	2.580405	-131.06737	-141.86038	1000.0	-13.708722	0.30734685	-12.449923	-14.041758	3600000	nan	nan	nan	nan	nan	nan	nan	26.0	7874.614857435226
90	-136.45956	3.7471585	-128.5562	-143.49164	1000.0	-13.7394905	0.1902656	-12.746769	-13.985486	3640000	nan	nan	nan	nan	nan	nan	nan	26.0	7966.942029953003
91	-135.40182	3.6344237	-127.8706	-141.67073	1000.0	-13.642239	0.29235974	-12.502689	-13.983232	3680000	nan	nan	nan	nan	nan	nan	nan	21.0	8059.435737133026
92	-134.8929	3.6317825	-126.47714	-141.12183	1000.0	-13.538303	0.30256206	-12.451818	-13.898806	3720000	nan	nan	nan	nan	nan	nan	nan	21.0	8152.1046023368835
93	-134.21599	3.5300078	-126.05213	-139.51529	1000.0	-13.493186	0.3054552	-12.388121	-13.847891	3760000	nan	nan	nan	nan	nan	nan	nan	26.5	8244.022680282593
94	-133.47255	3.6571193	-126.79208	-141.2728	1000.0	-13.409594	0.29618102	-12.326617	-13.720895	3800000	nan	nan	nan	nan	nan	nan	nan	21.0	8336.608801841736
95	-132.89502	3.886609	-126.95597	-140.587	1000.0	-13.34641	0.3147193	-12.324781	-13.740324	3840000	nan	nan	nan	nan	nan	nan	nan	26.5	8429.17500591278
96	-132.73901	3.1045654	-126.76039	-137.47113	1000.0	-13.285772	0.34856117	-12.253178	-13.741288	3880000	nan	nan	nan	nan	nan	nan	nan	26.5	8521.129372119904
97	-131.84633	2.908157	-124.9364	-136.73438	1000.0	-13.260017	0.28600776	-12.225497	-13.604403	3920000	nan	nan	nan	nan	nan	nan	nan	26.5	8613.272304058075
98	-131.16513	3.1562026	-122.022766	-137.00064	1000.0	-13.190104	0.26229358	-12.171257	-13.513603	3960000	nan	nan	nan	nan	nan	nan	nan	26.0	8705.430851459503
99	-130.17917	3.8846753	-123.82054	-136.09824	1000.0	-13.123715	0.2414119	-12.114933	-13.396606	4000000	nan	nan	nan	nan	nan	nan	nan	21.0	8797.354146003723
100	-128.50787	3.8379638	-121.33125	-134.97981	1000.0	-13.029463	0.30185845	-12.100454	-13.467554	4040000	nan	nan	nan	nan	nan	nan	nan	26.0	8889.654036998749
101	-127.277115	4.5616016	-120.49828	-135.43015	1000.0	-12.901451	0.3162018	-11.948627	-13.330882	4080000	nan	nan	nan	nan	nan	nan	nan	27.0	8981.834489107132
102	-126.413795	4.458921	-118.672005	-134.03416	1000.0	-12.757236	0.39516056	-11.759907	-13.292031	4120000	nan	nan	nan	nan	nan	nan	nan	26.5	9074.630358695984
103	-126.23189	4.6945844	-116.789795	-135.0982	1000.0	-12.647295	0.41743806	-11.614992	-13.198123	4160000	nan	nan	nan	nan	nan	nan	nan	21.0	9168.36888384819
104	-124.35929	5.1413436	-116.17189	-134.48164	1000.0	-12.614889	0.42814058	-11.632443	-13.205763	4200000	nan	nan	nan	nan	nan	nan	nan	26.5	9262.455739021301
105	-123.6827	4.86082	-116.67534	-131.83852	1000.0	-12.462901	0.47718117	-11.459093	-13.159397	4240000	nan	nan	nan	nan	nan	nan	nan	26.5	9356.991485834122
106	-124.42014	5.8792815	-114.55396	-135.08907	1000.0	-12.382313	0.44747993	-11.421863	-13.070144	4280000	nan	nan	nan	nan	nan	nan	nan	27.0	9452.438977241516
107	-123.91548	4.99661	-115.417725	-131.88069	1000.0	-12.419273	0.54822	-11.400235	-13.289019	4320000	nan	nan	nan	nan	nan	nan	nan	26.5	9545.043410301208
108	-122.719315	5.079659	-113.58621	-131.68423	1000.0	-12.375572	0.471795	-11.350987	-13.059519	4360000	nan	nan	nan	nan	nan	nan	nan	21.0	9641.146044015884
109	-121.2418	4.603873	-113.59462	-129.9531	1000.0	-12.260239	0.4824412	-11.212922	-12.951905	4400000	nan	nan	nan	nan	nan	nan	nan	26.0	9736.525436162949
110	-120.09978	5.0389686	-110.63517	-129.35854	1000.0	-12.130519	0.42729542	-11.168943	-12.772529	4440000	nan	nan	nan	nan	nan	nan	nan	21.0	9830.999153852463
111	-119.74961	4.8791437	-113.40142	-128.91983	1000.0	-12.003872	0.47004357	-10.989285	-12.656649	4480000	nan	nan	nan	nan	nan	nan	nan	26.0	9924.853750944138
112	-119.16317	5.1903696	-111.98035	-129.43712	1000.0	-11.974015	0.47521654	-11.040498	-12.659086	4520000	nan	nan	nan	nan	nan	nan	nan	21.0	10019.441628932953
113	-118.43248	5.881758	-110.035225	-129.3149	1000.0	-11.903917	0.5030572	-10.963799	-12.706485	4560000	nan	nan	nan	nan	nan	nan	nan	26.0	10114.647876501083
114	-117.493	5.3977284	-109.84927	-127.90838	1000.0	-11.831836	0.5603784	-10.852458	-12.665998	4600000	nan	nan	nan	nan	nan	nan	nan	26.0	10209.298656702042
115	-117.64231	5.4431477	-108.22427	-127.62548	1000.0	-11.724612	0.50991684	-10.797228	-12.527462	4640000	nan	nan	nan	nan	nan	nan	nan	26.0	10304.027294874191
116	-116.34904	6.029911	-107.848976	-127.14999	1000.0	-11.752936	0.5119092	-10.722155	-12.524807	4680000	nan	nan	nan	nan	nan	nan	nan	21.0	10399.239159822464
117	-114.77102	5.9395027	-107.841225	-125.314415	1000.0	-11.610355	0.5943951	-10.623381	-12.590352	4720000	nan	nan	nan	nan	nan	nan	nan	26.0	10495.744404792786
118	-114.42611	5.284637	-107.96294	-124.986015	1000.0	-11.448851	0.5660893	-10.485597	-12.370488	4760000	nan	nan	nan	nan	nan	nan	nan	25.5	10590.570793151855
119	-113.6265	4.828131	-106.603836	-124.29352	1000.0	-11.419803	0.5012346	-10.602218	-12.256337	4800000	nan	nan	nan	nan	nan	nan	nan	26.5	10685.422881364822
120	-112.541824	5.0772204	-105.383545	-122.8033	1000.0	-11.341589	0.4469396	-10.608612	-12.099256	4840000	nan	nan	nan	nan	nan	nan	nan	26.5	10780.554642677307
121	-111.64303	5.392685	-103.855034	-124.17179	1000.0	-11.22901	0.49127272	-10.413987	-12.045532	4880000	nan	nan	nan	nan	nan	nan	nan	26.0	10875.092228651047
122	-111.578896	4.6823497	-104.11004	-120.991776	1000.0	-11.130516	0.5224577	-10.280218	-11.980067	4920000	nan	nan	nan	nan	nan	nan	nan	26.0	10970.511096715927
123	-111.50942	3.7882073	-105.304924	-120.15289	1000.0	-11.141339	0.43664324	-10.318557	-11.84449	4960000	nan	nan	nan	nan	nan	nan	nan	20.5	11065.58749294281
124	-113.93302	4.631743	-103.76696	-121.90069	1000.0	-11.148057	0.32082918	-10.499424	-11.685393	5000000	nan	nan	nan	nan	nan	nan	nan	20.5	11158.976687669754
