255,255,142,170,234,218,200,82,99,1,1,211,129,204,125,56,247,55,145,1,1,18,23,65,128,128,0,1,219,75,
255,255,138,169,232,217,199,82,101,1,1,211,128,204,125,55,248,55,145,1,1,18,22,66,128,128,0,1,159,204,
255,255,138,168,232,216,199,82,103,1,1,211,129,205,126,55,249,55,145,1,1,17,23,66,128,128,0,1,179,202,
255,255,138,168,232,216,199,82,104,1,1,212,129,205,126,56,250,55,146,1,1,17,22,66,128,128,0,1,180,208,
255,255,137,168,232,216,198,82,104,1,1,212,128,204,127,56,252,54,144,1,1,16,23,66,128,128,0,1,211,34,
255,255,137,168,232,216,199,82,105,1,1,212,128,205,128,56,253,54,144,1,1,15,23,66,128,128,0,1,19,194,
255,255,137,169,232,216,199,82,107,1,1,212,128,205,129,56,254,54,144,1,1,14,23,65,128,128,0,1,110,220,
255,255,137,169,232,215,198,83,107,1,1,212,128,205,129,56,254,54,144,1,1,14,23,65,128,128,0,1,175,113,
255,255,137,169,232,216,198,83,107,1,1,212,128,206,129,55,255,54,144,1,1,13,23,65,128,128,0,1,55,12,
255,255,138,169,233,217,199,83,106,1,1,212,127,207,128,55,255,53,144,1,1,12,23,65,128,128,0,1,158,173,
255,255,148,174,237,221,202,86,105,1,1,213,125,208,128,54,254,53,145,1,1,11,23,65,128,128,0,1,102,164,
255,255,139,175,238,223,203,85,104,1,1,214,124,208,127,54,253,53,145,1,1,11,23,65,128,128,0,1,235,145,
255,255,122,177,240,226,207,90,102,1,1,214,122,207,127,55,251,53,146,1,1,10,23,65,128,128,0,1,152,247,
255,255,112,178,244,233,216,90,101,1,1,214,120,207,125,55,247,53,145,1,1,8,22,64,128,128,0,1,1,95,
255,255,115,179,246,238,216,90,101,1,1,214,119,207,124,55,247,53,145,1,1,8,22,64,128,128,0,1,196,175,
255,255,124,188,255,246,226,86,99,1,3,213,119,206,122,55,245,53,145,1,1,7,22,62,128,128,0,1,21,31,
255,255,126,191,255,248,225,84,97,1,5,213,119,206,121,55,244,53,151,1,1,7,23,61,128,128,0,1,71,85,
255,255,124,193,255,251,228,85,94,1,10,212,119,205,117,56,242,53,150,1,1,5,22,59,128,128,0,1,67,69,
255,255,119,194,255,254,231,86,94,1,13,211,119,206,115,56,241,52,151,1,1,5,22,59,128,128,0,1,213,6,
255,255,124,198,255,254,229,87,93,1,20,209,119,209,111,58,239,52,153,1,1,3,22,57,128,128,0,1,211,151,
255,255,121,197,255,254,229,88,94,1,23,208,119,211,109,59,238,51,154,1,1,2,22,57,128,128,0,1,175,62,
255,255,114,194,255,252,226,89,89,1,29,207,120,212,105,59,235,51,155,1,1,1,21,57,128,128,0,1,188,178,
255,255,115,193,255,251,224,90,87,1,31,206,120,213,103,59,234,51,155,1,1,1,22,57,128,128,0,1,231,195,
255,255,120,192,255,247,220,91,84,1,34,206,119,214,101,59,232,51,156,1,1,1,22,57,128,128,0,1,92,122,
255,255,120,192,255,247,220,91,84,1,34,206,119,214,100,59,232,51,156,1,1,1,22,57,128,128,0,1,92,187,
255,255,120,192,255,247,220,91,84,1,36,204,118,216,99,60,230,51,157,1,1,1,20,57,128,128,0,1,230,182,
255,255,123,193,255,247,220,92,84,1,37,204,118,218,98,60,230,52,157,1,1,1,21,57,128,128,0,1,7,33,
255,255,124,195,255,248,222,92,83,1,38,203,117,218,97,60,229,52,158,1,1,1,22,57,128,128,0,1,160,141,
255,255,120,195,255,249,223,91,82,1,38,203,117,221,96,60,229,51,158,1,1,1,22,57,128,128,0,1,78,51,
255,255,132,201,255,253,227,91,82,1,39,202,117,222,96,59,229,51,158,1,1,1,22,57,128,128,0,1,165,18,
255,255,140,203,255,253,228,91,81,1,40,202,116,223,95,59,229,51,159,1,1,1,22,57,128,128,0,1,235,119,
255,255,140,204,255,254,228,90,80,1,42,201,115,225,94,59,228,51,159,1,1,1,22,57,128,128,0,1,104,148,
255,255,130,204,255,255,228,92,80,1,44,200,115,229,95,60,227,51,160,1,1,1,22,57,128,128,0,1,100,9,
255,255,124,203,255,254,227,94,80,1,45,200,114,236,92,60,226,51,160,1,1,1,22,58,128,128,0,1,105,168,
255,255,121,203,255,253,226,94,80,1,46,199,113,243,91,60,225,52,160,1,1,1,22,58,128,128,0,1,50,184,
255,255,122,202,255,252,225,95,80,1,48,198,111,255,92,61,223,53,160,1,1,1,22,58,128,128,0,1,216,103,
255,255,121,202,255,252,225,95,80,1,48,197,110,255,92,61,222,53,161,1,1,1,22,59,128,128,0,1,115,129,
255,255,115,202,255,252,225,96,80,1,49,194,106,252,89,61,219,54,161,1,1,1,22,60,128,128,0,1,145,207,
255,255,115,202,255,252,225,96,80,1,49,194,105,251,88,61,218,54,162,1,1,1,23,60,128,128,0,1,154,224,
255,255,115,203,255,252,225,96,79,1,50,192,99,244,88,62,216,56,162,1,1,1,22,60,128,128,0,1,9,206,
255,255,116,203,255,252,225,96,78,1,50,191,96,241,87,63,215,56,163,1,1,1,21,61,128,128,0,1,58,22,
255,255,115,202,255,251,223,97,78,1,50,190,87,240,87,63,213,57,163,1,1,1,21,61,128,128,0,1,145,65,
255,255,116,202,255,251,222,98,74,1,51,189,80,242,86,63,212,57,164,1,1,1,21,62,128,128,0,1,4,162,
255,255,118,200,255,248,219,103,67,1,52,189,67,249,88,65,207,58,164,1,1,1,21,61,128,128,0,1,106,231,
255,255,124,206,255,245,215,104,64,1,53,189,64,254,84,65,206,59,165,1,1,1,20,63,128,128,0,1,200,8,
255,255,140,199,253,232,203,105,59,3,55,187,60,255,82,66,202,60,167,1,1,1,17,64,128,128,0,1,63,181,
255,255,145,201,252,229,199,104,58,5,57,185,60,255,81,66,200,61,168,1,1,1,14,64,128,128,0,1,139,69,
255,255,151,211,253,220,194,106,55,7,57,183,60,255,79,66,196,63,168,1,1,1,11,63,128,128,0,1,254,33,
255,255,154,209,250,220,189,113,46,6,59,181,61,255,76,66,192,68,170,1,1,1,8,60,128,128,0,1,14,224,
255,255,133,205,250,224,194,119,41,7,59,180,61,255,75,67,189,70,172,1,1,1,3,60,128,128,0,1,34,77,
255,255,122,208,255,246,223,121,38,11,63,170,65,255,73,67,182,75,176,1,1,1,1,64,128,128,0,1,17,222,
255,255,111,210,255,255,235,126,36,12,64,167,67,255,75,69,178,78,174,1,1,1,1,62,128,128,0,1,203,255,
255,255,104,219,255,255,240,135,30,17,69,159,75,255,69,71,171,85,179,1,1,1,1,70,128,128,0,1,106,242,
255,255,101,220,255,255,240,137,29,18,70,157,77,255,69,72,169,86,179,1,1,1,1,71,128,128,0,1,245,176,
255,255,110,221,255,255,240,135,31,21,72,150,85,255,66,74,164,90,180,1,1,1,1,74,128,128,0,1,19,0,
255,255,110,231,255,255,243,140,26,21,72,148,89,255,65,74,162,92,181,1,1,1,1,76,128,128,0,1,128,31,
255,255,113,239,255,255,248,140,25,23,75,142,101,255,61,75,160,96,182,1,1,1,1,80,128,128,0,1,240,199,
255,255,113,239,255,255,247,141,24,24,77,140,101,255,60,76,159,98,182,1,1,1,1,81,128,128,0,1,29,209,
255,255,112,239,255,255,243,141,23,26,80,137,105,255,57,77,159,100,183,1,1,1,1,84,128,128,0,1,137,108,
255,255,113,237,255,255,241,143,21,27,80,137,114,255,58,78,159,101,183,1,1,1,1,81,128,128,0,1,154,195,
255,255,116,238,255,255,242,140,22,28,83,134,118,255,54,80,159,103,183,1,1,1,1,87,128,128,0,1,169,247,
255,255,114,238,255,255,242,140,22,28,83,133,120,255,53,80,159,104,183,1,1,1,1,88,128,128,0,1,172,245,
255,255,111,238,255,255,242,144,18,30,84,132,124,255,50,81,159,104,184,1,1,1,1,94,128,128,0,1,231,132,
255,255,110,239,255,255,245,146,15,31,85,132,126,255,49,82,160,105,183,1,1,1,1,95,128,128,0,1,7,240,
255,255,103,240,255,255,245,152,10,32,86,133,127,255,49,84,164,108,183,1,1,1,1,95,128,128,0,1,150,174,
255,255,103,241,255,255,245,152,9,33,86,133,127,255,49,85,165,108,183,1,1,1,1,95,128,128,0,1,68,218,
255,255,104,242,255,255,247,159,3,36,87,132,125,255,48,87,168,110,182,1,1,1,1,95,128,128,0,1,47,184,
255,255,104,243,255,255,248,160,1,37,88,132,124,255,48,87,169,111,181,1,1,1,1,95,128,128,0,1,177,164,
255,255,110,242,255,255,237,165,1,39,88,130,123,255,47,88,175,114,179,1,1,1,1,94,128,128,0,1,74,250,
255,255,114,240,255,255,235,167,1,40,88,129,122,255,47,88,178,115,178,1,1,1,1,93,128,128,0,1,196,95,
255,255,115,236,255,255,232,169,1,42,83,126,116,255,48,89,186,119,176,1,1,1,1,91,128,128,0,1,52,32,
255,255,114,236,255,255,234,170,1,43,79,124,113,255,48,90,189,121,175,1,1,1,1,88,128,128,0,1,117,41,
255,255,113,234,255,255,231,165,1,47,74,118,110,255,49,92,195,124,173,1,1,1,1,86,128,128,0,1,148,151,
255,255,113,235,255,255,232,165,1,48,68,117,107,255,49,92,198,125,172,1,1,1,3,85,128,128,0,1,161,103,
255,255,113,234,255,255,232,165,1,53,57,113,104,255,50,94,206,128,171,1,1,1,4,79,128,128,0,1,135,136,
255,255,112,233,255,255,232,165,1,55,51,112,102,255,50,94,210,129,171,1,1,1,5,77,128,128,0,1,162,168,
255,255,113,232,255,255,233,163,1,60,41,109,101,255,51,96,217,131,173,1,1,1,6,74,128,128,0,1,12,169,
255,255,112,231,255,255,233,163,1,64,37,108,100,255,52,97,220,132,169,1,1,1,6,71,128,128,0,1,144,145,
255,255,112,230,255,255,233,163,1,71,29,106,98,255,52,99,225,134,169,1,1,1,6,67,128,128,0,1,204,219,
255,255,110,231,255,255,234,163,1,76,22,105,97,255,53,100,228,135,169,1,1,1,6,64,128,128,0,1,128,67,
255,255,115,231,255,255,235,163,1,78,19,105,96,255,53,101,229,135,170,1,1,1,6,62,128,128,0,1,156,109,
255,255,118,232,255,255,235,164,1,80,11,106,95,255,53,101,230,135,170,1,1,1,5,61,128,128,0,1,62,148,
255,255,124,234,255,255,234,165,1,81,8,106,95,255,53,101,230,135,170,1,1,1,5,60,128,128,0,1,156,131,
255,255,139,237,255,255,232,167,1,84,1,107,94,255,53,101,231,136,171,1,1,1,4,58,128,128,0,1,130,58,
255,255,138,237,255,255,235,166,1,84,1,107,93,255,52,101,231,136,171,1,1,1,4,58,128,128,0,1,89,49,
255,255,125,235,255,255,242,168,1,87,1,108,92,255,53,102,232,137,170,1,1,1,3,55,128,128,0,1,241,46,
255,255,126,235,255,255,243,168,1,90,1,108,89,255,52,102,233,137,171,1,1,1,3,54,128,128,0,1,86,91,
255,255,130,237,255,255,246,167,1,93,1,108,87,255,51,103,234,138,171,1,1,1,2,53,128,128,0,1,214,137,
255,255,125,236,255,255,255,167,1,93,1,108,86,255,51,103,234,138,173,1,1,1,1,52,128,128,0,1,163,100,
255,255,120,236,255,255,255,166,1,94,1,107,86,255,49,104,234,139,173,1,1,1,1,52,128,128,0,1,75,49,
255,255,120,241,255,255,249,166,1,95,1,107,83,255,48,104,235,138,171,1,1,1,1,52,128,128,0,1,181,86,
255,255,151,250,255,255,225,166,1,95,1,106,80,255,45,105,235,138,169,1,1,1,1,50,128,128,0,1,175,54,
255,255,158,252,255,255,213,167,1,95,1,106,80,255,45,105,236,138,169,1,1,1,1,50,128,128,0,1,240,223,
255,255,159,253,255,241,198,167,1,95,1,106,79,255,43,105,236,138,170,1,1,1,3,51,128,128,0,1,112,254,
255,255,166,254,255,224,181,167,1,95,1,106,78,255,43,105,236,138,169,1,1,7,32,51,128,128,0,1,86,31,
255,255,184,254,241,152,118,165,1,95,1,106,76,255,42,106,236,137,155,1,1,88,107,50,128,128,0,1,29,13,
255,255,204,250,205,115,89,166,1,95,1,107,75,255,41,106,236,137,136,1,4,132,175,51,128,128,0,1,204,67,
255,255,223,247,181,94,73,166,1,95,1,107,75,255,40,106,237,137,110,1,51,180,249,51,128,128,0,1,13,248,
255,255,236,242,157,78,57,165,1,96,1,107,74,255,40,107,237,137,86,1,78,196,255,49,128,128,0,1,219,112,
255,255,255,217,115,64,50,165,2,96,1,107,74,255,40,107,237,137,52,25,125,212,255,46,128,128,0,1,231,121,
255,255,255,207,87,63,53,165,3,96,1,107,74,255,41,107,237,137,43,46,146,214,255,45,128,128,0,1,165,249,
255,255,255,120,75,106,92,165,5,97,1,107,74,255,42,107,238,137,60,98,177,206,250,44,128,128,0,1,191,180,
255,255,255,90,177,166,156,165,5,97,1,107,75,255,42,107,238,137,69,108,170,194,225,44,128,128,0,1,245,215,
255,255,144,1,255,255,255,162,6,97,1,107,76,255,38,107,240,136,53,159,72,39,39,38,128,128,0,1,80,34,
255,255,139,1,255,255,255,161,6,96,1,107,77,255,39,106,240,136,57,162,42,4,57,39,128,128,0,1,175,30,
255,255,75,168,255,255,255,160,5,97,1,107,78,255,39,106,241,136,136,74,1,1,95,41,128,128,0,1,240,57,
255,255,76,204,255,255,255,161,4,96,1,107,78,255,39,106,241,136,144,33,1,1,105,42,128,128,0,1,188,251,
255,255,157,255,255,185,167,159,5,96,1,107,78,255,39,107,241,135,155,1,1,17,255,50,128,128,0,1,125,99,
255,255,223,255,255,112,108,157,6,97,1,107,78,255,39,106,241,134,169,1,1,100,255,52,128,128,0,1,74,192,
255,255,255,255,194,65,58,156,4,97,1,107,78,255,40,107,242,135,164,1,1,206,255,50,128,128,0,1,163,4,
255,255,255,211,121,55,52,158,5,99,1,107,81,255,40,106,242,135,137,1,38,211,255,51,128,128,0,1,110,185,
255,255,255,181,118,64,63,158,5,99,1,106,83,255,39,107,242,135,134,3,56,196,255,49,128,128,0,1,137,188,
255,255,255,124,177,137,135,157,8,100,1,107,87,255,40,107,241,134,139,61,64,128,255,49,128,128,0,1,245,119,
255,255,245,77,178,201,186,155,8,100,1,107,87,255,40,107,242,134,138,72,60,110,255,49,128,128,0,1,248,185,
255,255,238,71,215,219,212,155,9,100,1,106,85,255,40,107,242,134,141,70,46,83,255,50,128,128,0,1,77,38,
255,255,195,61,255,255,255,155,8,100,1,106,64,255,40,108,242,134,145,49,37,80,255,49,128,128,0,1,91,212,
255,255,166,127,255,255,255,155,7,101,1,105,41,255,40,108,243,135,160,24,1,32,218,49,128,128,0,1,156,243,
255,255,170,200,255,255,233,155,7,101,1,105,36,255,40,109,243,135,164,5,1,3,177,47,128,128,0,1,30,101,
255,255,215,255,255,178,163,154,7,100,1,105,27,255,40,109,243,135,169,1,1,1,177,48,128,128,0,1,221,113,
255,255,235,255,255,147,141,153,7,101,1,105,25,255,39,109,243,135,176,1,1,19,173,50,128,128,0,1,79,228,
255,255,255,254,156,67,68,152,6,102,1,105,18,255,39,109,243,135,171,1,1,133,255,48,128,128,0,1,253,137,
255,255,255,208,135,63,66,153,6,101,1,106,16,255,38,109,243,135,174,1,1,152,255,49,128,128,0,1,217,243,
255,255,255,167,156,89,97,153,7,102,1,105,13,255,38,109,243,135,172,1,1,164,255,49,128,128,0,1,93,109,
255,255,255,141,204,143,146,153,8,101,1,105,11,255,38,109,243,134,168,1,1,157,255,49,128,128,0,1,193,2,
255,255,230,63,255,255,255,150,8,101,1,105,5,255,39,109,243,134,161,1,1,114,255,47,128,128,0,1,40,243,
255,255,172,99,255,255,255,148,9,102,1,105,1,255,39,109,244,135,163,1,1,19,129,45,128,128,0,1,178,115,
255,255,154,224,255,244,255,149,8,100,1,105,1,255,39,109,244,135,164,1,1,1,95,44,128,128,0,1,128,76,
255,255,151,237,255,211,240,149,8,100,1,105,1,255,39,109,244,135,166,1,1,1,100,44,128,128,0,1,26,107,
255,255,245,255,251,114,114,150,7,103,1,105,1,255,38,109,244,135,168,1,1,2,148,43,128,128,0,1,222,120,
255,255,255,226,173,71,72,152,7,104,1,105,1,255,39,109,244,135,160,1,1,98,255,43,128,128,0,1,204,153,
255,255,255,156,149,78,78,152,7,103,1,105,1,255,33,110,244,135,164,1,1,139,255,39,128,128,0,1,179,160,
255,255,244,105,198,141,85,152,8,104,1,105,1,255,38,110,244,135,159,1,1,162,255,40,128,128,0,1,21,197,
255,255,134,36,254,255,78,151,8,102,1,105,1,255,38,110,244,135,146,1,1,138,255,39,128,128,0,1,171,93,
255,255,91,44,255,255,69,152,9,103,1,105,5,255,38,109,244,135,146,1,8,89,255,37,128,128,0,1,185,134,
255,255,72,198,255,255,63,149,8,104,1,105,30,255,38,110,244,135,140,31,1,1,98,36,128,128,0,1,8,203,
255,255,83,231,255,245,61,150,8,104,1,106,47,255,38,110,244,135,140,28,1,1,93,36,128,128,0,1,248,38,
255,255,249,255,255,144,69,152,8,103,1,105,83,255,34,110,244,135,151,1,1,1,118,34,128,128,0,1,23,239,
255,255,255,255,209,95,81,153,7,104,1,105,106,255,38,110,244,135,157,1,1,19,157,38,128,128,0,1,141,12,
255,255,255,237,191,101,83,155,7,105,1,104,132,255,33,110,244,135,159,1,1,90,255,35,128,128,0,1,198,56,
255,255,255,206,212,135,134,155,8,106,1,104,143,255,33,111,244,135,159,1,1,99,255,34,128,128,0,1,236,36,
255,255,191,151,255,199,240,156,8,105,1,104,163,255,33,111,243,135,159,1,1,73,255,33,128,128,0,1,110,138,
255,255,156,157,255,235,255,156,10,105,1,104,170,255,33,111,243,135,164,1,1,34,224,32,128,128,0,1,20,70,
255,255,152,204,255,255,237,153,10,105,1,105,175,255,33,111,243,135,166,1,1,20,221,32,128,128,0,1,222,89,
255,255,173,252,255,208,197,154,9,103,1,106,177,255,33,111,243,135,167,1,1,1,157,31,128,128,0,1,216,67,
255,255,243,255,255,125,123,154,9,105,1,105,178,255,38,111,243,135,166,1,1,1,133,34,128,128,0,1,103,132,
255,255,255,207,185,95,103,157,8,106,1,106,180,255,33,111,243,135,152,1,1,58,255,32,128,128,0,1,115,79,
255,255,255,203,206,117,126,158,7,107,1,106,182,255,33,111,243,135,151,1,1,68,255,30,128,128,0,1,166,106,
255,255,199,168,255,228,220,159,7,106,1,106,183,255,37,111,243,135,134,1,32,77,255,36,128,128,0,1,130,111,
255,255,159,135,255,234,230,159,8,106,1,106,183,255,32,112,243,135,130,8,37,93,255,33,128,128,0,1,186,196,
255,255,154,172,255,226,230,155,8,105,1,106,184,255,32,113,243,135,132,1,28,79,255,31,128,128,0,1,42,137,
255,255,160,196,255,219,230,155,8,105,1,106,185,255,31,113,243,135,135,1,20,67,251,30,128,128,0,1,249,145,
255,255,158,198,255,221,214,155,7,106,1,106,184,255,31,113,243,136,137,1,15,56,234,30,128,128,0,1,161,51,
255,255,153,198,255,222,214,156,7,105,1,106,184,255,32,113,243,136,138,1,14,56,233,30,128,128,0,1,39,149,
255,255,150,202,255,222,213,155,7,106,1,106,184,255,32,113,243,135,139,1,14,56,236,29,128,128,0,1,152,152,
255,255,150,208,255,222,213,154,7,106,1,106,184,255,32,113,243,135,139,1,14,56,236,29,128,128,0,1,221,36,
255,255,149,206,255,222,213,154,7,105,1,106,185,255,32,112,243,135,140,1,14,56,240,28,128,128,0,1,223,63,
255,255,148,205,255,222,213,154,8,106,1,106,185,255,32,113,243,135,140,1,14,56,243,28,128,128,0,1,202,131,
255,255,146,204,255,222,213,155,7,105,1,107,185,255,32,113,243,135,141,1,15,58,245,27,128,128,0,1,223,110,
255,255,148,203,255,221,210,155,7,106,1,107,184,255,31,113,243,135,140,1,15,59,246,26,128,128,0,1,199,158,
255,255,153,204,255,213,207,156,6,106,1,107,182,255,31,113,243,135,141,1,15,59,245,26,128,128,0,1,78,137,
255,255,163,204,255,206,192,155,7,106,1,106,180,255,31,113,243,135,141,1,15,59,246,26,128,128,0,1,18,162,
255,255,180,203,249,180,167,156,6,107,1,107,174,255,32,113,244,135,141,1,18,80,255,25,128,128,0,1,252,157,
255,255,182,207,238,165,157,157,6,108,1,106,168,255,31,113,244,135,141,1,22,81,255,25,128,128,0,1,65,219,
255,255,217,206,210,151,136,157,5,108,1,107,155,255,31,113,244,135,141,1,29,97,255,24,128,128,0,1,201,10,
255,255,219,205,206,152,132,158,5,108,1,107,146,255,31,113,244,135,137,1,37,110,255,25,128,128,0,1,36,115,
255,255,239,206,182,110,117,160,4,108,1,107,128,255,31,114,244,134,132,1,42,137,255,22,128,128,0,1,247,226,
255,255,250,204,167,97,109,161,3,107,1,107,124,255,30,114,244,134,130,1,53,143,255,23,128,128,0,1,119,117,
255,255,255,198,141,72,83,163,3,107,1,108,112,255,34,114,244,134,128,6,88,158,255,28,128,128,0,1,140,127,
255,255,255,192,138,70,82,164,3,106,1,108,108,255,33,114,242,133,122,15,104,174,255,28,128,128,0,1,195,75,
255,255,255,164,127,75,82,166,3,105,1,110,105,255,31,114,241,131,117,36,101,168,255,27,128,128,0,1,53,224,
255,255,255,152,140,89,102,172,1,99,1,114,105,255,31,114,241,131,114,63,112,175,255,27,128,128,0,1,202,87,
255,255,225,64,226,201,208,171,1,94,1,118,109,255,29,113,238,127,122,72,96,156,255,25,128,128,0,1,251,19,
255,255,214,81,248,226,244,173,1,91,5,119,110,255,29,113,238,126,127,75,80,133,255,23,128,128,0,1,239,20,
255,255,178,151,255,250,255,171,1,86,12,122,111,255,28,111,234,123,127,65,40,64,172,24,128,128,0,1,6,247,
255,255,166,174,255,255,255,170,1,84,17,123,110,255,28,110,231,121,141,85,21,40,111,26,128,128,0,1,26,76,
255,255,149,248,255,255,255,171,1,79,27,125,108,255,29,108,226,117,171,121,1,1,57,32,128,128,0,1,20,211,
255,255,145,255,255,255,249,171,1,77,30,125,107,255,29,107,224,116,176,114,1,1,50,33,128,128,0,1,95,104,
255,255,145,255,255,224,201,168,3,72,43,126,102,255,29,104,218,111,184,1,1,1,36,37,128,128,0,1,34,232,
255,255,207,255,255,191,176,166,4,69,52,127,98,255,30,102,213,107,186,1,1,1,25,42,128,128,0,1,28,42,
255,255,214,255,255,186,172,166,5,68,54,127,97,255,30,101,212,106,187,1,1,1,22,43,128,128,0,1,233,0,
255,255,196,255,255,215,198,166,5,68,58,128,94,255,30,99,207,101,192,1,1,1,4,48,128,128,0,1,30,201,
255,255,172,255,255,249,230,167,4,67,65,127,93,255,31,98,205,98,192,1,1,1,1,50,128,128,0,1,135,198,
255,255,149,247,255,255,246,166,4,68,75,124,90,255,34,95,196,91,194,1,1,1,1,56,128,128,0,1,180,125,
255,255,148,248,255,254,245,165,4,68,79,122,89,255,35,94,193,88,194,1,1,1,1,57,128,128,0,1,31,181,
255,255,149,248,255,255,250,164,3,67,86,120,89,255,38,91,188,83,195,1,1,1,1,59,128,128,0,1,91,50,
255,255,145,250,255,255,255,164,3,65,89,118,90,255,39,89,185,82,195,1,1,1,1,61,128,128,0,1,105,206,
255,255,141,249,255,255,255,163,4,62,97,116,90,255,44,88,182,80,197,1,1,1,1,58,128,128,0,1,141,208,
255,255,140,250,255,255,255,163,4,62,99,115,91,255,45,88,182,80,198,1,1,1,1,57,128,128,0,1,236,179,
255,255,132,252,255,255,255,157,11,61,106,109,92,255,49,83,171,77,200,1,1,1,1,67,128,128,0,1,22,30,
255,255,132,252,255,255,255,156,12,61,107,109,93,255,49,82,169,77,201,1,1,1,1,69,128,128,0,1,1,151,
255,255,128,254,255,255,255,154,15,61,110,107,94,255,55,81,164,77,203,1,1,1,1,68,128,128,0,1,172,206,
255,255,124,253,255,255,255,153,17,60,111,107,95,255,57,81,162,77,203,1,1,1,1,69,128,128,0,1,51,222,
255,255,118,251,255,255,255,151,19,60,111,107,95,255,59,82,158,78,202,1,1,1,1,70,128,128,0,1,46,149,
255,255,118,251,255,255,255,151,20,60,110,107,95,255,61,83,157,77,202,1,1,1,1,70,128,128,0,1,197,25,
255,255,120,252,255,255,255,150,22,61,110,106,94,255,64,82,155,76,203,1,1,1,1,72,128,128,0,1,60,75,
255,255,120,251,255,255,255,150,23,62,110,106,93,255,67,82,154,75,202,1,1,1,1,72,128,128,0,1,26,48,
255,255,120,252,255,255,255,148,26,59,115,102,91,255,71,80,153,73,202,1,1,1,1,73,128,128,0,1,146,93,
255,255,118,252,255,255,255,147,27,59,118,100,89,255,74,79,151,71,201,1,1,1,1,73,128,128,0,1,62,106,
255,255,125,248,255,255,251,147,28,56,125,96,86,255,83,77,147,68,211,1,1,1,1,72,128,128,0,1,150,6,
255,255,132,247,255,255,248,147,27,54,128,94,84,255,88,75,144,67,197,1,1,1,1,72,128,128,0,1,228,141,
255,255,134,247,255,254,246,149,24,52,140,86,78,255,104,69,138,64,188,1,1,1,1,72,128,128,0,1,3,44,
255,255,135,247,255,254,246,149,24,52,143,84,77,255,107,68,137,64,206,1,1,1,1,72,128,128,0,1,76,97,
255,255,138,247,255,255,246,151,21,49,153,79,71,255,120,65,131,61,208,1,1,1,1,71,128,128,0,1,47,174,
255,255,148,247,255,255,246,152,20,46,157,76,69,255,125,63,128,60,210,1,1,1,1,71,128,128,0,1,11,127,
255,255,137,249,255,255,247,154,17,42,165,73,67,255,137,61,122,59,214,1,1,1,1,71,128,128,0,1,61,249,
255,255,137,249,255,255,247,153,17,38,171,71,67,255,144,58,119,58,215,1,1,1,1,71,128,128,0,1,176,103,
255,255,137,250,255,255,247,159,10,35,177,69,67,255,152,59,116,58,216,1,1,1,255,69,128,128,0,1,87,115,
255,255,137,250,255,255,248,160,8,33,180,69,66,255,156,59,114,58,217,1,1,1,255,68,128,128,0,1,146,241,
255,255,140,251,255,255,248,164,2,30,183,69,65,255,162,56,109,56,218,1,1,1,255,71,128,128,0,1,254,34,
255,255,140,251,255,255,248,166,1,28,185,68,64,255,164,55,108,56,218,1,1,1,255,72,128,128,0,1,169,107,
255,255,140,254,255,255,249,168,1,23,190,66,63,255,167,55,107,56,218,1,1,1,255,73,128,128,0,1,200,188,
255,255,140,251,255,255,250,169,1,21,193,65,63,255,168,54,107,55,216,1,1,1,255,74,128,128,0,1,210,112,
255,255,140,251,255,255,250,170,1,20,193,65,63,255,169,54,107,55,218,1,1,1,255,74,128,128,0,1,125,180,
255,255,143,251,255,255,251,171,1,18,195,63,63,255,170,55,106,55,218,1,1,1,255,75,128,128,0,1,31,224,
255,255,142,251,255,255,251,171,1,17,196,63,63,255,171,56,105,55,218,1,1,1,255,75,128,128,0,1,2,228,
255,255,145,250,255,255,252,171,1,16,199,61,63,255,175,56,103,55,217,1,1,1,255,75,128,128,0,1,160,192,
255,255,146,250,255,255,252,172,1,16,199,61,63,255,176,56,102,55,217,1,1,1,255,75,128,128,0,1,62,43,
255,255,138,249,255,255,252,172,1,16,200,60,62,255,181,56,99,56,217,1,1,1,255,75,128,128,0,1,5,234,
255,255,135,247,255,255,252,173,1,17,201,59,61,255,186,57,96,56,216,1,1,1,255,74,128,128,0,1,109,22,
255,255,141,249,255,255,253,173,1,18,201,58,59,255,193,56,93,55,216,1,1,1,255,74,128,128,0,1,162,204,
255,255,142,249,255,255,253,173,1,18,201,58,58,255,195,56,92,55,217,1,1,1,255,74,128,128,0,1,199,216,
255,255,142,248,255,255,254,178,1,17,204,56,50,255,206,53,89,54,218,1,1,1,255,76,128,128,0,1,144,10,
255,255,142,248,255,255,254,178,1,17,205,55,47,255,208,53,89,53,218,1,1,1,255,76,128,128,0,1,44,6,
255,255,145,248,255,255,255,179,1,15,209,53,39,251,214,51,87,53,218,1,1,1,255,77,128,128,0,1,76,42,
255,255,145,249,255,255,255,180,1,13,212,52,35,248,216,51,86,53,218,1,1,1,255,77,128,128,0,1,229,78,
255,255,145,249,255,255,255,182,1,9,217,51,29,242,218,51,86,53,218,1,1,1,255,77,128,128,0,1,14,183,
255,255,145,249,255,255,255,184,1,7,219,51,29,241,219,51,86,53,219,1,1,1,255,77,128,128,0,1,56,205,
255,255,133,247,255,255,255,185,1,5,221,51,9,217,220,52,83,53,218,1,1,1,255,76,128,128,0,1,222,168,
255,255,145,252,255,255,255,187,1,3,224,50,1,202,221,53,82,53,217,1,1,1,255,76,128,128,0,1,198,116,
255,255,145,249,255,255,255,189,1,1,226,50,1,190,221,52,82,53,217,1,1,1,255,76,128,128,0,1,15,104,
255,255,146,249,255,255,255,189,1,1,227,50,1,184,221,52,82,53,217,1,1,1,255,76,128,128,0,1,211,214,
255,255,140,248,255,255,255,191,1,1,232,49,1,177,222,51,83,53,216,1,1,1,255,76,128,128,0,1,3,95,
255,255,146,249,255,255,255,191,1,1,233,49,1,177,223,52,83,54,216,1,1,1,255,76,128,128,0,1,74,152,
255,255,146,249,255,255,255,192,1,1,236,49,1,173,224,51,83,54,214,1,1,1,255,75,128,128,0,1,34,217,
255,255,146,249,255,255,255,192,1,1,236,49,1,173,225,51,84,54,215,1,1,1,255,75,128,128,0,1,134,22,
255,255,146,249,255,255,255,193,1,1,238,48,1,170,226,51,84,54,213,1,1,1,255,74,128,128,0,1,190,228,
255,255,146,249,255,255,255,193,1,1,238,49,1,170,227,51,84,54,212,1,1,1,255,74,128,128,0,1,190,112,
255,255,146,249,255,255,255,193,1,1,238,48,1,172,227,51,84,54,212,1,1,1,255,74,128,128,0,1,105,226,
255,255,146,249,255,255,255,193,1,1,238,49,1,172,228,51,84,54,212,1,1,1,255,73,128,128,0,1,122,181,
255,255,146,248,255,255,255,193,1,1,238,48,1,172,228,51,84,54,211,1,1,1,255,73,128,128,0,1,206,6,
255,255,147,249,255,255,255,193,1,1,239,48,1,171,228,51,84,54,210,1,1,1,255,73,128,128,0,1,37,59,
255,255,146,248,255,255,255,193,1,1,239,47,2,170,228,50,84,54,209,1,1,1,1,74,128,128,0,1,147,170,
255,255,148,248,255,255,255,193,1,1,239,47,2,169,228,50,84,54,209,1,1,1,1,73,128,128,0,1,130,43,
255,255,147,248,255,255,255,194,1,1,240,47,4,167,229,51,85,54,209,1,1,1,1,73,128,128,0,1,154,144,
255,255,147,248,255,255,255,194,1,1,240,47,5,167,229,50,85,54,208,1,1,1,1,74,128,128,0,1,76,68,
255,255,147,248,255,255,255,194,1,1,240,46,5,167,229,50,85,54,207,1,1,1,1,74,128,128,0,1,44,113,
255,255,147,248,255,255,255,194,1,1,240,46,4,167,229,50,85,54,207,1,1,1,1,74,128,128,0,1,237,225,
255,255,147,247,255,255,255,194,1,1,240,47,4,167,228,50,85,54,206,1,1,1,1,74,128,128,0,1,237,81,
255,255,147,247,255,255,255,194,1,1,239,47,2,170,228,49,85,54,206,1,1,1,1,74,128,128,0,1,145,231,
255,255,147,247,255,255,255,194,1,1,238,47,1,170,226,49,86,54,204,1,1,1,1,74,128,128,0,1,35,34,
255,255,149,247,255,255,255,194,1,1,234,48,1,177,223,48,86,55,203,1,1,1,1,74,128,128,0,1,156,244,
255,255,149,247,255,255,255,194,1,1,233,49,1,181,222,48,87,55,201,1,1,1,1,74,128,128,0,1,101,235,
255,255,145,247,255,255,255,194,1,5,224,50,34,204,213,48,90,55,195,1,1,1,1,74,128,128,0,1,117,185,
255,255,145,245,255,255,255,192,1,9,219,50,67,213,205,47,92,56,194,1,1,1,1,74,128,128,0,1,248,125,
255,255,143,246,255,255,255,191,1,14,213,51,102,220,196,47,96,56,192,1,1,1,1,75,128,128,0,1,155,47,
255,255,142,243,255,255,255,191,1,16,211,51,115,221,192,48,97,57,192,1,1,1,1,75,128,128,0,1,245,84,
255,255,139,243,255,255,255,189,1,21,207,51,137,222,186,50,98,58,191,1,1,1,1,75,128,128,0,1,4,109,
255,255,137,243,255,255,255,189,1,23,206,52,142,223,184,50,99,58,189,1,1,1,1,76,128,128,0,1,4,158,
255,255,123,242,255,255,255,187,1,31,197,54,151,225,175,50,101,58,186,1,1,1,1,76,128,128,0,1,111,212,
255,255,115,241,255,255,255,185,1,33,194,55,156,225,171,50,102,59,186,1,1,1,1,76,128,128,0,1,254,1,
255,255,98,240,255,255,255,181,1,40,188,56,182,222,163,52,104,60,181,1,1,1,1,76,128,128,0,1,187,152,
255,255,89,239,255,255,255,179,1,42,187,56,188,218,159,52,105,60,177,1,1,1,1,76,128,128,0,1,61,115,
255,255,89,231,255,255,248,178,1,50,180,58,201,211,149,53,108,61,158,1,5,5,1,76,128,128,0,1,95,120,
255,255,92,221,255,248,241,172,2,53,178,59,204,209,145,54,109,61,150,1,9,8,1,76,128,128,0,1,223,203,
255,255,90,173,235,199,190,171,7,57,172,61,207,204,137,54,111,62,123,11,45,50,1,77,128,128,0,1,98,139,
255,255,89,156,215,179,173,171,8,57,170,61,207,203,135,54,111,62,116,1,49,55,1,77,128,128,0,1,214,179,
255,255,107,128,189,153,152,170,10,61,165,63,209,203,128,56,114,63,104,31,58,64,1,76,128,128,0,1,134,95,
255,255,122,110,173,138,143,171,10,62,163,64,210,204,124,57,115,63,106,54,71,78,1,76,128,128,0,1,68,31,
255,255,154,95,159,126,137,172,11,66,158,66,211,205,115,57,120,64,90,71,79,89,1,73,128,128,0,1,133,78,
255,255,169,86,151,122,136,173,12,68,155,67,211,207,111,57,122,65,90,68,81,88,1,72,128,128,0,1,125,13,
255,255,180,85,150,122,138,173,12,71,149,69,212,208,106,58,126,67,89,66,79,87,1,71,128,128,0,1,237,225,
255,255,189,75,142,118,136,174,12,73,147,70,214,207,98,59,128,67,89,67,80,88,1,71,128,128,0,1,134,83,
255,255,226,54,125,115,129,174,13,76,142,71,216,206,90,61,132,68,91,72,84,91,1,71,128,128,0,1,106,28,
255,255,247,40,116,96,121,173,13,76,141,71,217,205,87,62,133,68,89,77,83,87,1,70,128,128,0,1,45,135,
255,255,255,20,100,81,117,172,14,78,139,72,219,203,84,63,136,69,86,92,92,99,1,69,128,128,0,1,234,44,
255,255,255,18,97,79,107,174,13,83,130,75,220,203,77,63,138,70,86,91,93,100,1,69,128,128,0,1,215,223,
255,255,255,11,92,79,103,176,13,86,126,76,221,202,73,64,139,70,86,91,94,100,1,67,128,128,0,1,197,103,
255,255,255,20,98,80,109,175,13,88,121,78,222,202,67,65,142,71,86,87,92,99,6,65,128,128,0,1,2,200,
255,255,255,21,99,81,109,175,13,89,120,79,222,202,66,65,142,71,87,85,92,98,7,65,128,128,0,1,162,221,
255,255,255,23,101,81,111,174,14,92,114,81,222,202,60,65,146,71,88,80,90,97,13,66,128,128,0,1,228,42,
255,255,255,28,106,81,113,175,13,93,111,82,222,202,58,65,147,72,89,86,89,96,16,65,128,128,0,1,23,2,
255,255,255,42,116,88,121,175,13,97,102,85,222,203,51,66,152,73,91,80,85,91,20,64,128,128,0,1,249,153,
255,255,255,44,118,87,122,176,13,98,100,86,222,203,50,66,153,73,91,78,84,91,21,63,128,128,0,1,157,214,
255,255,255,51,124,102,126,177,12,100,93,89,222,204,45,67,157,75,92,75,83,90,26,62,128,128,0,1,71,207,
255,255,255,54,127,105,129,178,12,101,89,91,221,203,42,67,159,75,93,73,83,89,29,60,128,128,0,1,246,232,
255,255,255,73,144,122,143,181,10,106,80,94,220,204,37,68,164,77,90,70,80,86,36,57,128,128,0,1,194,133,
255,255,230,82,151,130,150,183,9,106,75,96,220,204,36,69,166,78,95,69,79,85,39,55,128,128,0,1,93,6,
255,255,209,94,162,140,158,185,8,104,69,100,220,203,32,69,169,79,95,68,78,83,44,53,128,128,0,1,198,198,
255,255,200,99,166,144,161,185,8,106,65,101,219,203,30,69,171,79,96,67,77,83,46,52,128,128,0,1,213,209,
255,255,186,103,171,147,164,186,8,110,61,103,219,204,28,71,173,80,97,66,76,82,48,46,128,128,0,1,210,213,
255,255,174,106,173,150,165,192,4,108,57,109,219,205,25,72,176,81,96,66,75,83,50,40,128,128,0,1,66,63,
255,255,178,109,176,152,167,189,7,108,52,111,218,205,23,73,178,82,99,65,75,83,51,41,128,128,0,1,11,64,
255,255,176,112,178,154,169,189,7,107,49,113,218,206,22,73,179,83,100,65,74,83,54,41,128,128,0,1,78,192,
255,255,170,116,182,157,172,189,7,106,45,116,218,206,20,75,182,84,101,66,73,83,58,35,128,128,0,1,81,8,
255,255,168,119,185,159,173,189,8,106,43,118,218,207,20,75,183,84,101,66,73,84,60,33,128,128,0,1,67,59,
255,255,162,122,188,162,176,191,7,104,38,122,217,206,18,75,185,85,100,65,72,84,68,31,128,128,0,1,168,245,
255,255,161,123,189,161,176,191,7,104,37,122,217,206,18,75,186,85,100,65,72,84,69,29,128,128,0,1,114,109,
255,255,159,125,191,165,179,193,7,102,33,124,218,206,16,76,190,86,100,65,71,84,75,22,128,128,0,1,25,249,
255,255,158,125,193,167,180,193,7,102,31,125,218,208,16,77,191,86,99,65,71,85,77,18,128,128,0,1,9,103,
255,255,146,131,193,169,182,196,5,99,25,129,219,211,14,78,195,86,100,67,70,86,78,5,128,128,0,1,124,104,
255,255,153,131,194,169,182,197,5,98,24,129,219,211,14,78,196,86,100,67,70,86,78,1,128,128,0,1,33,114,
255,255,149,133,198,171,183,198,4,95,22,131,220,210,12,78,199,87,100,67,70,87,79,1,128,128,0,1,246,28,
255,255,148,133,198,171,184,199,3,94,21,132,219,209,12,77,199,87,100,67,70,88,80,1,128,128,0,1,146,211,
255,255,148,136,200,172,185,199,3,94,20,132,220,211,11,79,202,87,100,68,70,88,80,1,128,128,0,1,248,99,
255,255,148,137,200,173,185,199,3,94,21,133,220,212,11,79,203,88,101,68,70,88,80,1,128,128,0,1,186,122,
255,255,147,138,201,174,186,200,2,92,21,135,221,216,10,79,205,88,99,69,70,90,82,1,128,128,0,1,193,44,
255,255,142,139,200,175,186,199,1,89,21,135,222,219,8,79,206,88,100,69,70,91,88,1,128,128,0,1,148,26,
255,255,136,146,208,181,191,199,1,87,22,135,221,222,7,79,206,88,100,69,71,92,93,1,128,128,0,1,3,38,
255,255,146,155,217,194,202,197,1,84,24,136,221,223,6,81,207,88,101,69,70,92,95,1,128,128,0,1,184,176,
255,255,142,161,226,201,207,195,1,83,27,136,222,224,5,83,207,88,103,69,68,91,94,1,128,128,0,1,67,107,
255,255,135,162,232,208,216,195,1,83,30,136,222,224,4,84,210,88,105,68,68,91,97,1,128,128,0,1,206,240,
255,255,133,163,233,209,217,196,1,82,31,136,222,224,3,84,211,88,105,68,67,91,98,1,128,128,0,1,137,21,
255,255,138,175,240,215,222,197,1,77,33,139,222,223,2,84,214,88,104,69,67,92,107,1,128,128,0,1,255,62,
255,255,133,176,241,217,223,197,1,77,33,139,222,223,2,84,216,88,104,68,66,92,109,1,128,128,0,1,235,23,
255,255,122,172,238,213,220,198,1,76,34,140,222,222,2,85,218,88,103,70,67,94,118,1,128,128,0,1,0,177,
255,255,122,172,238,213,219,197,1,75,34,141,222,222,2,85,218,88,103,70,67,94,120,1,128,128,0,1,224,174,
255,255,123,172,238,213,219,198,1,74,33,142,223,222,2,85,220,87,103,71,67,95,129,1,128,128,0,1,230,159,
255,255,123,172,238,213,219,199,1,74,33,143,223,223,2,86,221,87,103,71,67,96,132,1,128,128,0,1,81,136,
255,255,122,172,238,213,218,198,1,73,33,143,224,224,2,86,221,87,103,72,67,97,139,1,128,128,0,1,82,17,
255,255,122,172,238,213,218,198,1,72,35,143,225,224,2,86,221,87,103,72,67,98,139,1,128,128,0,1,60,197,
255,255,121,171,237,213,218,198,1,72,37,143,225,226,1,86,221,87,103,72,67,99,139,1,128,128,0,1,8,95,
255,255,121,171,237,212,217,198,1,73,38,143,225,226,1,86,221,86,103,72,67,99,139,1,128,128,0,1,127,146,
255,255,122,171,237,212,216,198,1,73,39,143,226,227,1,86,221,86,104,73,68,101,144,1,128,128,0,1,109,190,
255,255,122,171,237,212,216,198,1,74,39,143,226,226,1,86,220,86,104,73,68,101,146,1,128,128,0,1,20,219,
255,255,119,170,236,211,216,197,1,75,40,143,226,226,1,86,220,86,104,73,68,102,151,1,128,128,0,1,162,147,
255,255,121,170,236,212,216,197,1,76,40,143,226,226,1,86,220,86,104,74,68,103,154,1,128,128,0,1,168,35,
255,255,120,170,236,212,216,196,1,76,42,142,226,225,1,86,220,86,104,74,68,104,157,1,128,128,0,1,13,147,
255,255,119,170,236,212,216,196,1,78,44,142,226,226,1,85,220,86,104,74,68,105,160,1,128,128,0,1,226,77,
255,255,119,170,237,212,217,195,1,81,47,142,226,226,1,85,219,86,105,74,68,106,164,1,128,128,0,1,236,187,
255,255,119,169,236,211,215,196,1,83,49,142,226,226,1,85,218,86,105,75,68,106,166,1,128,128,0,1,223,111,
255,255,115,171,238,213,217,195,1,86,52,142,227,226,1,85,218,86,105,75,69,107,169,1,128,128,0,1,86,91,
255,255,115,174,239,215,218,195,1,89,54,142,227,227,1,85,218,85,105,75,69,108,171,1,128,128,0,1,175,181,
255,255,111,182,245,221,225,195,1,95,59,142,228,227,1,85,218,85,105,75,69,108,174,1,128,128,0,1,22,251,
255,255,111,190,250,228,231,195,1,102,65,143,229,228,1,85,218,85,105,76,68,110,176,1,128,128,0,1,111,108,
255,255,110,198,255,236,238,195,1,117,72,143,229,228,1,85,218,85,106,76,69,111,179,1,128,128,0,1,247,86,
255,255,109,200,255,239,240,194,1,123,74,143,229,228,1,85,217,85,106,76,69,111,179,1,128,128,0,1,93,43,
255,255,88,200,255,238,239,194,1,134,79,142,233,229,1,85,217,85,106,76,69,112,183,1,128,128,0,1,171,223,
255,255,114,212,255,248,250,194,1,146,81,140,233,230,1,86,217,85,106,77,69,113,185,1,128,128,0,1,88,239,
255,255,113,214,255,249,249,195,1,153,83,140,234,230,1,86,217,85,107,77,69,114,187,1,128,128,0,1,114,14,
255,255,113,220,255,252,252,198,1,165,83,138,234,230,1,86,217,85,107,77,69,115,189,1,128,128,0,1,227,161,
255,255,114,218,255,253,253,197,1,170,83,138,234,230,1,86,217,86,107,78,69,115,190,1,128,128,0,1,116,135,
255,255,114,218,255,253,254,196,1,179,83,136,234,229,1,86,216,86,107,78,69,116,191,1,128,128,0,1,100,174,
255,255,116,219,255,254,254,196,1,183,83,135,234,230,1,86,216,86,108,78,69,117,192,1,128,128,0,1,95,37,
255,255,118,219,255,253,254,196,1,188,83,135,234,229,1,86,216,86,108,79,70,118,194,1,128,128,0,1,98,60,
255,255,119,219,255,253,254,196,1,189,83,134,234,229,1,86,216,86,108,79,70,119,195,1,128,128,0,1,231,190,
255,255,122,220,255,252,254,198,1,191,83,134,234,230,1,86,216,85,108,79,70,119,196,1,128,128,0,1,64,91,
255,255,122,220,255,252,254,198,1,191,83,134,234,230,1,86,216,85,108,79,70,119,196,1,128,128,0,1,64,91,
255,255,124,220,255,250,253,201,1,191,82,133,234,230,1,85,216,85,108,79,70,121,198,1,128,128,0,1,59,86,
255,255,123,220,255,250,253,203,1,191,83,133,234,229,1,85,217,85,108,80,70,122,199,1,128,128,0,1,167,20,
255,255,124,219,255,249,253,205,1,187,79,132,233,230,1,85,217,85,108,80,70,123,199,1,128,128,0,1,165,128,
255,255,124,219,255,249,252,206,1,187,78,132,233,230,1,85,217,85,108,80,70,123,200,1,128,128,0,1,23,124,
255,255,126,222,255,248,251,209,1,183,77,131,233,229,1,85,217,86,108,80,70,124,201,1,128,128,0,1,153,123,
255,255,127,218,255,247,251,210,1,182,77,130,233,229,1,86,217,86,108,80,70,124,201,1,128,128,0,1,111,141,
255,255,129,217,255,246,251,213,1,179,77,129,233,229,1,86,217,86,109,81,71,125,202,1,128,128,0,1,6,70,
255,255,122,214,255,246,249,213,1,178,77,127,233,229,1,86,217,85,109,81,71,125,202,1,128,128,0,1,54,110,
255,255,131,216,255,246,250,216,1,178,78,127,233,230,1,86,217,86,109,81,71,127,203,1,128,128,0,1,33,41,
255,255,135,215,255,246,251,218,1,178,77,127,233,230,1,86,217,86,109,81,71,127,203,1,128,128,0,1,199,88,
255,255,133,215,255,241,249,216,1,176,75,128,234,230,1,86,217,86,109,82,71,128,204,1,128,128,0,1,96,130,
255,255,130,217,255,240,250,215,1,175,74,128,234,230,1,86,217,86,109,82,71,128,204,1,128,128,0,1,89,124,
255,255,124,212,255,242,246,213,1,173,72,129,234,228,1,86,217,86,109,82,71,129,204,1,128,128,0,1,3,136,
255,255,125,212,255,242,245,211,1,171,73,129,234,228,1,86,217,86,109,83,71,130,205,1,128,128,0,1,8,49,
255,255,124,212,255,242,245,211,1,170,74,129,234,228,1,86,217,85,109,83,71,130,205,1,128,128,0,1,50,50,
255,255,123,212,255,242,245,211,1,169,74,129,234,228,1,86,217,85,109,83,71,131,205,1,128,128,0,1,136,201,
255,255,122,213,255,243,246,212,1,169,76,128,233,229,1,85,217,85,109,83,71,132,205,1,128,128,0,1,175,26,
255,255,122,215,255,243,247,211,1,167,79,125,233,229,1,85,217,85,109,83,71,132,205,1,128,128,0,1,232,222,
255,255,123,214,255,243,247,210,1,167,83,121,231,231,1,86,217,85,109,84,71,133,205,1,128,128,0,1,228,8,
255,255,122,213,255,243,248,208,1,170,86,116,228,232,1,86,216,84,109,84,71,134,205,1,128,128,0,1,16,39,
255,255,123,213,255,243,248,208,1,170,87,115,227,232,1,86,216,84,108,83,70,133,205,1,128,128,0,1,204,30,
255,255,118,212,255,243,247,208,1,171,89,113,221,235,1,85,216,82,112,82,70,132,204,1,128,128,0,1,27,126,
255,255,118,212,255,242,247,208,1,171,89,113,221,236,1,84,215,82,113,80,72,130,203,1,128,128,0,1,41,235,
255,255,123,213,255,243,248,208,1,172,90,112,215,238,7,78,212,78,130,70,58,122,196,1,128,128,0,1,107,30,
255,255,123,213,255,243,249,208,1,172,90,112,213,241,13,73,209,76,141,52,45,108,186,1,128,128,0,1,18,229,
255,255,123,212,255,243,249,208,1,172,91,111,210,241,19,68,203,73,162,35,51,93,172,11,128,128,0,1,72,130,
255,255,123,212,255,243,249,208,1,171,91,111,209,242,25,65,198,71,171,26,21,82,162,25,128,128,0,1,11,83,
255,255,123,212,255,243,250,208,1,171,92,112,207,243,37,59,189,69,196,2,4,72,141,47,128,128,0,1,160,163,
255,255,123,212,255,243,250,208,1,172,92,112,206,245,43,57,183,67,203,1,1,70,130,55,128,128,0,1,119,155,
255,255,123,212,255,244,250,209,1,172,92,112,204,247,63,51,171,64,216,1,1,49,121,68,128,128,0,1,54,84,
255,255,123,212,255,244,250,209,1,173,92,112,202,247,70,49,167,63,220,1,1,47,120,70,128,128,0,1,186,241,
255,255,123,212,255,243,250,209,1,173,92,112,199,248,84,45,162,61,205,1,1,34,108,75,128,128,0,1,207,201,
255,255,122,211,255,244,250,209,1,173,92,112,198,249,90,44,160,60,220,1,1,37,111,78,128,128,0,1,225,9,
255,255,123,211,255,243,250,209,1,174,92,111,195,249,105,43,156,59,226,1,1,29,105,82,128,128,0,1,187,252,
255,255,121,211,255,243,250,209,1,174,93,111,194,249,108,43,156,59,228,1,1,27,103,83,128,128,0,1,103,219,
255,255,123,211,255,243,251,209,1,175,93,110,187,250,124,44,152,58,235,1,1,15,92,88,128,128,0,1,162,168,
255,255,123,211,255,243,251,210,1,176,93,110,185,251,125,44,151,58,235,1,1,13,91,88,128,128,0,1,116,142,
255,255,123,211,255,243,251,210,1,176,94,110,179,252,145,39,148,58,239,1,1,6,85,93,128,128,0,1,128,247,
255,255,123,211,255,243,251,210,1,176,94,110,178,252,148,38,147,58,238,1,1,6,84,94,128,128,0,1,167,60,
255,255,123,211,255,243,252,210,1,177,94,110,176,252,165,37,141,59,240,1,1,2,81,100,128,128,0,1,201,81,
255,255,123,211,255,243,252,210,1,178,94,110,175,252,169,37,139,59,241,1,1,2,80,101,128,128,0,1,172,253,
255,255,122,210,255,243,252,210,1,179,94,110,175,253,172,37,137,58,241,1,1,1,78,101,128,128,0,1,52,135,
255,255,123,210,255,243,252,210,1,179,94,110,175,254,173,37,137,58,241,1,1,1,78,101,128,128,0,1,143,184,
255,255,123,210,255,243,252,210,1,179,93,110,174,255,175,38,136,58,240,1,1,1,73,100,128,128,0,1,233,28,
255,255,123,211,255,244,253,211,1,180,93,110,174,255,175,39,135,58,240,1,1,1,71,100,128,128,0,1,185,33,
255,255,120,211,255,243,252,211,1,180,94,110,172,255,179,41,134,59,239,1,1,1,69,98,128,128,0,1,63,180,
255,255,116,209,255,243,252,211,1,181,94,109,169,255,184,42,132,60,238,1,1,1,68,98,128,128,0,1,9,182,
255,255,122,211,255,244,254,211,1,181,94,108,162,255,187,41,132,60,238,1,1,1,69,100,128,128,0,1,34,130,
255,255,122,210,255,244,254,211,1,182,94,108,155,255,190,39,130,59,237,1,1,1,69,101,128,128,0,1,44,69,
255,255,123,211,255,244,255,212,1,182,95,108,140,255,194,38,128,59,238,1,1,1,68,101,128,128,0,1,79,30,
255,255,123,211,255,244,255,212,1,182,95,108,133,255,195,37,126,59,238,1,1,1,68,101,128,128,0,1,38,156,
255,255,123,210,255,244,255,212,1,182,95,108,123,254,197,38,123,59,238,1,1,1,67,100,128,128,0,1,64,251,
255,255,123,210,255,244,255,212,1,182,95,108,119,251,199,39,121,59,239,1,1,1,67,99,128,128,0,1,156,124,
255,255,123,210,255,244,255,213,1,182,96,108,114,243,199,37,118,59,238,1,1,1,67,100,128,128,0,1,140,179,
255,255,123,210,255,244,255,213,1,182,96,107,113,240,200,37,118,59,238,1,1,1,67,100,128,128,0,1,50,125,
255,255,122,210,255,245,255,213,1,183,95,107,109,232,198,37,117,59,235,1,1,1,67,99,128,128,0,1,184,35,
255,255,123,209,255,244,255,213,1,183,95,107,98,217,196,37,116,59,238,1,1,1,67,98,128,128,0,1,21,58,
255,255,123,209,255,244,255,213,1,184,95,107,95,212,195,37,115,59,237,1,1,1,67,98,128,128,0,1,92,168,
255,255,123,209,255,244,255,213,1,184,95,106,89,208,194,37,116,60,237,1,1,1,67,98,128,128,0,1,101,231,
255,255,123,209,255,244,255,213,1,184,94,106,87,204,193,38,116,60,237,1,1,1,67,98,128,128,0,1,170,182,
255,255,123,209,255,244,255,213,1,184,95,105,86,202,193,38,116,60,236,1,1,1,66,98,128,128,0,1,28,60,
255,255,123,209,255,244,255,213,1,184,95,105,85,201,192,38,117,60,236,1,1,1,66,98,128,128,0,1,226,206,
255,255,123,209,255,243,255,213,1,184,95,105,74,196,191,37,117,60,235,1,1,1,65,98,128,128,0,1,203,112,
255,255,123,209,255,243,255,213,1,184,95,105,65,191,191,38,118,60,235,1,1,1,64,97,128,128,0,1,243,114,
255,255,123,208,255,243,255,213,1,184,95,104,50,180,190,38,118,60,234,1,1,1,63,97,128,128,0,1,130,194,
255,255,123,208,255,243,255,213,1,184,95,104,45,176,190,38,118,60,234,1,1,1,62,97,128,128,0,1,207,40,
255,255,123,208,255,243,255,213,1,184,95,104,28,156,188,38,118,60,234,1,1,1,62,97,128,128,0,1,53,115,
255,255,123,208,255,243,255,213,1,184,95,103,21,146,188,38,118,60,234,1,1,1,61,97,128,128,0,1,72,225,
255,255,123,208,255,243,255,213,1,184,95,103,1,96,188,38,118,60,233,1,1,1,60,96,128,128,0,1,249,181,
255,255,122,208,255,243,255,213,1,184,95,103,1,88,188,38,118,60,233,1,1,1,59,96,128,128,0,1,56,239,
255,255,120,207,255,242,255,213,1,184,96,102,1,83,188,38,119,60,232,1,1,1,59,96,128,128,0,1,216,244,
255,255,122,207,255,243,255,213,1,186,95,101,1,85,188,38,121,60,231,1,1,1,58,96,128,128,0,1,13,179,
255,255,121,207,255,243,255,213,1,185,95,101,1,84,188,37,121,60,231,1,1,1,57,96,128,128,0,1,134,71,
255,255,121,207,255,243,255,213,1,186,95,101,1,84,189,37,122,60,230,1,1,1,56,96,128,128,0,1,150,210,
255,255,121,207,255,243,255,213,1,186,95,101,1,84,189,37,122,60,230,1,1,1,56,96,128,128,0,1,150,210,
255,255,121,207,255,243,255,213,1,186,95,101,1,83,189,37,123,60,230,1,1,1,56,96,128,128,0,1,44,19,
255,255,122,207,255,243,255,213,1,185,96,101,1,82,189,37,123,60,229,1,1,1,55,96,128,128,0,1,110,255,
255,255,122,207,255,243,255,213,1,186,96,100,1,83,189,37,123,60,229,1,1,1,54,95,128,128,0,1,175,255,
255,255,122,207,255,243,255,213,1,186,96,100,1,84,189,37,123,60,228,1,1,1,54,95,128,128,0,1,185,56,
255,255,122,206,255,242,255,213,1,186,95,100,1,86,189,37,123,60,228,1,1,1,53,95,128,128,0,1,158,119,
255,255,122,206,255,242,255,213,1,186,95,100,1,86,189,37,123,60,228,1,1,1,53,95,128,128,0,1,158,119,
255,255,122,206,255,242,255,213,1,186,96,100,1,87,189,37,123,60,227,1,1,1,52,95,128,128,0,1,211,100,
255,255,122,206,255,242,255,213,1,186,96,100,1,88,190,37,123,60,227,1,1,1,51,95,128,128,0,1,158,212,
255,255,121,205,255,242,255,213,1,186,97,99,1,91,190,36,123,60,226,1,1,1,50,95,128,128,0,1,152,134,
255,255,121,205,255,242,255,213,1,186,97,99,1,92,190,36,123,60,226,1,1,1,50,95,128,128,0,1,223,132,
255,255,121,205,255,242,255,213,1,186,98,99,1,93,190,36,123,60,225,1,1,1,49,95,128,128,0,1,30,252,
255,255,121,205,255,242,255,213,1,186,98,98,1,94,190,36,123,60,225,1,1,1,49,95,128,128,0,1,12,109,
255,255,122,205,255,242,255,213,1,185,99,98,1,97,189,36,123,60,225,1,1,1,48,95,128,128,0,1,111,87,
255,255,122,205,255,242,255,213,1,185,99,98,1,97,189,36,123,60,225,1,1,1,48,95,128,128,0,1,111,87,
255,255,121,204,255,241,255,213,1,185,99,97,1,98,189,35,123,60,224,1,1,1,47,95,128,128,0,1,143,23,
255,255,121,204,255,241,255,213,1,185,99,97,1,97,189,35,123,60,224,1,1,1,46,95,128,128,0,1,205,199,
255,255,121,204,255,241,255,213,1,185,99,97,1,96,189,35,122,60,224,1,1,1,45,95,128,128,0,1,241,55,
255,255,122,204,255,241,255,213,1,186,99,97,1,96,188,35,122,60,224,1,1,1,45,95,128,128,0,1,190,242,
255,255,122,204,255,241,255,213,1,186,99,96,1,95,188,34,122,60,224,1,1,1,44,95,128,128,0,1,147,34,
255,255,123,204,255,241,255,213,1,186,99,96,1,96,188,34,122,60,224,1,1,1,44,95,128,128,0,1,20,205,
255,255,122,204,255,241,255,213,1,186,99,96,1,96,188,34,122,60,223,1,1,1,43,96,128,128,0,1,201,79,
255,255,122,204,255,241,255,213,1,186,99,96,1,96,188,34,122,60,223,1,1,1,42,95,128,128,0,1,220,155,
255,255,122,204,255,241,255,213,1,186,98,96,1,95,188,34,122,60,223,1,1,1,41,96,128,128,0,1,230,65,
255,255,122,203,255,241,255,213,1,186,99,96,1,95,187,34,123,60,223,1,1,1,41,95,128,128,0,1,242,210,
255,255,122,203,255,241,255,213,1,186,98,96,1,95,187,34,123,60,222,1,1,1,40,95,128,128,0,1,243,58,
255,255,122,203,255,241,255,213,1,186,98,96,1,95,186,34,123,60,222,1,1,1,40,95,128,128,0,1,243,251,
255,255,123,203,255,241,255,213,1,186,98,96,1,96,184,34,124,60,221,1,1,1,39,94,128,128,0,1,79,45,
255,255,123,203,254,241,255,213,1,186,97,96,1,98,181,33,125,60,217,1,1,1,42,92,128,128,0,1,173,56,
255,255,124,203,254,241,255,213,1,186,97,96,1,98,180,33,126,60,216,1,1,1,42,91,128,128,0,1,163,135,
255,255,125,204,255,241,255,213,1,186,97,97,1,98,175,32,128,61,211,1,1,1,44,88,128,128,0,1,127,32,
255,255,124,203,255,241,255,213,1,186,97,97,1,99,172,32,130,61,209,1,1,1,46,86,128,128,0,1,223,156,
255,255,123,202,254,240,255,213,1,185,96,98,1,101,167,33,132,62,200,1,1,1,46,82,128,128,0,1,185,37,
255,255,122,201,253,240,255,213,1,184,95,98,1,103,164,33,133,62,207,1,1,1,50,80,128,128,0,1,237,13,
255,255,121,202,253,240,255,214,1,181,93,100,1,111,157,34,135,63,213,1,1,3,52,77,128,128,0,1,97,87,
255,255,122,202,253,240,255,213,1,179,92,100,1,115,154,35,136,64,204,1,1,1,50,77,128,128,0,1,228,194,
255,255,121,200,250,239,255,214,1,173,91,101,1,126,146,38,138,65,209,1,1,3,51,74,128,128,0,1,81,23,
255,255,121,201,253,239,255,214,1,171,91,102,1,127,144,38,138,65,204,1,1,1,48,74,128,128,0,1,154,226,
255,255,138,204,255,242,255,212,1,162,90,103,5,136,136,40,139,65,204,1,1,1,48,72,128,128,0,1,255,208,
255,255,137,203,255,241,255,212,1,161,90,103,7,138,136,40,139,66,204,1,1,1,47,72,128,128,0,1,64,20,
255,255,115,197,250,236,255,211,1,156,88,105,15,147,128,42,140,67,202,1,1,1,46,69,128,128,0,1,40,53,
255,255,115,196,250,236,255,210,1,155,88,105,17,148,127,42,140,67,202,1,1,1,46,68,128,128,0,1,213,252,
255,255,114,195,249,234,255,211,1,151,86,107,24,153,119,42,141,68,199,1,1,1,46,65,128,128,0,1,176,197,
255,255,114,194,249,236,255,211,1,149,85,107,27,156,115,42,142,68,195,1,1,3,45,64,128,128,0,1,29,158,
255,255,114,195,249,236,255,213,1,147,81,109,34,164,104,43,145,69,186,1,1,13,57,59,128,128,0,1,253,30,
255,255,114,195,249,236,255,214,1,146,81,110,36,166,102,42,146,69,184,1,1,15,58,58,128,128,0,1,180,48,
255,255,115,195,249,236,255,216,1,146,78,111,41,172,92,43,152,72,177,1,1,19,61,54,128,128,0,1,140,102,
255,255,115,195,249,236,255,216,1,145,77,110,45,176,85,45,155,73,174,1,1,22,63,51,128,128,0,1,222,76,
255,255,115,195,249,236,255,220,1,141,76,115,48,179,78,45,159,74,172,1,1,23,64,49,128,128,0,1,40,61,
255,255,114,195,249,236,255,221,1,141,75,115,50,180,73,45,161,74,171,1,1,24,64,47,128,128,0,1,254,141,
255,255,114,195,248,236,255,221,1,140,71,116,52,183,64,46,167,76,166,1,1,24,64,42,128,128,0,1,104,149,
255,255,114,195,247,236,255,222,1,138,69,117,52,185,57,47,171,77,165,1,1,24,63,37,128,128,0,1,29,215,
255,255,114,195,249,236,255,223,1,138,67,117,53,187,51,48,176,78,163,1,1,24,62,30,128,128,0,1,141,181,
255,255,114,195,249,236,255,223,1,138,65,118,53,189,46,48,180,78,162,1,1,24,62,23,128,128,0,1,59,233,
255,255,113,195,249,236,255,225,1,137,61,119,54,192,39,47,186,79,159,1,1,24,60,16,128,128,0,1,48,98,
255,255,113,195,249,236,255,225,1,136,59,119,55,194,36,47,190,80,159,1,1,23,59,12,128,128,0,1,23,235,
255,255,113,195,250,236,255,226,1,136,56,121,57,198,30,49,199,82,159,1,1,24,58,1,128,128,0,1,67,136,
255,255,113,196,250,236,255,227,1,136,54,122,58,200,28,49,203,82,161,1,1,24,59,1,128,128,0,1,214,208,
255,255,113,196,250,237,255,227,1,135,51,123,62,202,23,50,211,82,155,1,1,23,58,1,128,128,0,1,124,224,
255,255,113,196,250,237,255,228,1,135,49,124,63,200,19,53,218,83,152,1,1,22,57,1,128,128,0,1,172,208,
255,255,113,196,250,237,255,229,1,135,47,125,65,201,17,54,223,83,151,1,1,21,56,1,128,128,0,1,227,211,
255,255,113,196,250,237,255,230,1,134,46,125,72,207,15,56,226,83,150,1,1,21,56,1,128,128,0,1,8,114,
255,255,113,196,250,237,255,231,1,134,44,126,76,211,12,58,230,83,148,1,1,20,56,1,128,128,0,1,19,165,
255,255,113,196,250,237,255,233,1,133,41,126,80,216,11,58,231,82,148,1,1,20,55,1,128,128,0,1,20,203,
255,255,109,196,250,237,255,234,1,131,39,127,84,220,9,59,232,82,148,1,1,20,55,1,128,128,0,1,52,35,
255,255,113,196,250,237,255,235,1,131,36,127,89,224,6,62,236,82,148,1,1,19,54,1,128,128,0,1,18,89,
255,255,113,197,250,237,255,236,1,131,34,127,91,226,5,63,237,82,147,1,1,19,54,1,128,128,0,1,158,101,
255,255,113,196,250,237,255,238,1,129,30,128,97,228,3,64,238,82,147,1,1,19,53,1,128,128,0,1,144,229,
255,255,113,196,250,237,255,239,1,128,30,128,102,229,2,65,239,83,147,1,1,19,53,1,128,128,0,1,197,133,
255,255,113,196,250,237,255,241,1,126,27,129,116,230,1,67,238,83,148,1,1,19,52,1,128,128,0,1,230,190,
255,255,112,196,250,237,255,242,1,125,26,130,124,231,1,68,238,83,148,1,1,19,51,1,128,128,0,1,4,12,
255,255,107,196,250,237,255,245,1,121,23,131,140,229,1,69,238,83,147,1,1,19,51,1,128,128,0,1,96,106,
255,255,114,194,249,236,255,246,1,120,23,131,142,228,1,70,239,83,148,1,1,19,51,1,128,128,0,1,22,149,
255,255,113,188,249,236,255,248,1,115,22,132,153,226,1,71,238,83,148,1,1,19,51,255,128,128,0,1,85,142,
255,255,112,195,249,236,255,248,1,112,23,133,158,225,1,72,238,83,148,1,1,19,51,255,128,128,0,1,85,107,
255,255,112,194,248,236,255,249,1,106,24,134,170,224,1,74,237,83,149,1,1,19,50,255,128,128,0,1,84,174,
255,255,111,194,248,236,253,248,1,104,24,134,170,224,1,75,237,83,149,1,1,19,50,255,128,128,0,1,44,96,
255,255,108,193,248,235,255,246,1,98,24,136,180,224,1,76,237,84,150,1,1,18,49,255,128,128,0,1,117,87,
255,255,107,193,247,235,255,241,1,96,25,137,184,224,1,77,237,84,150,1,1,19,49,255,128,128,0,1,242,207,
255,255,96,192,247,235,255,234,1,91,26,139,189,222,1,78,236,84,150,1,1,19,48,255,128,128,0,1,243,116,
255,255,90,191,247,234,255,230,1,89,28,140,192,221,1,78,236,84,150,1,1,19,48,255,128,128,0,1,84,218,
255,255,99,190,246,234,255,219,1,85,32,142,196,219,1,79,236,84,150,1,1,19,48,255,128,128,0,1,193,181,
255,255,98,191,246,233,255,210,1,85,37,144,198,216,1,80,235,84,150,1,1,19,47,255,128,128,0,1,198,255,
255,255,96,191,246,233,255,201,1,85,41,146,200,215,1,80,234,84,151,1,1,19,47,255,128,128,0,1,152,255,
255,255,93,191,246,233,255,193,7,82,45,148,202,213,1,81,234,84,151,1,1,19,47,255,128,128,0,1,231,43,
255,255,91,192,246,233,255,183,12,79,49,149,204,212,1,81,234,84,151,1,1,20,46,255,128,128,0,1,169,85,
255,255,90,195,247,233,255,176,16,78,52,150,205,211,1,81,233,84,151,1,1,20,46,255,128,128,0,1,8,202,
255,255,84,196,248,228,255,164,24,76,56,151,206,211,1,81,233,84,151,1,1,19,46,255,128,128,0,1,252,68,
255,255,76,189,249,222,255,156,29,73,59,153,207,211,1,81,233,84,152,1,1,20,45,255,128,128,0,1,174,84,
255,255,69,199,251,238,255,149,35,72,61,154,208,211,1,81,233,84,151,1,1,20,45,255,128,128,0,1,58,182,
255,255,62,203,253,240,255,145,38,70,62,155,208,211,1,82,233,83,152,1,1,20,44,255,128,128,0,1,72,189,
255,255,61,206,255,241,255,132,48,65,63,157,210,209,1,82,233,83,152,1,1,19,43,255,128,128,0,1,72,216,
255,255,60,206,255,241,255,131,50,64,63,157,211,209,1,82,233,83,152,1,1,19,43,255,128,128,0,1,67,30,
255,255,58,205,255,240,255,124,58,60,64,159,214,208,1,82,232,83,152,1,1,19,43,255,128,128,0,1,163,166,
255,255,62,206,255,240,255,120,63,56,65,160,215,206,1,82,232,83,152,1,1,19,42,255,128,128,0,1,239,122,
255,255,49,202,253,237,255,119,65,53,66,161,216,206,1,82,233,83,152,1,1,19,42,255,128,128,0,1,152,85,
255,255,55,204,255,239,255,117,67,50,67,160,216,205,1,82,233,82,153,1,1,20,42,255,128,128,0,1,223,177,
255,255,58,205,255,241,255,116,71,49,68,159,217,205,1,82,233,82,153,1,1,19,41,255,128,128,0,1,223,44,
255,255,52,203,255,239,255,115,74,46,70,159,218,206,1,82,233,82,152,1,1,19,41,255,128,128,0,1,199,148,
255,255,51,203,255,240,255,114,77,45,71,158,219,206,1,83,232,83,152,1,1,19,41,255,128,128,0,1,62,55,
255,255,51,204,255,243,255,115,81,43,72,157,221,205,1,83,232,83,153,1,1,19,40,255,128,128,0,1,217,235,
255,255,46,202,255,242,255,114,81,42,72,157,221,205,1,84,231,83,153,1,1,19,40,255,128,128,0,1,155,222,
255,255,45,202,255,242,255,115,82,41,73,157,221,204,1,84,231,83,153,1,1,19,40,255,128,128,0,1,16,196,
255,255,44,202,255,242,255,116,82,40,74,157,221,203,1,85,231,83,153,1,1,19,39,255,128,128,0,1,22,72,
255,255,42,202,255,244,255,116,82,38,75,156,222,202,1,86,231,83,153,1,1,19,39,255,128,128,0,1,69,245,
255,255,42,202,255,244,255,116,82,38,75,156,222,202,1,86,231,83,153,1,1,19,39,255,128,128,0,1,69,245,
255,255,43,204,255,245,255,116,83,34,77,155,223,201,1,86,231,83,153,1,1,19,38,255,128,128,0,1,147,24,
255,255,41,203,255,244,255,116,84,33,79,155,223,200,1,87,230,83,153,1,1,19,38,255,128,128,0,1,105,92,
255,255,40,203,255,243,255,116,85,32,79,155,224,199,1,87,230,83,153,1,1,19,38,255,128,128,0,1,233,124,
255,255,39,202,255,244,255,116,86,30,84,154,225,198,1,87,230,83,153,1,1,19,37,255,128,128,0,1,185,157,
255,255,38,203,255,245,255,115,87,28,87,154,226,198,1,87,230,83,153,1,1,19,37,255,128,128,0,1,90,108,
255,255,33,202,255,244,255,114,89,26,90,154,227,198,1,87,230,83,153,1,1,19,36,255,128,128,0,1,142,238,
255,255,37,202,255,244,255,114,91,25,93,154,228,198,1,87,230,83,153,1,1,19,36,255,128,128,0,1,165,48,
255,255,36,202,255,245,255,113,91,26,94,155,229,198,1,87,229,83,153,1,1,19,36,255,128,128,0,1,131,100,
255,255,36,202,255,244,255,112,94,22,95,157,230,198,1,87,229,83,153,1,1,19,35,255,128,128,0,1,114,54,
255,255,37,202,255,244,255,112,95,21,95,157,230,198,1,87,229,83,153,1,1,19,35,255,128,128,0,1,243,92,
255,255,39,201,255,242,255,111,96,19,95,159,231,197,1,87,229,83,152,1,1,19,35,255,128,128,0,1,82,250,
255,255,41,198,255,241,255,110,97,17,95,159,231,197,1,87,229,83,152,1,1,19,34,255,128,128,0,1,143,173,
255,255,58,198,255,241,255,110,97,15,95,159,231,196,1,87,229,83,152,1,1,19,34,255,128,128,0,1,127,56,
255,255,80,199,255,241,255,105,100,12,95,160,231,196,1,87,229,84,152,1,1,19,34,255,128,128,0,1,169,174,
255,255,52,186,246,234,250,103,102,10,96,161,231,196,1,88,228,84,152,1,1,19,33,255,128,128,0,1,123,144,
255,255,51,185,246,233,249,103,103,9,96,161,231,196,1,88,228,84,152,1,1,19,33,255,128,128,0,1,52,193,
255,255,51,180,242,230,246,102,103,7,97,162,231,195,1,88,228,84,152,1,1,19,33,255,128,128,0,1,207,68,
255,255,50,177,240,228,244,99,107,4,97,163,231,195,1,88,228,84,152,1,1,19,33,255,128,128,0,1,229,225,
255,255,54,170,236,223,240,95,110,3,97,163,232,196,1,88,228,84,152,1,1,19,33,255,128,128,0,1,250,173,
255,255,56,173,237,224,240,96,112,1,100,165,232,196,1,88,228,84,153,1,1,19,32,255,128,128,0,1,60,124,
255,255,63,174,238,225,242,96,115,1,102,166,232,196,1,88,228,84,153,1,1,19,32,255,128,128,0,1,178,137,
255,255,68,177,242,229,247,96,118,1,103,166,232,196,1,88,227,84,152,1,1,19,31,255,128,128,0,1,14,183,
255,255,64,182,246,236,252,95,120,1,105,166,231,196,1,88,227,84,152,1,1,19,31,255,128,128,0,1,231,134,
255,255,64,188,252,243,255,95,122,1,107,166,231,195,1,88,227,84,152,1,1,19,31,255,128,128,0,1,152,15,
255,255,72,193,255,247,255,93,124,1,109,165,231,195,1,88,227,84,152,1,1,19,31,255,128,128,0,1,61,61,
255,255,65,202,255,249,255,88,128,1,112,165,230,196,1,89,227,84,152,1,1,19,31,255,128,128,0,1,149,148,
255,255,58,209,255,252,255,88,130,1,115,165,230,196,1,89,227,83,152,1,1,19,31,255,128,128,0,1,211,252,
255,255,57,212,255,255,255,86,133,1,118,165,229,197,1,89,227,83,152,1,1,19,30,255,128,128,0,1,71,241,
255,255,57,213,255,255,255,86,134,1,120,165,229,198,1,90,226,83,153,1,1,19,30,255,128,128,0,1,223,20,
255,255,57,213,255,254,255,85,137,1,127,165,227,201,1,90,226,83,153,1,1,19,30,255,128,128,0,1,8,150,
255,255,56,213,255,254,255,84,138,1,128,166,227,202,1,91,226,83,153,1,1,19,30,255,128,128,0,1,21,223,
255,255,57,213,255,254,255,84,140,1,132,166,226,204,1,91,225,83,153,1,1,19,30,255,128,128,0,1,103,225,
255,255,56,213,255,254,255,83,141,1,134,167,226,205,1,92,225,83,153,1,1,19,30,255,128,128,0,1,238,23,
255,255,55,214,255,253,255,82,142,1,139,168,225,208,1,92,225,83,153,1,1,19,30,255,128,128,0,1,15,255,
255,255,54,214,255,253,255,80,143,1,142,168,224,209,1,93,225,83,153,1,1,19,29,255,128,128,0,1,251,220,
255,255,56,214,255,253,255,76,144,1,146,168,223,211,1,93,225,83,153,1,1,19,29,255,128,128,0,1,123,100,
255,255,53,215,255,253,255,75,145,1,147,168,223,212,1,93,225,83,153,1,1,19,29,255,128,128,0,1,165,186,
255,255,53,215,255,253,255,74,147,1,150,168,222,214,1,93,224,83,153,1,1,19,29,255,128,128,0,1,98,22,
255,255,52,215,255,253,255,74,149,1,151,168,222,215,1,94,224,83,153,1,1,19,29,255,128,128,0,1,135,176,
255,255,50,215,255,255,255,74,153,1,155,168,222,216,1,94,222,84,153,1,1,19,29,255,128,128,0,1,39,48,
255,255,51,216,255,254,255,73,154,1,157,168,222,216,1,95,221,84,153,1,1,20,29,255,128,128,0,1,245,187,
255,255,50,216,255,254,255,73,157,1,159,168,222,217,1,96,219,85,153,1,1,20,29,255,128,128,0,1,129,64,
255,255,50,216,255,254,255,72,158,1,160,169,221,218,1,96,217,85,154,1,1,19,28,255,128,128,0,1,197,3,
255,255,50,216,255,255,255,72,160,1,161,169,221,220,1,98,210,87,157,1,1,19,29,255,128,128,0,1,170,144,
255,255,51,217,255,255,255,72,162,1,161,170,221,221,1,99,205,88,158,1,1,19,28,255,128,128,0,1,88,36,
255,255,48,216,255,254,255,72,163,1,163,172,222,224,1,101,194,91,160,1,1,18,25,255,128,128,0,1,107,32,
255,255,48,217,255,254,255,72,163,1,163,172,222,224,1,104,187,93,161,1,1,19,23,255,128,128,0,1,47,84,
255,255,46,217,255,254,255,72,163,1,163,174,222,226,1,111,170,98,162,1,1,19,30,254,128,128,0,1,113,12,
255,255,46,217,255,254,255,72,163,1,163,174,222,226,1,113,167,99,167,1,1,19,30,250,128,128,0,1,81,237,
255,255,45,217,255,255,255,72,164,1,164,173,222,225,1,118,155,106,156,1,1,22,34,236,128,128,0,1,61,108,
255,255,45,217,255,255,255,71,164,1,164,173,222,225,1,119,153,107,157,1,1,22,34,234,128,128,0,1,228,236,
255,255,43,217,255,255,255,72,163,1,163,173,222,225,1,123,147,112,164,1,1,18,31,226,128,128,0,1,1,93,
255,255,43,218,255,255,255,72,163,1,163,173,222,224,1,126,143,117,164,1,1,19,31,220,128,128,0,1,202,53,
255,255,42,218,255,255,255,72,163,1,163,173,222,224,1,129,142,119,163,1,1,19,30,217,128,128,0,1,236,68,
255,255,42,219,255,255,255,72,162,1,162,173,221,222,1,131,143,122,163,1,1,20,30,214,128,128,0,1,201,157,
255,255,41,219,255,255,255,72,162,1,162,173,221,222,1,133,145,124,163,1,1,20,30,213,128,128,0,1,185,187,
255,255,42,219,255,255,254,73,162,1,162,172,221,221,1,134,147,125,162,1,1,20,29,211,128,128,0,1,65,121,
255,255,42,220,255,255,254,73,162,1,162,172,220,220,1,135,151,126,161,1,1,20,29,208,128,128,0,1,163,130,
255,255,40,219,255,255,253,73,162,1,161,172,221,220,1,137,155,126,160,1,1,21,28,205,128,128,0,1,18,218,
255,255,39,219,255,255,253,73,161,1,161,172,220,218,1,140,159,127,158,1,1,21,28,203,128,128,0,1,37,71,
255,255,39,219,255,255,253,73,161,1,161,171,220,216,1,139,158,127,159,1,1,22,28,200,128,128,0,1,197,54,
255,255,39,220,255,255,253,73,161,1,161,171,220,215,1,140,160,127,157,1,1,21,27,199,128,128,0,1,69,240,
255,255,39,220,255,255,252,72,161,1,161,171,220,215,1,146,170,128,155,1,1,21,26,198,128,128,0,1,90,242,
255,255,39,220,255,255,252,72,161,1,161,171,220,214,1,145,169,128,154,1,1,22,26,197,128,128,0,1,188,240,
255,255,39,220,255,255,251,72,161,1,161,171,220,215,1,151,178,128,154,1,1,22,26,196,128,128,0,1,91,52,
255,255,39,220,255,255,251,72,161,1,161,171,221,215,1,153,179,129,153,1,1,22,25,195,128,128,0,1,48,233,
255,255,38,221,255,254,250,72,160,1,161,170,223,214,1,158,185,130,153,1,1,21,24,193,128,128,0,1,250,149,
255,255,39,220,255,254,250,72,160,1,162,170,223,214,2,159,186,130,153,1,1,21,23,192,128,128,0,1,158,110,
255,255,36,220,255,254,249,72,160,1,161,170,224,214,6,163,191,131,150,1,1,20,22,188,128,128,0,1,106,124,
255,255,39,220,255,254,249,72,160,1,161,170,225,214,7,165,193,131,150,1,1,20,22,185,128,128,0,1,205,3,
255,255,36,220,255,254,249,72,159,1,161,170,224,212,11,168,197,132,150,1,1,19,21,181,128,128,0,1,6,208,
255,255,36,220,255,255,248,72,159,1,161,170,224,211,12,169,198,132,149,1,1,20,21,180,128,128,0,1,231,207,
255,255,37,221,255,255,248,72,159,1,161,169,223,209,14,172,199,133,150,1,1,19,21,178,128,128,0,1,144,239,
255,255,37,221,255,255,248,72,159,1,161,170,223,209,15,173,199,133,150,1,1,19,21,178,128,128,0,1,98,95,
255,255,36,221,255,255,247,72,158,1,161,170,224,209,15,173,198,133,150,1,1,19,21,177,128,128,0,1,240,18,
255,255,36,222,255,255,247,72,158,1,161,170,224,208,15,173,198,133,150,1,1,19,21,177,128,128,0,1,206,89,
255,255,36,222,255,255,246,72,158,1,161,171,226,205,16,174,198,133,151,1,1,20,20,177,128,128,0,1,46,165,
255,255,36,222,255,255,246,72,158,1,161,171,229,198,16,174,198,133,150,1,1,20,20,177,128,128,0,1,118,85,
255,255,37,222,255,255,246,72,158,1,160,171,234,190,16,175,198,133,150,1,1,20,20,177,128,128,0,1,224,1,
255,255,36,222,255,255,245,72,158,1,160,171,240,182,15,176,199,133,150,1,1,20,20,176,128,128,0,1,28,197,
255,255,37,222,255,255,245,72,158,1,159,170,244,175,15,177,199,133,150,1,1,21,19,177,128,128,0,1,124,77,
255,255,36,222,255,255,245,72,157,1,158,170,251,164,15,180,201,133,150,1,1,21,19,177,128,128,0,1,122,92,
255,255,36,222,255,255,244,72,157,1,158,171,252,160,15,181,201,133,150,1,1,21,19,177,128,128,0,1,191,176,
255,255,36,222,255,255,244,72,158,1,157,171,253,152,15,182,201,133,150,1,1,21,19,177,128,128,0,1,247,134,
255,255,36,222,255,255,244,72,158,1,157,171,254,146,14,182,202,133,151,1,1,22,18,178,128,128,0,1,30,161,
255,255,36,223,255,255,243,72,158,1,157,171,254,139,14,183,201,133,151,1,1,22,18,178,128,128,0,1,163,49,
255,255,36,223,255,255,243,72,157,1,157,171,253,134,14,183,201,134,151,1,1,23,18,178,128,128,0,1,117,114,
255,255,36,223,255,255,243,72,158,1,156,171,252,124,14,183,201,134,152,1,1,23,18,179,128,128,0,1,214,158,
255,255,35,223,255,255,242,72,158,1,156,171,252,119,13,183,201,134,152,1,1,24,18,179,128,128,0,1,95,41,
255,255,37,223,255,255,242,72,158,1,155,171,251,116,13,184,201,134,153,1,1,24,18,179,128,128,0,1,188,37,
255,255,35,223,255,255,242,72,157,1,155,171,251,114,13,184,201,134,153,1,1,25,18,179,128,128,0,1,120,84,
255,255,35,224,255,255,241,72,157,1,155,171,250,109,13,184,201,134,153,1,1,25,17,179,128,128,0,1,106,49,
255,255,36,224,255,255,241,72,157,1,154,171,250,106,13,184,201,134,153,1,1,25,17,180,128,128,0,1,39,112,
255,255,34,224,255,255,241,72,158,1,154,171,249,103,12,184,200,135,153,1,1,26,17,180,128,128,0,1,50,201,
255,255,34,224,255,255,240,72,158,1,154,172,249,102,12,184,200,135,154,1,1,26,17,180,128,128,0,1,97,59,
255,255,34,224,255,255,240,72,158,1,154,172,249,104,12,184,200,134,154,1,1,27,17,180,128,128,0,1,251,3,
255,255,34,224,255,255,240,72,158,1,153,172,249,105,12,184,200,135,154,1,1,27,17,180,128,128,0,1,206,187,
255,255,34,225,255,255,240,72,158,1,153,172,249,105,12,184,200,135,154,1,1,27,17,180,128,128,0,1,154,66,
255,255,33,224,255,255,239,72,158,1,153,172,249,104,12,184,200,135,154,1,1,27,16,180,128,128,0,1,171,103,
255,255,34,225,255,255,239,72,158,1,153,171,249,103,12,184,200,135,154,1,1,28,16,181,128,128,0,1,66,235,
255,255,34,225,255,255,238,72,159,1,154,172,249,102,11,184,200,135,155,1,1,28,16,181,128,128,0,1,123,129,
255,255,34,225,255,255,239,72,160,1,156,172,249,101,11,184,200,134,155,1,1,29,16,182,128,128,0,1,73,243,
255,255,37,225,255,255,239,72,161,1,157,172,249,102,10,184,200,134,155,1,1,29,16,182,128,128,0,1,136,97,
255,255,41,226,255,255,239,72,163,1,159,172,250,102,10,184,199,134,156,1,1,29,16,182,128,128,0,1,101,15,
255,255,37,225,255,255,238,72,164,1,159,172,250,103,10,184,199,134,156,1,1,29,16,182,128,128,0,1,17,127,
255,255,36,225,255,255,237,72,164,1,162,173,250,104,10,184,199,134,156,1,1,30,15,183,128,128,0,1,21,14,
255,255,36,225,255,255,237,72,164,1,162,173,250,105,10,184,199,134,156,1,1,30,15,183,128,128,0,1,212,14,
255,255,36,225,255,255,237,72,164,1,164,173,250,106,9,184,199,134,157,1,1,31,15,183,128,128,0,1,53,128,
255,255,36,225,255,255,236,72,165,1,165,173,250,107,9,184,199,134,157,1,1,31,15,183,128,128,0,1,72,97,
255,255,36,225,255,255,236,71,164,1,165,174,251,109,9,184,198,134,157,1,1,31,15,183,128,128,0,1,192,238,
255,255,36,226,255,255,236,72,164,1,166,174,251,109,9,184,198,134,157,1,1,32,15,184,128,128,0,1,171,28,
255,255,35,226,255,255,235,72,164,1,166,174,251,109,9,184,198,134,158,1,1,32,15,184,128,128,0,1,131,138,
255,255,34,226,255,255,235,72,164,1,165,174,250,109,9,184,198,134,158,1,1,32,14,184,128,128,0,1,75,112,
255,255,35,226,255,255,235,72,164,1,165,174,250,109,8,184,198,134,158,1,1,33,14,184,128,128,0,1,163,142,
255,255,35,226,255,255,235,72,163,1,164,174,251,109,8,184,199,134,159,1,1,33,14,184,128,128,0,1,42,83,
255,255,34,226,255,255,234,72,163,1,163,174,251,110,8,184,199,134,159,1,1,34,14,185,128,128,0,1,254,212,
255,255,34,226,255,255,234,72,162,1,162,174,251,111,8,183,199,134,159,1,1,34,14,185,128,128,0,1,71,246,
255,255,34,226,255,255,234,72,162,1,162,174,251,111,8,183,199,134,159,1,1,34,14,185,128,128,0,1,71,246,
255,255,34,227,255,255,234,73,161,1,162,175,251,112,8,182,198,134,161,1,1,35,14,185,128,128,0,1,199,253,
255,255,34,227,255,255,234,72,161,1,162,175,251,113,8,182,198,134,161,1,1,35,14,185,128,128,0,1,22,44,
255,255,34,227,255,255,233,72,161,1,162,175,251,114,8,181,197,133,161,1,1,36,13,185,128,128,0,1,94,72,
255,255,34,227,255,255,233,72,160,1,162,175,251,115,8,181,197,133,161,1,1,36,13,185,128,128,0,1,162,153,
255,255,34,227,255,255,233,72,160,1,162,175,251,117,7,180,197,133,162,1,1,36,13,185,128,128,0,1,217,26,
255,255,33,227,255,255,232,73,159,1,162,176,251,118,7,180,197,133,161,3,1,37,13,186,128,128,0,1,197,213,
255,255,33,227,255,255,232,72,159,1,162,175,252,118,7,180,198,133,162,1,1,37,13,186,128,128,0,1,66,107,
255,255,34,227,255,255,232,73,158,1,161,175,252,118,7,180,198,133,162,1,1,37,13,186,128,128,0,1,148,111,
255,255,33,227,255,255,231,73,158,1,161,175,252,119,7,181,198,133,162,4,1,38,13,186,128,128,0,1,239,190,
255,255,33,227,255,255,231,73,157,1,161,175,252,120,7,181,198,133,162,5,1,38,13,186,128,128,0,1,233,25,
255,255,33,228,255,255,231,74,155,1,160,176,252,122,7,180,198,132,163,5,1,39,13,186,128,128,0,1,84,145,
255,255,33,228,255,255,231,73,155,1,160,176,252,122,7,180,198,132,163,4,1,39,13,186,128,128,0,1,106,50,
255,255,33,228,255,255,230,74,151,1,160,176,252,127,7,179,198,131,162,5,1,39,12,187,128,128,0,1,45,116,
255,255,33,228,255,255,231,74,150,1,160,176,252,128,7,179,198,130,163,3,1,39,12,187,128,128,0,1,1,176,
255,255,35,228,255,255,230,75,147,1,160,177,252,131,7,177,198,129,164,2,1,38,11,187,128,128,0,1,73,237,
255,255,38,228,255,254,230,75,145,1,160,177,252,133,7,177,198,129,163,5,1,40,12,187,128,128,0,1,31,204,
255,255,32,229,255,254,229,76,142,1,159,177,252,136,7,175,197,128,165,6,1,41,12,187,128,128,0,1,243,174,
255,255,32,229,255,254,229,76,141,1,159,177,252,137,7,175,197,127,166,7,1,41,12,187,128,128,0,1,184,21,
255,255,32,229,255,253,228,77,137,1,158,178,249,144,7,173,197,126,166,7,1,42,12,188,128,128,0,1,227,66,
255,255,32,229,255,253,228,77,136,1,158,178,248,145,7,173,197,125,166,6,1,42,12,188,128,128,0,1,220,215,
255,255,34,229,255,253,228,77,134,1,157,178,242,152,6,172,197,124,166,7,1,43,11,189,128,128,0,1,222,57,
255,255,26,226,255,251,226,79,129,1,157,178,238,159,7,171,197,123,167,7,1,45,11,187,128,128,0,1,59,97,
255,255,17,223,255,248,225,81,123,1,156,179,235,165,5,168,198,120,167,8,1,44,11,191,128,128,0,1,108,171,
255,255,35,229,255,252,227,81,122,1,155,179,233,167,6,168,198,120,168,7,1,43,10,191,128,128,0,1,197,111,
255,255,35,229,255,252,226,84,116,1,154,180,224,182,5,165,199,118,169,9,1,45,11,194,128,128,0,1,18,85,
255,255,35,229,255,253,226,85,114,1,154,180,221,188,4,163,199,116,170,7,1,45,10,196,128,128,0,1,42,249,
255,255,35,228,255,251,224,89,102,1,151,182,213,200,7,159,200,114,171,9,1,47,11,192,128,128,0,1,94,113,
255,255,37,228,255,249,222,97,85,1,148,183,207,209,5,155,201,112,172,12,1,48,11,196,128,128,0,1,169,108,
255,255,38,227,255,248,221,99,78,1,147,184,204,212,5,153,201,111,173,8,1,49,11,198,128,128,0,1,154,39,
255,255,64,227,255,251,219,109,62,1,144,183,199,218,5,150,203,109,174,15,1,50,11,199,128,128,0,1,214,247,
255,255,35,227,255,250,219,111,60,1,144,183,199,219,6,149,203,108,174,17,1,50,11,196,128,128,0,1,50,54,
255,255,17,222,255,241,216,121,48,1,141,183,195,221,4,142,204,105,175,11,1,51,11,200,128,128,0,1,61,221,
255,255,17,222,255,241,216,126,44,1,141,183,194,222,4,140,205,104,175,12,1,51,11,200,128,128,0,1,195,232,
255,255,40,228,255,246,220,133,36,1,137,182,190,225,4,137,206,103,176,12,1,52,11,203,128,128,0,1,88,39,
255,255,40,232,255,245,219,137,32,1,136,181,187,227,5,135,207,102,176,11,1,52,11,200,128,128,0,1,149,29,
255,255,41,226,255,244,219,143,27,1,135,181,183,230,5,133,208,101,176,10,1,53,11,200,128,128,0,1,20,194,
255,255,42,225,255,245,219,147,24,1,133,180,180,231,5,131,209,100,176,8,1,52,10,200,128,128,0,1,62,106,
255,255,42,226,255,245,219,157,17,1,131,179,174,236,5,128,209,98,176,9,1,54,10,200,128,128,0,1,85,88,
255,255,42,226,255,245,219,161,13,1,130,179,171,239,6,126,210,97,176,11,1,54,10,199,128,128,0,1,188,202,
255,255,40,226,255,245,219,169,7,1,129,179,164,245,6,124,211,96,176,11,1,55,10,196,128,128,0,1,219,144,
255,255,41,226,255,245,220,174,3,1,128,179,158,249,7,122,211,95,176,11,1,55,10,195,128,128,0,1,46,35,
255,255,34,224,255,244,219,176,2,1,127,178,153,251,7,119,211,94,177,11,1,56,10,195,128,128,0,1,87,73,
255,255,30,223,255,243,218,183,1,1,127,178,148,254,7,118,211,93,177,14,1,56,10,193,128,128,0,1,246,15,
255,255,43,227,255,245,222,187,1,1,126,177,143,255,7,116,212,92,177,11,1,57,10,193,128,128,0,1,133,184,
255,255,44,227,255,246,220,191,1,1,126,177,138,255,7,114,212,92,177,12,1,58,10,195,128,128,0,1,127,26,
255,255,45,227,255,246,221,194,1,1,125,177,135,255,8,112,213,92,177,12,1,58,10,189,128,128,0,1,25,86,
255,255,45,228,255,246,221,197,1,1,124,176,133,255,8,112,214,91,177,11,1,58,10,188,128,128,0,1,65,2,
255,255,51,231,255,246,221,201,1,1,123,176,131,255,9,110,215,91,178,2,1,59,9,186,128,128,0,1,223,226,
255,255,54,228,255,246,221,203,1,1,122,176,130,255,9,109,215,91,177,3,1,58,9,186,128,128,0,1,102,123,
255,255,47,228,255,246,222,207,1,1,121,174,129,255,10,107,216,90,178,6,1,61,10,182,128,128,0,1,156,6,
255,255,47,229,255,246,222,208,1,1,120,173,129,255,10,106,217,90,178,6,1,61,10,181,128,128,0,1,63,223,
255,255,48,229,255,246,222,211,1,1,118,172,130,255,10,104,217,89,178,7,1,63,10,180,128,128,0,1,212,15,
255,255,51,229,255,246,223,212,1,1,118,172,130,255,10,103,217,89,178,7,1,63,10,180,128,128,0,1,109,59,
255,255,48,229,255,247,223,216,1,1,116,170,129,255,9,101,218,88,179,6,1,64,10,184,128,128,0,1,163,233,
255,255,49,228,255,247,223,218,1,1,116,170,129,255,9,100,218,88,179,6,1,64,10,178,128,128,0,1,182,141,
255,255,49,228,255,246,223,220,1,1,112,167,129,255,9,98,219,87,179,6,1,66,11,175,128,128,0,1,194,215,
255,255,49,228,255,246,223,221,1,1,111,166,129,255,9,97,220,87,179,6,1,67,12,173,128,128,0,1,44,251,
255,255,50,228,255,247,224,222,1,1,108,164,128,255,9,95,221,86,179,5,1,68,13,168,128,128,0,1,196,87,
255,255,51,228,255,247,224,223,1,1,104,161,126,255,10,93,222,85,179,5,1,69,14,163,128,128,0,1,4,10,
255,255,51,228,255,247,224,223,1,1,101,160,126,255,10,91,223,84,179,6,1,70,15,158,128,128,0,1,124,40,
255,255,52,228,255,246,224,225,1,1,96,157,124,255,10,90,224,83,179,7,1,73,17,148,128,128,0,1,177,168,
255,255,48,228,255,245,224,225,1,1,94,157,123,255,10,89,225,83,179,10,1,74,17,144,128,128,0,1,77,244,
255,255,52,228,255,247,226,226,1,2,90,155,121,255,11,87,225,82,179,8,1,75,18,129,128,128,0,1,33,206,
255,255,53,228,255,247,226,226,1,4,89,155,120,255,11,88,226,82,179,9,1,76,18,115,128,128,0,1,50,227,
255,255,53,228,255,247,227,227,1,6,84,154,116,255,11,86,229,80,180,8,1,77,18,129,128,128,0,1,48,222,
255,255,53,228,255,247,227,226,1,6,82,153,115,255,11,85,229,80,180,8,1,77,18,126,128,128,0,1,99,147,
255,255,54,228,255,247,227,227,1,8,77,153,114,255,11,85,231,79,178,9,1,79,19,123,128,128,0,1,122,36,
255,255,54,228,255,247,227,227,1,9,76,153,114,255,11,85,232,79,178,9,1,79,19,120,128,128,0,1,70,48,
255,255,54,228,255,247,227,228,1,14,69,153,116,255,11,84,234,78,179,7,1,80,20,114,128,128,0,1,64,167,
255,255,54,228,255,247,227,227,1,15,67,154,117,255,12,84,234,78,178,7,1,80,20,112,128,128,0,1,244,199,
255,255,55,229,255,248,228,226,1,18,60,156,118,255,13,84,237,77,177,7,1,81,21,107,128,128,0,1,96,230,
255,255,62,231,255,249,228,224,1,19,57,156,119,255,13,83,238,76,175,7,1,81,22,106,128,128,0,1,173,39,
255,255,55,229,255,245,222,221,1,24,49,157,121,255,15,82,242,76,174,7,1,82,24,98,128,128,0,1,50,243,
255,255,56,229,255,244,220,221,1,26,46,157,121,255,15,82,244,75,173,7,1,83,25,94,128,128,0,1,149,187,
255,255,56,228,255,243,218,209,1,31,39,159,120,255,17,81,248,74,171,7,1,90,30,85,128,128,0,1,32,72,
255,255,62,224,255,240,216,206,1,34,34,159,119,255,18,80,251,74,169,7,1,93,33,80,128,128,0,1,86,172,
255,255,64,221,255,239,214,203,1,37,29,160,118,255,19,80,254,74,168,7,1,93,34,76,128,128,0,1,39,216,
255,255,68,220,255,238,214,201,1,39,25,162,118,255,20,79,255,74,167,8,1,93,35,72,128,128,0,1,177,195,
255,255,68,219,255,237,214,201,1,41,20,163,118,255,21,79,255,74,167,10,1,93,35,70,128,128,0,1,150,254,
255,255,68,219,255,237,214,201,1,42,20,163,118,255,21,78,255,74,167,10,1,93,35,70,128,128,0,1,208,59,
255,255,68,218,255,236,214,201,1,47,16,164,118,255,22,79,255,74,166,11,1,93,35,65,128,128,0,1,158,133,
255,255,68,217,255,236,214,201,1,49,15,165,118,255,22,79,255,74,165,11,1,93,35,65,128,128,0,1,89,169,
255,255,72,217,255,237,215,202,1,50,12,166,118,255,22,79,255,73,165,12,1,92,35,65,128,128,0,1,37,206,
255,255,71,217,255,237,215,202,1,50,11,166,118,255,23,79,255,73,165,12,1,92,35,65,128,128,0,1,176,122,
255,255,73,216,255,237,215,202,1,53,10,167,118,255,24,79,255,73,164,11,1,91,35,65,128,128,0,1,131,94,
255,255,73,216,255,237,215,202,1,54,10,167,118,255,24,79,255,73,164,12,1,90,35,65,128,128,0,1,241,234,
255,255,72,216,255,237,216,202,1,55,9,169,118,255,24,79,255,72,163,11,1,89,35,64,128,128,0,1,130,88,
255,255,72,216,255,237,216,201,1,56,8,169,118,255,24,79,255,72,163,11,1,89,35,64,128,128,0,1,183,130,
255,255,72,216,255,237,216,201,1,55,7,169,118,255,24,79,255,72,162,12,1,88,34,65,128,128,0,1,136,164,
255,255,72,216,255,236,216,201,1,56,7,169,124,255,24,80,255,72,162,11,1,88,34,66,128,128,0,1,220,37,
255,255,72,215,255,236,216,201,1,56,7,169,126,255,24,80,255,72,162,11,1,88,34,66,128,128,0,1,93,96,
255,255,72,215,255,236,217,201,1,58,7,170,130,255,24,80,255,72,162,11,1,88,34,66,128,128,0,1,69,165,
255,255,72,215,255,236,217,201,1,59,7,170,132,255,24,80,255,72,162,11,1,88,34,67,128,128,0,1,198,59,
255,255,72,215,255,236,217,201,1,60,7,170,135,255,24,79,255,72,162,11,1,88,34,66,128,128,0,1,36,225,
255,255,72,215,255,236,217,201,1,60,7,170,136,255,24,79,255,72,162,11,1,88,34,66,128,128,0,1,97,21,
255,255,72,215,255,236,217,200,1,61,7,170,138,255,24,79,255,72,162,10,1,88,34,67,128,128,0,1,253,9,
255,255,72,215,255,236,218,200,1,61,6,170,138,255,24,79,255,72,163,10,1,88,34,67,128,128,0,1,142,37,
255,255,72,215,255,236,218,200,1,61,7,171,135,255,24,79,255,72,163,10,1,89,34,65,128,128,0,1,35,220,
255,255,72,215,255,236,218,200,1,62,7,171,135,255,24,79,255,72,163,9,1,89,34,66,128,128,0,1,55,104,
255,255,72,215,255,236,218,200,1,62,7,171,131,255,24,79,255,72,163,9,1,89,34,65,128,128,0,1,113,171,
255,255,71,215,255,236,218,200,1,61,7,171,130,255,24,79,255,71,163,9,1,89,33,67,128,128,0,1,153,152,
255,255,72,214,255,236,219,200,1,61,7,171,130,255,23,79,255,71,163,8,1,89,34,65,128,128,0,1,66,193,
255,255,71,214,255,236,219,200,1,61,7,171,129,255,23,79,255,71,163,9,1,89,34,64,128,128,0,1,22,96,
255,255,72,214,255,236,219,201,1,62,7,172,129,255,23,79,255,71,164,8,1,89,33,66,128,128,0,1,17,125,
255,255,72,214,255,236,219,200,1,62,7,172,129,255,23,79,255,71,164,8,1,89,33,66,128,128,0,1,1,172,
255,255,72,214,255,236,219,201,1,62,7,171,130,255,23,79,255,71,163,8,1,89,33,66,128,128,0,1,82,103,
255,255,72,214,255,236,219,201,1,62,7,171,130,255,23,79,255,71,163,8,1,89,33,65,128,128,0,1,22,103,
255,255,72,214,255,236,219,201,1,62,7,171,129,255,23,78,255,71,163,7,1,89,33,66,128,128,0,1,81,231,
255,255,72,214,255,236,220,201,1,63,7,170,129,255,23,79,255,71,163,7,1,89,33,65,128,128,0,1,77,236,
255,255,72,214,255,236,220,201,1,63,7,170,129,255,23,79,255,71,163,7,1,89,33,66,128,128,0,1,9,236,
255,255,71,214,255,236,220,201,1,63,7,170,129,255,23,79,255,71,163,7,1,89,33,66,128,128,0,1,45,236,
255,255,71,214,255,236,220,201,1,64,7,170,127,255,23,79,255,72,163,6,1,89,33,67,128,128,0,1,224,86,
255,255,71,214,255,236,220,201,1,64,7,170,127,255,23,79,255,72,163,6,1,89,33,67,128,128,0,1,224,86,
255,255,71,214,255,236,220,201,1,64,8,170,126,255,23,79,255,72,163,6,1,89,33,67,128,128,0,1,18,209,
255,255,71,213,255,236,220,201,1,64,8,170,126,255,23,79,255,72,163,6,1,89,33,67,128,128,0,1,237,154,
255,255,71,213,255,235,221,201,1,64,8,170,126,255,23,79,255,72,163,5,1,89,33,68,128,128,0,1,250,112,
255,255,71,213,255,235,221,201,1,64,8,170,126,255,23,78,255,72,163,5,1,89,33,68,128,128,0,1,248,241,
255,255,72,213,255,235,221,201,1,64,8,170,125,255,23,78,255,72,163,5,1,89,33,68,128,128,0,1,156,0,
255,255,71,213,255,235,221,201,1,64,8,170,125,255,23,78,255,72,163,4,1,89,33,69,128,128,0,1,136,80,
255,255,71,213,255,235,221,201,1,64,8,170,125,255,23,78,255,72,163,4,1,89,33,69,128,128,0,1,136,80,
255,255,71,213,255,235,221,201,1,65,8,170,125,255,23,78,255,72,163,4,1,89,33,68,128,128,0,1,136,108,
255,255,71,213,255,235,221,201,1,65,8,170,124,255,23,78,255,72,163,4,1,89,33,69,128,128,0,1,116,60,
255,255,71,213,255,235,222,201,1,65,8,170,124,255,23,78,255,72,163,3,1,89,33,69,128,128,0,1,33,25,
255,255,71,213,255,235,222,201,1,65,8,170,124,255,23,78,255,72,163,3,1,89,33,69,128,128,0,1,33,25,
255,255,71,213,255,235,222,201,1,65,8,170,124,255,23,78,255,72,163,3,1,89,33,69,128,128,0,1,33,25,
255,255,71,213,255,235,222,201,1,65,8,170,124,255,23,78,255,72,163,3,1,89,32,69,128,128,0,1,32,200,
255,255,71,212,255,235,222,201,1,64,8,170,124,255,23,78,255,72,163,2,1,89,32,70,128,128,0,1,0,93,
255,255,71,212,255,235,222,201,1,64,8,170,124,255,23,78,255,72,163,2,1,89,32,70,128,128,0,1,0,93,
255,255,71,212,255,235,222,201,1,64,8,170,124,255,23,77,255,72,163,2,1,89,32,70,128,128,0,1,5,158,
255,255,71,212,255,235,222,201,1,64,7,171,124,255,23,77,255,72,163,2,1,89,32,70,128,128,0,1,103,25,
255,255,71,212,255,235,223,201,1,64,8,170,122,255,23,77,255,72,163,2,1,89,32,69,128,128,0,1,18,240,
255,255,71,212,255,235,223,201,1,65,8,170,121,255,22,77,255,72,163,2,1,89,32,69,128,128,0,1,111,60,
255,255,71,212,255,235,223,201,1,64,8,170,121,255,23,77,255,72,163,2,1,89,32,68,128,128,0,1,111,193,
255,255,71,212,255,235,223,201,1,64,8,170,121,255,23,77,255,72,163,1,1,89,32,69,128,128,0,1,70,241,
255,255,71,212,255,235,223,200,1,64,7,171,120,255,23,77,255,72,163,2,1,89,32,69,128,128,0,1,225,199,
255,255,71,212,255,235,223,200,1,64,7,171,120,255,23,77,255,72,163,2,1,89,32,70,128,128,0,1,165,199,
255,255,71,212,255,235,223,201,1,65,7,171,120,255,23,77,255,72,163,1,1,89,32,69,128,128,0,1,216,26,
255,255,72,212,255,235,224,201,1,64,7,171,121,255,23,77,255,72,163,1,1,89,32,69,128,128,0,1,140,33,
255,255,71,212,255,235,224,200,1,64,7,171,123,255,23,77,255,72,163,1,1,89,32,69,128,128,0,1,57,145,
255,255,70,211,255,235,224,200,1,64,7,171,125,255,23,77,255,72,163,1,1,89,32,69,128,128,0,1,232,162,
255,255,70,212,255,235,224,200,1,64,7,171,126,255,23,76,255,72,162,1,1,89,32,69,128,128,0,1,81,121,
255,255,69,212,255,235,224,199,1,64,7,171,126,255,23,76,255,71,162,1,1,88,32,69,128,128,0,1,133,18,
255,255,69,212,255,235,224,199,1,64,7,171,126,255,23,76,255,71,162,1,1,88,32,68,128,128,0,1,184,210,
255,255,69,211,255,235,224,199,1,64,7,171,125,255,23,76,255,71,162,1,1,88,32,69,128,128,0,1,111,141,
255,255,69,211,255,235,224,199,1,64,7,171,124,255,23,76,255,72,162,1,1,88,32,69,128,128,0,1,158,9,
255,255,70,211,255,235,224,199,1,64,7,171,123,255,23,76,255,72,162,1,1,88,32,69,128,128,0,1,215,123,
255,255,69,211,254,235,224,200,1,64,7,170,122,255,23,76,255,72,162,1,1,88,32,69,128,128,0,1,238,81,
255,255,69,210,254,234,223,200,1,65,6,170,118,255,23,76,255,72,162,1,1,88,32,69,128,128,0,1,146,102,
255,255,69,210,254,234,223,201,1,66,6,170,117,255,23,76,255,72,163,1,1,88,32,69,128,128,0,1,215,199,
255,255,62,207,252,231,219,202,1,67,5,171,110,255,23,76,255,72,163,1,1,88,32,70,128,128,0,1,198,53,
255,255,53,204,249,225,206,204,1,71,4,172,104,255,24,76,255,71,164,4,1,89,32,72,128,128,0,1,199,16,
255,255,70,198,241,216,198,206,1,73,3,174,100,255,26,76,255,71,159,7,1,89,34,74,128,128,0,1,246,164,
255,255,73,196,234,208,193,207,1,75,2,175,97,255,27,76,255,71,160,9,1,91,34,77,128,128,0,1,166,238,
255,255,91,181,219,192,164,210,1,80,1,176,92,255,30,76,255,70,168,13,1,90,35,78,128,128,0,1,88,80,
255,255,107,176,214,187,158,213,1,83,1,177,90,255,32,77,255,70,154,15,1,91,36,80,128,128,0,1,187,245,
255,255,99,163,201,174,146,213,4,82,1,178,85,255,38,78,255,69,148,23,1,91,38,79,128,128,0,1,143,206,
255,255,107,154,192,166,141,214,4,85,1,179,84,255,40,78,255,69,145,26,2,92,39,78,128,128,0,1,108,164,
255,255,102,126,159,138,124,220,3,92,1,184,80,255,44,79,255,68,141,33,8,95,44,75,128,128,0,1,252,117,
255,255,95,118,151,131,120,221,3,94,1,184,79,255,44,78,255,68,137,33,8,95,44,75,128,128,0,1,177,217,
255,255,158,105,138,120,118,230,1,109,1,187,76,255,46,78,255,67,127,52,22,109,57,74,128,128,0,1,95,242,
255,255,163,101,135,117,116,233,1,115,1,187,75,255,46,79,255,68,124,57,26,113,61,73,128,128,0,1,0,69,
255,255,163,105,138,120,118,240,1,126,1,186,76,255,47,80,255,68,122,60,28,116,63,70,128,128,0,1,207,79,
255,255,160,107,142,123,122,245,1,132,1,185,77,255,46,78,255,67,122,59,28,116,64,72,128,128,0,1,127,180,
255,255,143,116,157,139,133,247,1,143,2,180,84,255,47,84,255,73,122,59,27,116,63,71,128,128,0,1,117,186,
255,255,123,134,174,156,147,245,1,152,5,175,87,255,48,87,255,75,124,59,26,116,62,72,128,128,0,1,44,72,
255,255,83,151,185,178,165,241,4,165,6,167,86,255,45,87,255,73,128,58,26,117,62,79,128,128,0,1,48,244,
255,255,69,160,188,190,174,241,7,168,7,162,87,255,43,87,255,73,131,57,25,118,61,83,128,128,0,1,206,2,
255,255,68,176,198,208,190,234,22,185,5,146,87,255,42,87,255,74,128,56,26,119,61,85,128,128,0,1,24,37,
255,255,30,181,229,215,195,232,27,188,5,143,88,255,43,87,255,74,129,56,27,121,61,86,128,128,0,1,180,88,
255,255,10,190,245,231,210,230,51,199,1,130,88,255,43,89,255,76,122,55,24,119,61,83,128,128,0,1,53,145,
255,255,1,194,251,238,216,226,62,206,1,124,89,255,42,91,255,78,131,56,24,122,61,78,128,128,0,1,240,219,
255,255,1,203,255,249,230,224,95,214,1,108,88,255,37,94,255,81,134,54,24,125,61,91,128,128,0,1,182,253,
255,255,1,211,255,255,249,224,114,219,1,99,87,255,34,94,255,81,135,53,23,126,60,100,128,128,0,1,156,82,
255,255,1,223,255,255,253,230,139,214,1,90,83,255,32,95,255,79,135,56,23,126,60,111,128,128,0,1,186,220,
255,255,1,226,255,255,255,230,143,213,1,89,82,255,32,96,255,79,127,54,24,127,62,114,128,128,0,1,233,26,
255,255,1,236,255,255,255,229,154,215,1,83,79,255,30,99,255,78,143,57,21,127,59,126,128,128,0,1,189,78,
255,255,1,233,255,255,255,229,156,210,1,82,77,255,29,101,255,77,149,52,19,126,58,131,128,128,0,1,168,130,
255,255,1,246,255,255,255,231,152,189,1,85,76,255,24,102,255,75,134,54,18,126,57,150,128,128,0,1,174,97,
255,255,1,243,255,255,255,233,147,177,1,87,72,255,22,103,255,74,142,53,18,127,57,157,128,128,0,1,124,179,
255,255,2,236,255,255,254,240,132,147,1,92,61,255,21,103,255,73,134,54,17,128,56,161,128,128,0,1,235,203,
255,255,1,216,255,255,242,234,119,131,7,93,50,255,24,101,255,77,133,53,17,131,55,162,128,128,0,1,147,120,
255,255,1,213,255,255,242,232,106,114,15,96,46,255,27,101,255,80,131,56,16,136,54,158,128,128,0,1,78,101,
255,255,1,214,255,255,241,231,96,94,24,100,45,255,34,98,255,84,133,57,19,131,55,152,128,128,0,1,51,188,
255,255,1,213,255,255,244,228,97,95,21,100,45,255,34,98,255,84,135,57,20,130,54,147,128,128,0,1,172,133,
255,255,1,212,255,255,245,227,97,83,31,101,43,255,36,92,253,84,143,56,9,116,49,161,128,128,0,1,246,146,
255,255,1,212,255,255,245,225,99,80,33,101,42,255,39,91,250,85,144,101,7,105,44,162,128,128,0,1,35,231,
255,255,1,216,255,255,247,223,101,74,34,101,44,255,47,90,244,87,138,64,3,87,38,180,128,128,0,1,248,77,
255,255,1,215,255,255,247,220,103,73,35,101,47,255,50,89,242,88,139,74,3,86,38,183,128,128,0,1,188,150,
255,255,1,216,255,255,250,218,107,73,36,102,57,255,52,89,242,89,141,73,4,89,38,181,128,128,0,1,40,88,
255,255,1,218,255,255,252,217,109,72,35,101,60,255,52,90,243,89,141,76,4,87,38,182,128,128,0,1,13,47,
255,255,1,219,255,255,254,215,114,73,35,99,63,255,53,92,243,90,142,73,1,73,31,190,128,128,0,1,14,106,
255,255,1,219,255,255,254,214,114,73,35,99,63,255,54,92,241,90,144,73,1,68,29,191,128,128,0,1,100,253,
255,255,1,224,255,255,255,214,116,74,35,98,65,255,58,93,238,92,144,75,1,54,23,202,128,128,0,1,33,21,
255,255,1,222,255,255,255,214,117,76,35,98,69,255,60,94,236,93,143,76,1,53,23,205,128,128,0,1,82,6,
255,255,1,233,255,255,255,206,117,84,33,96,88,255,60,98,235,95,143,77,1,53,22,204,128,128,0,1,236,163,
255,255,1,233,255,255,255,207,118,84,32,95,98,255,59,100,236,95,143,77,1,53,22,205,128,128,0,1,157,248,
255,255,13,231,255,255,255,209,116,83,30,95,105,255,58,100,238,96,139,70,1,55,22,208,128,128,0,1,54,170,
255,255,20,222,255,255,253,209,112,88,28,96,116,255,58,100,239,96,142,74,1,55,22,209,128,128,0,1,169,239,
255,255,38,206,255,255,236,221,105,91,28,98,120,255,57,102,240,97,141,77,1,55,23,209,128,128,0,1,64,26,
255,255,1,200,255,255,233,229,94,100,27,106,121,255,56,103,241,97,141,77,1,55,22,209,128,128,0,1,179,238,
255,255,12,219,255,255,247,236,88,109,27,109,121,255,55,104,241,96,141,76,1,55,22,208,128,128,0,1,226,241,
255,255,16,224,255,255,250,239,85,113,26,111,120,255,55,104,241,96,141,76,1,55,22,207,128,128,0,1,130,90,
255,255,15,218,255,255,247,245,84,116,27,111,119,255,53,104,241,96,142,76,1,55,22,209,128,128,0,1,214,218,
255,255,18,215,255,255,247,243,84,119,27,111,119,255,53,104,240,96,142,76,1,56,22,210,128,128,0,1,90,237,
255,255,20,207,255,255,238,237,86,115,25,108,121,255,52,105,239,97,141,75,1,57,22,211,128,128,0,1,114,252,
255,255,11,204,255,255,232,240,89,106,25,105,122,255,51,106,239,97,140,74,1,57,22,212,128,128,0,1,227,127,
255,255,1,202,255,255,233,238,98,97,23,97,121,255,49,108,240,99,140,75,1,58,23,213,128,128,0,1,60,254,
255,255,1,208,255,255,233,233,104,95,23,92,120,255,48,111,240,101,139,74,1,59,22,213,128,128,0,1,85,191,
255,255,1,211,255,255,233,231,108,93,25,90,120,255,47,113,242,102,138,74,1,59,22,214,128,128,0,1,153,43,
255,255,1,214,255,255,232,227,109,96,25,89,121,255,46,114,243,102,137,73,1,60,22,215,128,128,0,1,55,153,
255,255,1,218,255,255,233,223,108,103,24,89,117,255,44,115,245,101,136,73,1,60,22,217,128,128,0,1,3,82,
255,255,1,233,255,255,241,225,108,100,24,89,117,255,44,115,246,101,136,74,1,60,22,216,128,128,0,1,40,224,
255,255,1,231,255,255,240,224,108,102,24,90,116,255,45,115,246,100,136,73,1,60,22,215,128,128,0,1,176,52,
255,255,1,234,255,255,239,224,108,101,24,90,115,255,45,114,246,100,136,73,1,59,23,213,128,128,0,1,191,201,
255,255,1,229,255,255,237,223,108,103,24,90,115,255,44,114,246,99,137,73,1,60,24,212,128,128,0,1,175,15,
255,255,1,228,255,255,237,223,108,102,24,90,115,255,44,114,245,99,137,73,1,60,22,212,128,128,0,1,195,32,
255,255,1,230,255,255,239,223,108,102,24,90,114,255,44,114,245,99,137,73,1,60,22,212,128,128,0,1,10,219,
255,255,1,228,255,255,241,223,109,103,23,90,114,255,44,114,245,99,138,73,1,60,22,212,128,128,0,1,28,221,
255,255,1,230,255,255,246,222,107,106,22,91,114,255,44,114,245,99,137,73,1,60,22,212,128,128,0,1,199,240,
255,255,1,220,255,255,244,228,94,115,23,97,116,255,43,116,245,99,137,73,1,60,22,211,128,128,0,1,205,186,
255,255,1,223,255,255,247,230,91,118,23,100,116,255,43,116,245,99,138,72,1,60,22,211,128,128,0,1,140,81,
255,255,11,236,255,255,254,234,88,121,21,101,116,255,43,116,246,99,138,72,1,60,22,211,128,128,0,1,199,137,
255,255,23,245,255,255,255,235,88,123,19,102,116,255,43,116,246,98,138,72,1,60,22,211,128,128,0,1,123,48,
255,255,43,255,255,255,255,243,87,120,20,101,118,255,43,116,246,98,138,73,1,59,22,210,128,128,0,1,231,223,
255,255,52,255,255,255,255,244,86,120,20,101,118,255,43,116,246,98,138,72,1,59,22,210,128,128,0,1,17,214,
255,255,82,255,255,255,254,237,87,131,21,97,121,255,43,117,245,98,138,72,1,59,22,209,128,128,0,1,222,190,
255,255,95,255,255,255,255,237,87,131,22,96,122,255,43,117,245,99,138,72,1,59,22,209,128,128,0,1,60,20,
255,255,136,255,255,255,255,238,88,128,22,93,124,255,43,117,245,99,138,72,1,59,22,209,128,128,0,1,153,97,
255,255,134,255,255,255,252,237,89,129,22,91,125,255,43,117,245,99,139,72,1,59,22,208,128,128,0,1,75,161,
255,255,141,255,255,255,249,238,89,127,23,90,128,255,43,118,245,98,139,72,1,58,22,208,128,128,0,1,164,44,
255,255,179,255,255,255,249,237,89,132,22,90,129,255,43,118,245,98,139,71,1,58,22,208,128,128,0,1,240,12,
255,255,206,255,255,255,252,236,88,135,21,92,131,255,43,117,245,97,140,70,1,59,22,208,128,128,0,1,5,63,
