Epoch	AverageEpRet	StdEpRet	MaxEpRet	MinEpRet	EpLen	AverageVVals	StdVVals	MaxVVals	MinVVals	TotalEnvInteracts	LossPi	LossV	DeltaLossPi	DeltaLossV	Entropy	KL	ClipFrac	StopIter	Time
0	-666.18176	24.000254	-626.63116	-713.9134	1000.0	-2.2621791	0.2526224	-0.5839301	-2.975099	40000	-0.0118709095	2828.6792	-0.012457548	-1001.8627	0.9112309	0.017609628	0.27535	4.0	91.88278245925903
1	-644.87146	20.369095	-615.4094	-685.3046	1000.0	-23.799175	0.16728137	-19.503014	-23.888521	80000	-0.010764308	1228.9978	-0.011270927	-304.51813	0.91126907	0.016174436	0.2559625	3.0	183.84310960769653
2	-620.41144	21.899555	-584.2956	-659.41986	1000.0	-33.583977	0.20670803	-28.279453	-33.68542	120000	-0.011167377	611.4058	-0.010798154	-140.56375	0.91138273	0.01955992	0.2937625	2.5	275.92438864707947
3	-591.5735	19.319897	-562.7705	-628.4005	1000.0	-39.97857	0.2803698	-34.57666	-40.285843	160000	-0.00999989	279.13855	-0.012744183	-64.3306	0.91145337	0.018094184	0.29208753	2.5	368.5502805709839
4	-562.1124	18.894262	-533.7281	-606.8066	1000.0	-44.318558	0.4018994	-38.81989	-44.82724	200000	-0.011210766	108.24492	-0.011336655	-25.599009	0.91147965	0.017968154	0.27845	2.0	461.1256229877472
5	-537.5402	16.544851	-510.61536	-565.3907	1000.0	-47.11094	0.55402946	-41.470497	-47.862976	240000	-0.011959126	35.074646	-0.011375502	-8.431055	0.9114561	0.017155485	0.24691251	1.5	553.1560332775116
6	-514.6881	14.564967	-488.47156	-547.0574	1000.0	-48.75186	0.7064602	-43.116962	-49.708584	280000	-0.009021919	7.4191546	-0.00948542	-1.5912042	0.91139936	0.022417923	0.3336	1.5	644.0367929935455
7	-488.75284	15.856333	-458.33383	-514.35565	1000.0	-49.48736	0.82721573	-43.793533	-50.65608	320000	-0.006759569	2.3112864	-0.007421514	-0.208874	0.91133344	0.025150128	0.3581	1.5	735.7493526935577
8	-466.22778	15.32094	-435.5111	-487.05524	1000.0	-49.385395	0.9817349	-43.51487	-50.74639	360000	-0.005637534	7.695762	-0.0051149745	-1.6221611	0.9112774	0.023583235	0.354775	1.5	826.6705148220062
9	-448.84808	15.379074	-420.6327	-478.53925	1000.0	-48.68355	1.0876794	-42.710827	-50.07129	400000	-0.00387609	12.380788	-0.004746316	-3.115865	0.91122216	0.02739275	0.355425	1.5	917.7497389316559
10	-433.01334	14.605814	-408.76602	-461.5225	1000.0	-47.63797	1.1860023	-41.596138	-48.96314	440000	-0.005077362	15.564588	-0.003922983	-4.1768274	0.9111469	0.021055702	0.3307375	1.5	1011.794073343277
11	-420.56104	14.799605	-398.5077	-449.30988	1000.0	-46.382786	1.2350796	-40.312687	-47.472836	480000	-0.0031085834	15.504215	-0.0038554925	-4.3247547	0.911067	0.018389279	0.2902	1.5	1106.544543504715
12	-409.54193	15.651765	-386.3879	-442.1284	1000.0	-45.079525	1.2440836	-39.155117	-46.466698	520000	-0.0057560205	14.168912	-0.004117175	-4.1348705	0.91098523	0.01940053	0.28562498	1.5	1200.611397266388
13	-401.01215	16.086348	-378.29633	-434.5296	1000.0	-43.7781	1.2575822	-38.06282	-45.46442	560000	-0.005836755	11.425451	-0.004449863	-3.3412645	0.91087997	0.02027179	0.2794875	1.5	1293.8471975326538
14	-392.6363	16.465656	-368.83966	-423.43494	1000.0	-42.572006	1.2972894	-37.061188	-44.496235	600000	-0.0048157945	9.064181	-0.0046786945	-2.779602	0.9107456	0.018802512	0.29575002	1.5	1386.9869496822357
15	-381.79486	16.895092	-357.33405	-417.0656	1000.0	-41.440857	1.3764033	-36.060574	-43.58215	640000	-0.0045164563	8.882864	-0.0046227137	-2.7265568	0.9105934	0.018684752	0.2994625	1.5	1480.0930950641632
16	-371.30347	17.490837	-346.34814	-406.45282	1000.0	-40.294327	1.4330401	-35.06633	-42.59392	680000	-0.0054548904	8.045329	-0.0042390767	-2.5524898	0.9104444	0.019792818	0.30167502	1.5	1572.902012348175
17	-360.711	18.379074	-336.58124	-395.21716	1000.0	-39.158157	1.5178658	-34.060947	-41.640873	720000	-0.005182786	7.598713	-0.00396711	-2.5024407	0.91028965	0.02026016	0.304225	1.5	1666.139757156372
18	-350.07477	20.699474	-323.3945	-390.24957	1000.0	-38.003323	1.6087041	-32.906662	-40.620403	760000	-0.0053774267	7.4269667	-0.0042710574	-2.4641602	0.9101162	0.01788185	0.3163875	1.5	1758.6094615459442
19	-341.11017	20.72966	-314.564	-382.2572	1000.0	-36.843742	1.7520994	-31.718718	-39.702927	800000	-0.003226824	6.10357	-0.0033552395	-2.0693648	0.90993434	0.021882057	0.30875	1.5	1850.8490254878998
20	-331.06512	21.743784	-302.0133	-375.75473	1000.0	-35.75116	1.8661387	-30.640965	-38.79981	840000	-0.003562294	5.799457	-0.003397761	-2.0135326	0.9097449	0.01988204	0.30097502	1.5	1943.7465796470642
21	-322.89194	23.128042	-295.82388	-368.5749	1000.0	-34.65334	1.9717501	-29.549288	-37.869385	880000	-0.0034565963	4.933994	-0.0037805866	-1.6600122	0.9095557	0.02097029	0.3222375	1.5	2035.9616906642914
22	-314.52704	24.69503	-285.3319	-362.1213	1000.0	-33.63619	2.08971	-28.566757	-37.057426	920000	-0.0037119687	4.3528624	-0.0028888865	-1.4701025	0.90938234	0.020534482	0.31795	1.5	2128.2201342582703
23	-306.5371	26.580046	-271.06235	-355.9387	1000.0	-32.66597	2.2199593	-27.634071	-36.32753	960000	-0.0037087537	3.800482	-0.003097742	-1.294637	0.90921617	0.017497158	0.2934125	1.5	2220.1767098903656
24	-299.46814	27.761072	-261.5887	-350.83002	1000.0	-31.73949	2.3946328	-26.55923	-35.657173	1000000	-0.002354607	3.377392	-0.0026741838	-1.0997002	0.9090461	0.018960971	0.296425	1.5	2312.394338607788
25	-291.0911	29.259508	-254.64688	-345.8984	1000.0	-30.873655	2.5776958	-25.644938	-35.095753	1040000	-0.0019050092	3.1047854	-0.0029187663	-1.0407706	0.9088698	0.017418455	0.313	1.5	2404.452736854553
26	-286.0245	31.891653	-248.91492	-343.13577	1000.0	-30.011774	2.7400112	-24.708761	-34.499516	1080000	-0.0036275834	2.1314797	-0.0025405632	-0.6956314	0.90868294	0.020884369	0.3094125	1.5	2496.742533683777
27	-278.0299	31.688084	-241.39186	-337.51474	1000.0	-29.311922	2.9541438	-23.922842	-34.16768	1120000	-0.002312079	2.4349494	-0.002424046	-0.7817521	0.90849555	0.019583534	0.2936375	1.5	2589.055827856064
28	-272.95285	32.04846	-236.0651	-332.65796	1000.0	-28.539137	3.0574455	-23.239298	-33.604248	1160000	-0.0028002188	1.7823894	-0.002585838	-0.54261017	0.90831506	0.019816305	0.2946875	1.5	2681.081727743149
29	-268.01028	33.333046	-226.80931	-339.4405	1000.0	-27.87171	3.140655	-22.607773	-33.082817	1200000	-0.0009275619	1.7456099	-0.0024825009	-0.42216372	0.90814066	0.020644033	0.29295	1.5	2773.208416700363
30	-262.5079	32.57759	-223.4979	-319.7388	1000.0	-27.271557	3.2189004	-21.957115	-32.593327	1240000	-0.002335792	1.5206847	-0.002363576	-0.36288685	0.9079568	0.018250773	0.2945125	1.5	2865.5960490703583
31	-257.64008	31.971579	-219.61842	-315.6676	1000.0	-26.70034	3.2151706	-21.462276	-32.017536	1280000	-0.0028200708	1.3992119	-0.0024964837	-0.31554672	0.9077633	0.019504843	0.2923	1.5	2957.846989631653
32	-253.3835	31.737286	-215.26283	-310.03632	1000.0	-26.159922	3.1811905	-21.07437	-31.428654	1320000	-0.0018299771	1.2138219	-0.0017461325	-0.24934542	0.90757763	0.018283695	0.28338748	1.5	3050.2669808864594
33	-248.96695	29.97897	-210.69444	-304.76746	1000.0	-25.668928	3.1603856	-20.704203	-30.911354	1360000	-0.00016718358	1.2005699	-0.0022846526	-0.25970602	0.9074019	0.016117629	0.2694875	1.5	3142.753037929535
34	-247.56705	29.425436	-209.41321	-299.42746	1000.0	-25.184317	3.0419803	-20.22013	-30.156118	1400000	-0.0021128147	0.88747275	-0.0023108015	-0.082111955	0.90724385	0.017604237	0.2884125	1.5	3234.8703320026398
35	-242.30234	26.506626	-208.29012	-289.46185	1000.0	-24.902225	2.981316	-19.943546	-29.733877	1440000	0.00038008764	1.0713785	-0.0019605411	-0.22845003	0.9071007	0.018894676	0.2812	1.5	3327.4904177188873
36	-239.71338	25.43749	-205.96706	-284.60538	1000.0	-24.464369	2.7567556	-19.705462	-28.878918	1480000	-0.0018381756	0.83966887	-0.0019617355	-0.11624683	0.9069544	0.017418105	0.2668125	1.5	3420.2587690353394
37	-235.61963	24.259344	-202.4552	-278.25894	1000.0	-24.134031	2.609123	-19.563974	-28.304878	1520000	-0.0028307252	0.79913557	-0.0028811975	-0.16108988	0.90677375	0.017525434	0.26298752	2.0	3513.5062749385834
38	-232.49495	22.92178	-196.00713	-276.86975	1000.0	-23.75143	2.4718554	-19.214552	-27.59423	1560000	-0.027206603	0.8949038	-0.027422592	-0.14301461	0.9056107	0.016822534	0.2915	17.5	3606.427875518799
39	-229.61368	20.956362	-195.0308	-264.47076	1000.0	-23.390207	2.329932	-18.912882	-26.885977	1600000	-0.025943412	0.7161295	-0.025157066	-0.10582902	0.90385866	0.015984638	0.2543	15.0	3699.67191362381
40	-226.21806	20.566315	-197.36996	-261.4176	1000.0	-23.07901	2.1411304	-18.846634	-26.269104	1640000	-0.02748696	0.76691455	-0.030040823	-0.08782342	0.9022895	0.015600034	0.30865002	19.0	3792.747081756592
41	-224.1254	21.354153	-191.598	-259.7902	1000.0	-22.751963	2.0600967	-18.640486	-25.796888	1680000	-0.024698218	0.62374175	-0.024277113	-0.06444594	0.9009505	0.015671114	0.23866251	14.5	3885.814518213272
42	-220.49695	20.447124	-189.80792	-255.64005	1000.0	-22.474716	2.0904791	-18.368261	-25.547186	1720000	-0.024877796	0.68978095	-0.0301235	-0.09116584	0.8998362	0.016467098	0.2992	17.0	3979.1479198932648
43	-218.1647	20.078024	-189.14105	-257.236	1000.0	-22.144112	2.0231886	-18.192291	-25.168926	1760000	-0.027660545	0.62519157	-0.02757416	-0.048975997	0.8986623	0.015389619	0.28951252	19.5	4071.972682237625
44	-217.56026	19.832512	-186.09108	-250.64937	1000.0	-21.891977	2.0027735	-18.057024	-24.9324	1800000	-0.00349861	0.5888902	-0.007980999	-0.025042776	0.898206	0.015317461	0.22215	2.5	4164.602690935135
45	-215.45638	17.759659	-184.58946	-243.86421	1000.0	-21.774971	1.9803314	-17.84692	-24.650782	1840000	-0.027357846	0.5706585	-0.031512093	-0.06150919	0.89738935	0.016118271	0.31669998	19.5	4258.063320636749
46	-212.14497	18.41441	-181.17725	-244.96999	1000.0	-21.563622	1.7951323	-17.807957	-24.05458	1880000	-0.02681413	0.5829693	-0.03069447	-0.057556167	0.89568996	0.015746033	0.3130125	19.0	4351.31214094162
47	-210.08159	17.012857	-181.16348	-236.14279	1000.0	-21.268766	1.8096789	-17.52912	-23.779612	1920000	-0.024239399	0.57107556	-0.024840044	-0.03553726	0.89417183	0.016628549	0.257875	15.0	4444.539948940277
48	-208.37671	17.949577	-179.92746	-240.58798	1000.0	-21.048737	1.7183036	-17.457777	-23.43229	1960000	-0.026603825	0.5297336	-0.026473314	-0.02776926	0.8928731	0.015480226	0.28802502	18.0	4537.960972547531
49	-205.84477	16.583836	-176.3206	-232.89561	1000.0	-20.847464	1.7444628	-17.229418	-23.272093	2000000	-0.024336206	0.48096502	-0.024296839	-0.041231126	0.89179575	0.01602719	0.24491249	13.5	4631.537612438202
50	-204.17639	17.248873	-175.68776	-232.25566	1000.0	-20.6017	1.6698259	-17.065983	-22.86529	2040000	-0.022936456	0.5225339	-0.026753515	-0.023274228	0.89088094	0.015567567	0.2607625	14.0	4724.620502710342
51	-202.00389	15.160957	-176.25072	-226.18336	1000.0	-20.405424	1.6962018	-16.828861	-22.650532	2080000	-0.025336273	0.4827056	-0.025230912	-0.039677013	0.8897565	0.015194439	0.26082498	15.5	4817.961875200272
52	-199.69038	14.607279	-174.4997	-226.25485	1000.0	-20.198051	1.539603	-16.89038	-22.269114	2120000	-0.025005324	0.4506777	-0.031176828	-0.030089695	0.88870347	0.016965244	0.310375	17.0	4911.233911275864
53	-199.82625	15.366321	-171.42262	-226.08403	1000.0	-19.992573	1.4529986	-16.802979	-21.89642	2160000	-0.025094451	0.46038568	-0.02381956	-0.0034177825	0.88784516	0.015345978	0.24448752	13.0	5004.675444602966
54	-197.05193	15.603869	-169.07785	-221.90146	1000.0	-19.959904	1.5030962	-16.686104	-21.884031	2200000	-0.005458398	0.5790286	-0.0053687524	-0.041728556	0.88738126	0.015985547	0.24777502	2.5	5097.6096777915955
55	-196.0777	14.642294	-172.20665	-219.01074	1000.0	-19.71737	1.5289906	-16.527508	-21.761488	2240000	-0.024794979	0.46246582	-0.0247396	-0.019091928	0.8866541	0.016683254	0.2679125	14.0	5190.8204555511475
56	-193.95755	13.26065	-170.66702	-213.90085	1000.0	-19.598179	1.4327754	-16.475122	-21.41951	2280000	-0.024065387	0.4086048	-0.023655578	-0.026373079	0.88554746	0.016035344	0.2544625	13.0	5284.410261154175
57	-191.91043	12.910691	-167.50851	-208.90817	1000.0	-19.410177	1.3187338	-16.455843	-21.03748	2320000	-0.02488323	0.472797	-0.02403589	-0.028526116	0.88478446	0.017068058	0.2614125	13.0	5377.792617559433
58	-192.2087	12.795785	-166.89583	-212.45041	1000.0	-19.19508	1.2576956	-16.360455	-20.713596	2360000	-0.023536725	0.41661328	-0.024050161	-0.0022869185	0.8838979	0.015110791	0.2579375	13.5	5471.597204208374
59	-189.64044	12.894007	-164.36064	-207.3277	1000.0	-19.21375	1.2481105	-16.365934	-20.648746	2400000	-0.023022337	0.4457637	-0.028329693	-0.036337245	0.8825718	0.015373079	0.28070003	14.0	5565.875989437103
60	-188.70416	12.3928995	-164.97356	-206.66768	1000.0	-18.94731	1.2537931	-16.058313	-20.285666	2440000	-0.02418409	0.3821165	-0.027255755	-0.005310096	0.881378	0.015216693	0.27275002	14.5	5659.824669122696
61	-186.26315	11.933133	-164.33443	-199.41214	1000.0	-18.850159	1.2128689	-16.040775	-20.138376	2480000	-0.026695477	0.400271	-0.029868724	-0.03597472	0.8805107	0.016226422	0.305675	16.5	5753.859917879105
62	-184.74583	11.666432	-163.344	-198.93454	1000.0	-18.614967	1.1871418	-15.820744	-19.691256	2520000	-0.024087641	0.35121143	-0.027095944	-0.016939517	0.87951845	0.015317766	0.26806253	14.5	5847.8271288871765
63	-183.91501	12.473242	-160.26173	-196.48875	1000.0	-18.451147	1.1607201	-15.737356	-19.609121	2560000	-0.023808504	0.37216103	-0.023588885	-0.0058044624	0.87825006	0.015701251	0.250775	12.5	5941.6121163368225
64	-182.55428	11.030893	-160.53348	-195.8139	1000.0	-18.38403	1.2199202	-15.576825	-19.529287	2600000	-0.023048112	0.36755934	-0.02625488	-0.018913891	0.8772104	0.015364036	0.26392502	13.0	6035.977218866348
65	-181.33952	10.815688	-160.2502	-193.5526	1000.0	-18.24785	1.1018784	-15.6426935	-19.227882	2640000	-0.02328261	0.35833186	-0.025402676	-0.00791711	0.87648296	0.015473346	0.255025	12.0	6129.882079362869
66	-180.13643	11.50513	-158.22101	-196.01877	1000.0	-18.130234	1.0470785	-15.622809	-19.026407	2680000	-0.023877297	0.38663653	-0.023311634	-0.02148289	0.87547493	0.015577357	0.2523875	12.5	6223.780621767044
67	-178.9647	11.196231	-157.3025	-194.58308	1000.0	-18.012913	1.1051971	-15.499219	-19.189453	2720000	-0.025052987	0.38599613	-0.023388084	-0.017502166	0.8745667	0.015431286	0.25875	12.5	6317.372237920761
68	-177.55457	11.041491	-157.42781	-189.19167	1000.0	-17.908579	1.0855876	-15.3806095	-18.841658	2760000	-0.023621798	0.31825322	-0.026820213	-0.01489564	0.8736006	0.0152084185	0.27515	13.5	6411.840420007706
69	-176.12662	10.504499	-156.87422	-187.99014	1000.0	-17.746984	1.0685687	-15.282001	-18.645077	2800000	-0.02125163	0.33469915	-0.02526743	-0.012662489	0.8723986	0.015287789	0.23901251	11.5	6506.076169252396
70	-175.34978	10.909499	-153.48473	-188.50798	1000.0	-17.608507	1.0273943	-15.206436	-18.4853	2840000	-0.023959436	0.3253271	-0.026269851	-0.005704414	0.8712872	0.015178186	0.260675	12.5	6600.021936178207
71	-174.49234	10.236849	-152.94174	-184.84598	1000.0	-17.526873	1.0573119	-15.065541	-18.333578	2880000	-0.022084292	0.3159179	-0.02913949	-0.010599807	0.8702746	0.01728797	0.29425	13.5	6693.975584030151
72	-173.8772	10.490139	-152.7814	-186.2714	1000.0	-17.436935	1.006464	-15.068719	-18.278343	2920000	-0.021690013	0.30122858	-0.021504056	-0.006015556	0.8692098	0.015324259	0.23357502	10.5	6787.719116449356
73	-172.31795	9.862219	-152.27155	-184.00284	1000.0	-17.365622	1.0116158	-15.012092	-18.185545	2960000	-0.022614473	0.2977894	-0.021576967	-0.012984229	0.8682414	0.01580403	0.2297125	11.0	6881.653348207474
74	-171.26315	10.632211	-150.94032	-185.04688	1000.0	-17.224775	0.96079075	-14.957315	-17.951122	3000000	-0.023461979	0.36181584	-0.023672879	-0.009710239	0.86708796	0.015734334	0.2542625	13.0	6975.549116134644
75	-170.48415	9.62933	-151.59471	-182.01038	1000.0	-17.11517	1.0060226	-14.796213	-17.880829	3040000	-0.022873353	0.3194554	-0.025294796	-0.0112822335	0.8659049	0.015226252	0.24870001	11.5	7069.600638151169
76	-169.53912	10.304358	-149.96516	-182.22409	1000.0	-17.041521	0.9397711	-14.856902	-17.837528	3080000	-0.02255743	0.2884124	-0.024569806	-0.009176152	0.86477876	0.015172115	0.243975	11.0	7163.723546504974
77	-168.12576	9.214018	-150.38069	-179.85858	1000.0	-16.954046	1.0022968	-14.664205	-17.676563	3120000	-0.025762718	0.29335967	-0.029238617	-0.016830001	0.8638353	0.016203593	0.313575	15.0	7257.92792057991
78	-167.68057	9.7890625	-148.36021	-178.80481	1000.0	-16.801132	0.9026795	-14.700313	-17.540674	3160000	-0.022261262	0.2887718	-0.029702393	-0.004194986	0.8630203	0.016587764	0.2936125	12.5	7351.835618972778
79	-166.95357	9.348886	-149.16139	-178.18404	1000.0	-16.732344	0.93883795	-14.564227	-17.456398	3200000	-0.020894881	0.25418282	-0.02214976	-0.0044873077	0.8619394	0.018352762	0.24008751	11.5	7446.009219169617
80	-165.42099	8.827607	-148.23486	-177.56813	1000.0	-16.678444	0.9165551	-14.566366	-17.343464	3240000	-0.022669097	0.2859345	-0.022863865	-0.011037199	0.86097634	0.016827293	0.25465	12.0	7540.296225786209
81	-164.5112	8.606581	-146.41629	-173.89282	1000.0	-16.54811	0.86063254	-14.537722	-17.22671	3280000	-0.023515929	0.25009587	-0.022638679	-0.0081621	0.8600051	0.015435881	0.2420375	11.5	7634.216197252274
82	-163.97789	9.980859	-144.12283	-175.90132	1000.0	-16.444513	0.82313675	-14.499329	-17.04262	3320000	-0.022791615	0.2756537	-0.021773864	-0.015630363	0.8590079	0.015408395	0.23227501	11.0	7728.00897359848
83	-162.90416	9.595058	-143.79665	-175.91855	1000.0	-16.369534	0.9526505	-14.258277	-17.190582	3360000	-0.022514783	0.2671852	-0.02734879	-0.007930422	0.85794777	0.016269408	0.2716	11.5	7821.86247253418
84	-162.02908	8.928849	-143.40184	-172.97058	1000.0	-16.286469	0.9487083	-14.21224	-17.216513	3400000	-0.024529245	0.23349991	-0.024198368	-0.007637063	0.8566747	0.015384087	0.2775625	13.0	7916.2879383563995
85	-160.7836	9.631363	-140.3008	-171.6824	1000.0	-16.1899	0.8854996	-14.240345	-17.058584	3440000	-0.023240931	0.26355937	-0.025170641	-0.012914831	0.8556793	0.015724722	0.25810003	12.0	8010.53257393837
86	-160.29047	9.141616	-141.96965	-170.82706	1000.0	-16.06444	0.94486237	-13.992948	-16.870281	3480000	-0.023514917	0.2250765	-0.02323673	-0.008507391	0.8546446	0.015575151	0.25994998	12.0	8105.172648191452
87	-159.34785	9.094225	-142.08101	-172.62032	1000.0	-16.000471	0.9037418	-14.014274	-16.819498	3520000	-0.024892915	0.23529872	-0.024402155	-0.005636545	0.8537967	0.017505355	0.276	12.5	8199.210014343262
88	-158.23965	8.9036665	-139.16266	-170.36612	1000.0	-15.916769	0.88549757	-13.974602	-16.710949	3560000	-0.02293357	0.23790206	-0.022996107	-0.006603811	0.85319847	0.015804552	0.25578752	11.5	8293.863176107407
89	-156.39526	8.1703615	-140.70071	-167.47394	1000.0	-15.81426	0.8775213	-13.909779	-16.648123	3600000	-0.022127097	0.24907744	-0.02630486	-0.02181773	0.85247916	0.015715674	0.2737375	12.0	8388.212517738342
90	-156.2294	9.431596	-138.75143	-170.09026	1000.0	-15.6300125	0.81722695	-13.827595	-16.400473	3640000	-0.021616202	0.23252907	-0.027816158	-0.014213493	0.851622	0.016007781	0.28707498	12.5	8482.409563302994
91	-154.79031	8.29249	-138.04109	-165.96904	1000.0	-15.592644	0.90353024	-13.707379	-16.557423	3680000	-0.023244018	0.22118703	-0.023283647	-0.010395508	0.85051495	0.015335011	0.264675	12.0	8576.673067569733
92	-154.51346	8.261758	-139.09842	-165.05997	1000.0	-15.478322	0.8370251	-13.705479	-16.329493	3720000	-0.021560382	0.19425848	-0.025048569	-0.0062143374	0.8495356	0.015237892	0.2572375	11.0	8671.079406023026
93	-153.97533	8.746746	-136.93216	-167.03864	1000.0	-15.447951	0.80914557	-13.686017	-16.146816	3760000	-0.022039637	0.23333661	-0.0221323	-0.011403447	0.8486859	0.01587236	0.247825	11.0	8765.680191516876
94	-152.93059	8.13788	-138.14862	-163.54208	1000.0	-15.377005	0.84796387	-13.604575	-16.289143	3800000	-0.021773618	0.22232188	-0.025588812	-0.013659395	0.84764946	0.015782513	0.2657625	11.5	8859.70332312584
95	-152.45987	8.390252	-136.95132	-164.36606	1000.0	-15.2774	0.80249083	-13.5364275	-15.960905	3840000	-0.023761239	0.2290903	-0.023514237	-0.005959413	0.84648746	0.016533	0.2706375	12.0	8953.983803272247
96	-150.97697	8.248515	-134.55103	-162.24152	1000.0	-15.263302	0.8226607	-13.540813	-16.123302	3880000	-0.022278974	0.20107609	-0.022867147	-0.013638163	0.8455143	0.015572745	0.251975	11.0	9048.198052883148
97	-150.47421	8.209623	-134.36139	-161.24687	1000.0	-15.097306	0.8187314	-13.383539	-15.933812	3920000	-0.022973496	0.20174982	-0.025876697	-0.0024769641	0.84467274	0.0153417345	0.2728625	12.0	9142.936733722687
98	-149.65076	7.7332335	-135.20863	-158.09515	1000.0	-15.040937	0.8045762	-13.350162	-15.854147	3960000	-0.023779875	0.19572698	-0.02644598	-0.007781312	0.84380686	0.01540729	0.2764625	12.5	9237.755571842194
99	-148.42262	8.582958	-131.8973	-161.02737	1000.0	-14.952264	0.7742318	-13.289605	-15.63433	4000000	-0.022178423	0.23396988	-0.02155377	-0.0125253	0.84298766	0.015985977	0.236625	10.0	9332.379345178604
100	-147.9893	8.095006	-132.63277	-158.98747	1000.0	-14.82766	0.81373173	-13.142698	-15.615158	4040000	-0.02373704	0.19767547	-0.022695081	-0.003232671	0.84212714	0.016277153	0.25925	11.5	9427.189906358719
101	-147.70198	8.084999	-131.39107	-157.19266	1000.0	-14.7866	0.78485215	-13.1385975	-15.519344	4080000	-0.022637695	0.1703826	-0.025435768	-0.0015767887	0.84112144	0.01581172	0.2660375	11.0	9521.88175702095
102	-146.39919	8.124695	-130.15729	-158.98367	1000.0	-14.744544	0.78963274	-13.088743	-15.425611	4120000	-0.022579916	0.19335814	-0.02291527	-0.008436493	0.8401003	0.016253714	0.260975	11.5	9616.434480190277
103	-145.59167	7.406018	-130.71024	-156.4514	1000.0	-14.62998	0.79840773	-13.000136	-15.424947	4160000	-0.021171072	0.17629987	-0.021032494	-0.008073591	0.8393246	0.015729312	0.2209125	9.5	9710.64326119423
104	-144.72752	8.017055	-128.91882	-155.9684	1000.0	-14.529578	0.73150086	-13.018542	-15.273547	4200000	-0.02465167	0.19733995	-0.022652559	-0.004292151	0.8385689	0.015811	0.2670125	11.0	9804.997716903687
105	-144.0225	8.345343	-128.02943	-154.11552	1000.0	-14.453058	0.7848865	-12.863472	-15.259253	4240000	-0.022707472	0.1957326	-0.022133201	-0.0045223385	0.83788776	0.01586543	0.2533	10.0	9899.22550201416
106	-143.34718	8.619792	-126.48176	-157.1228	1000.0	-14.395019	0.8031788	-12.782915	-15.203796	4280000	-0.020680765	0.18163773	-0.021682192	-0.003342962	0.8373167	0.016890984	0.24232501	10.0	9993.516498088837
107	-142.48271	8.38986	-126.8966	-151.79877	1000.0	-14.324838	0.8380254	-12.665302	-15.171114	4320000	-0.0226105	0.17800575	-0.028403483	-0.007163031	0.83666825	0.016535148	0.29148751	11.5	10087.918584346771
108	-141.36366	8.229395	-125.19974	-152.23973	1000.0	-14.235395	0.83004	-12.574629	-15.012447	4360000	-0.02197402	0.18499917	-0.027749252	-0.008038597	0.8359659	0.016577698	0.2833875	11.5	10182.197223424911
109	-141.17502	7.834732	-125.07099	-152.39366	1000.0	-14.129156	0.816592	-12.529031	-14.986199	4400000	-0.018508246	0.16593009	-0.020828256	-0.002089154	0.83517665	0.016881399	0.2324375	9.5	10276.690324544907
110	-140.09909	7.832694	-123.63966	-149.69666	1000.0	-14.105018	0.76135576	-12.58873	-14.883603	4440000	-0.022626622	0.15493265	-0.022478733	-0.0059519596	0.8340317	0.015534161	0.2528625	10.5	10371.414950847626
111	-138.6898	8.075967	-122.33252	-149.55916	1000.0	-14.006003	0.772748	-12.461219	-14.748779	4480000	-0.022988163	0.1815263	-0.0233076	-0.009412138	0.83283347	0.015589876	0.2684	11.5	10465.865171670914
112	-138.2563	8.251893	-121.90198	-148.32806	1000.0	-13.878047	0.7761223	-12.335541	-14.630821	4520000	-0.022037636	0.16967	-0.02255775	-0.0018166322	0.8321446	0.016527915	0.251525	10.5	10560.334799051285
113	-137.76079	8.226369	-120.06921	-148.56427	1000.0	-13.825486	0.7927714	-12.258872	-14.594862	4560000	-0.021871254	0.15411696	-0.021570388	-0.0028309282	0.8315681	0.016109206	0.24081251	10.0	10654.691666603088
114	-136.97025	8.390897	-121.37632	-147.57042	1000.0	-13.7577715	0.80103546	-12.183035	-14.522636	4600000	-0.02123969	0.1628871	-0.027726203	-0.0065070493	0.8308072	0.016361732	0.2842625	11.0	10749.23599100113
115	-136.51762	8.524091	-120.963974	-148.1447	1000.0	-13.680666	0.8249692	-12.103557	-14.538643	4640000	-0.021672748	0.17117164	-0.025132544	-0.0029102173	0.82994115	0.015401416	0.27144998	10.5	10843.37216091156
116	-135.54257	8.272002	-120.23626	-147.21404	1000.0	-13.634641	0.8264621	-12.092575	-14.571432	4680000	-0.021294625	0.17039664	-0.021558013	-0.0047031287	0.82872796	0.016710337	0.250525	10.0	10938.18376326561
117	-135.03378	8.553761	-119.464294	-145.57602	1000.0	-13.5371	0.8147447	-12.018275	-14.460085	4720000	-0.021543242	0.14592986	-0.021740016	-0.0020688465	0.82759774	0.017099906	0.247775	10.0	11032.347702026367
118	-133.55139	8.362032	-116.92086	-145.19855	1000.0	-13.479695	0.8330996	-11.933012	-14.418301	4760000	-0.021103445	0.15984356	-0.021086141	-0.010215416	0.82672966	0.015546247	0.237575	9.5	11126.27790403366
119	-133.46516	8.538223	-118.47471	-144.14973	1000.0	-13.3373375	0.8223982	-11.790848	-14.204647	4800000	-0.020855844	0.1413754	-0.027177919	-0.0003625173	0.8258127	0.016017552	0.2808625	10.5	11220.275839090347
120	-132.96216	8.808551	-116.605225	-144.08408	1000.0	-13.324528	0.8331246	-11.754292	-14.180102	4840000	-0.020149576	0.16024683	-0.020376567	-0.0017463695	0.8248936	0.015854377	0.2378875	9.0	11314.421714782715
121	-131.78745	8.565389	-116.60297	-143.82982	1000.0	-13.284395	0.8680382	-11.671075	-14.1934395	4880000	-0.020307496	0.16296166	-0.02094974	-0.010502527	0.82389605	0.015455859	0.2394375	9.5	11408.884641170502
122	-130.96588	8.691981	-115.71747	-143.08267	1000.0	-13.174129	0.84585166	-11.657026	-14.177725	4920000	-0.022558568	0.15313092	-0.022263724	-0.0057468126	0.8227408	0.016297642	0.26331252	10.0	11503.236469268799
123	-129.55989	8.714373	-112.89044	-142.50096	1000.0	-13.086642	0.8482134	-11.530162	-14.011339	4960000	-0.02300332	0.17892501	-0.021432638	-0.008681873	0.8219175	0.016404346	0.2453875	10.0	11598.159140586853
124	-129.01907	8.862911	-112.15412	-142.01756	1000.0	-12.953744	0.8466949	-11.392956	-13.848823	5000000	-0.02107286	0.14686	-0.021259096	-0.0040004887	0.8213602	0.016885133	0.2417125	9.5	11692.511408805847
