Epoch	AverageEpRet	StdEpRet	MaxEpRet	MinEpRet	EpLen	AverageVVals	StdVVals	MaxVVals	MinVVals	TotalEnvInteracts	LossPi	LossV	DeltaLossPi	DeltaLossV	Entropy	KL	ClipFrac	StopIter	Time
0	-2.897834	16.579992	233.91115	-62.09119	17.94773	-0.011481453	0.08876058	0.25723612	-0.22304088	50000	-0.0049476568	361.13837	-0.005637154	-20.470001	1.7664584	0.011822496	0.11315999	39.0	28.427026987075806
1	-2.5296528	18.689749	264.90433	-70.55445	24.753977	-2.085764	3.5694013	7.462323	-7.630483	100000	-0.0033987295	375.29962	-0.005769971	-36.612717	1.7534564	0.011232157	0.08627	39.0	59.018131732940674
2	-2.6354427	22.957336	351.20612	-67.84859	31.640944	-5.3120656	7.8749895	16.273823	-16.821991	150000	-0.0025512911	437.7303	-0.0056934906	-16.35386	1.7364872	0.0071406625	0.06796999	39.0	88.22833514213562
3	-3.1556966	20.219936	286.39124	-70.72164	33.140186	-7.1972327	9.328806	19.555323	-21.097815	200000	-0.003806368	338.53284	-0.0038878752	-18.335663	1.7311419	0.01412919	0.08277	23.0	117.22102236747742
4	-2.1655934	18.72733	274.76996	-58.570797	20.788815	-3.0026503	9.372994	23.373756	-24.187931	250000	-0.00367051	334.3937	-0.0049558803	-10.336115	1.7318094	0.010492861	0.09733	39.0	147.30536437034607
5	0.5456394	27.839342	415.8204	-56.410698	23.4158	1.9096241	7.7969666	25.543343	-24.290823	300000	-0.0037566703	629.84436	-0.006403466	-31.791708	1.7179244	0.011074906	0.117139995	39.0	176.42709708213806
6	2.736469	37.128387	411.27206	-65.61141	29.945047	3.9319909	11.555708	32.09691	-29.491652	350000	-0.0045578443	810.9342	-0.005720009	-32.746246	1.6973959	0.011014363	0.08719999	39.0	205.29967975616455
7	7.602634	52.16163	485.61224	-61.85239	33.377026	6.8340287	16.701653	42.8568	-23.249561	400000	-0.0046181977	1345.1224	-0.0054105464	-81.0058	1.6674211	0.0125729125	0.13480999	39.0	233.16816449165344
8	16.363354	65.23309	518.6467	-64.853615	32.88497	15.631798	21.42847	49.82933	-22.719872	450000	-0.0047696196	1850.5698	-0.0055882065	-87.49718	1.623455	0.01227728	0.1337	39.0	264.85598731040955
9	24.945642	87.32916	672.7664	-54.139305	30.881514	27.826063	25.872307	59.74618	-19.532295	500000	-0.0031979978	2910.9263	-0.0057148766	-185.97163	1.585347	0.012943865	0.13255	35.5	296.54602909088135
10	32.39686	98.83267	674.50116	-67.14722	34.10944	38.58123	30.317345	73.05208	-28.696173	550000	-0.0028319098	2997.8474	-0.0044371653	-113.775505	1.5674522	0.010717854	0.08474	39.0	327.85419821739197
11	35.31556	105.00251	612.89386	-56.838306	36.236534	44.70991	34.586166	81.43966	-20.681536	600000	-0.002830632	2976.6477	-0.004508382	-89.93644	1.5395648	0.011208218	0.079679996	39.0	358.5825357437134
12	45.644344	122.089714	626.322	-47.66842	36.406	53.79792	35.16626	87.04206	-9.81848	650000	-0.0038531162	3868.9722	-0.004313925	-143.65643	1.5211029	0.011488858	0.12735	39.0	389.7354826927185
13	49.459286	127.05912	670.7552	-59.45916	39.703114	64.24306	34.749092	91.66552	-7.7409143	700000	-0.0021860711	3748.5369	-0.005338803	-60.646706	1.4964569	0.010264877	0.07366	39.0	422.8183915615082
14	48.387684	123.29065	614.3481	-60.67093	38.789062	65.93827	36.671238	96.59246	-23.175756	750000	-0.0017083818	3681.9966	-0.0051412378	-54.538177	1.4946129	0.008436067	0.098309994	39.0	455.15573167800903
15	50.980335	126.528076	636.29926	-32.248985	37.875095	70.4836	32.886013	99.216576	-14.322132	800000	-0.003967786	4054.8433	-0.0043607	-89.11679	1.4852468	0.012102736	0.09187999	39.0	488.2358593940735
16	61.44327	142.94423	680.52295	-20.0	39.685852	77.54434	27.986837	102.69994	-8.873974	850000	-0.0034117233	4772.651	-0.0045485827	-103.05768	1.4310288	0.010862829	0.0962	39.0	518.8908784389496
17	63.896523	145.53044	736.81305	-25.715769	39.23107	84.88366	26.070248	106.41183	-23.051563	900000	-0.0024646139	5237.989	-0.0042007617	-84.579834	1.4042077	0.009638291	0.06883	39.0	546.5710172653198
18	79.323105	166.16328	720.67865	-20.474121	42.797066	91.29114	22.343195	107.15207	-27.876596	950000	-0.001413336	5923.918	-0.0052448064	-116.02588	1.3858707	0.009327071	0.064619996	39.0	577.780508518219
19	94.907394	179.81757	803.34393	-20.0	46.50892	101.0361	20.849653	112.34392	-23.041883	1000000	-0.0015194193	6304.295	-0.0051568463	-114.85492	1.3654313	0.009531511	0.07134	39.0	606.9528844356537
20	81.51285	173.1003	738.41516	-20.0	42.718456	105.98686	23.240685	121.53071	-9.646161	1050000	-0.0015158276	5945.4004	-0.004122156	-65.154724	1.3624468	0.0076582246	0.05501	39.0	638.8419618606567
21	85.50007	172.29703	756.2467	-20.0	43.416595	107.50483	24.148458	124.427925	-7.573156	1100000	-0.0026141927	6251.9707	-0.0034113578	-64.10071	1.3487117	0.007832814	0.06284	39.0	668.0095348358154
22	91.042534	179.75055	786.50653	-60.53427	47.152752	111.0192	22.40821	129.78809	-7.59796	1150000	-0.0022278056	6504.462	-0.005175812	-177.14325	1.3472947	0.010704359	0.069	39.0	701.1087956428528
23	91.000496	181.34435	926.6729	-20.0	46.783836	107.92782	25.109076	129.97766	-7.244864	1200000	-0.002612539	6506.033	-0.0043615387	-100.03485	1.3186857	0.009794809	0.069409996	39.0	734.3388769626617
24	107.46819	191.57068	814.64594	-27.405825	52.070156	111.56771	24.400543	131.62903	-4.229352	1250000	-0.002301991	6515.6084	-0.0043831463	-68.32495	1.3191962	0.009563077	0.058709998	39.0	765.2111175060272
25	93.64636	189.22498	799.0218	-20.0	45.551598	114.83377	23.944237	133.03725	-15.829458	1300000	-0.0024692384	6667.652	-0.004155293	-41.862732	1.2961173	0.00837756	0.07243	39.0	796.4785718917847
26	96.023346	190.25203	820.41907	-20.0	46.596245	117.19622	25.072632	133.48706	-21.072962	1350000	-0.0015832558	6695.082	-0.005531965	-56.38379	1.2661129	0.0092669595	0.06611	39.0	826.3030488491058
27	98.69282	200.55511	820.02527	-20.0	46.902832	116.99085	24.759497	140.33453	-10.41915	1400000	-0.002238365	7065.999	-0.003769366	-122.76697	1.2616154	0.008736495	0.058569998	39.0	856.117353439331
28	114.44153	212.63269	839.3172	-24.153934	50.183838	121.58848	23.387655	141.31494	-3.51136	1450000	-0.0016267449	7714.707	-0.003726969	-89.44757	1.2276404	0.007032323	0.04869	39.0	885.8609800338745
29	112.15379	211.19954	879.29175	-20.0	48.814342	129.34566	20.587	145.84344	-1.0111665	1500000	-0.0015225895	7770.947	-0.00398871	-63.514465	1.1923847	0.009622095	0.052539997	39.0	916.4735252857208
30	129.72491	229.00888	866.82446	-20.0	54.413376	128.03271	20.441122	146.75278	-7.924446	1550000	-0.0023125499	8289.5	-0.0037323344	-124.59619	1.190201	0.009636207	0.06769	39.0	946.8177404403687
31	97.259766	200.06137	903.49396	-20.0	44.21747	129.77118	27.89197	151.15681	-4.461487	1600000	-0.0016897796	7666.792	-0.0039136345	-66.78418	1.1423321	0.007914044	0.05532	39.0	980.196795463562
32	115.900085	221.28624	871.1095	-20.0	50.838448	127.9025	27.235632	152.34583	-8.455834	1650000	-0.001574371	7670.7334	-0.0036257366	-103.767395	1.1411633	0.009365427	0.063329995	39.0	1010.2324585914612
33	125.10056	233.9216	899.10254	-20.0	50.78564	133.48302	22.281841	157.49963	-0.10866642	1700000	-0.0013163034	9059.584	-0.00391284	-93.81885	1.1393633	0.0077142585	0.04398	39.0	1041.1237018108368
34	113.25311	227.95058	940.5662	-20.0	43.644737	138.7699	24.90534	159.74689	0.6166645	1750000	-0.0016849143	9688.056	-0.0040743845	-94.18274	1.1070287	0.0062931804	0.068849996	39.0	1071.9311435222626
35	132.79265	245.03783	907.4255	-20.0	49.651695	145.59447	25.07182	163.80276	5.7974353	1800000	-0.0011487342	10013.991	-0.0044599553	-110.74097	1.08863	0.006958685	0.05781	39.0	1102.8021392822266
36	125.80803	243.9929	965.3399	-20.0	47.856453	150.83504	24.528694	174.13408	8.471533	1850000	-0.0017490331	10135.981	-0.0037513066	-78.6615	1.0823233	0.009109385	0.05656	39.0	1138.0080931186676
37	127.515396	241.41394	937.0339	-20.0	49.49405	152.2726	26.68036	177.85002	2.389195	1900000	-0.0010868702	9746.377	-0.003409213	-83.73108	1.0715216	0.007861364	0.043739997	39.0	1171.8443489074707
38	141.61252	255.87395	1002.548	-20.0	52.577003	147.87344	28.730726	178.89162	-22.956581	1950000	-0.0022986932	10580.308	-0.0034623775	-92.40613	1.0323714	0.0064547574	0.05336	39.0	1202.136824131012
39	133.84335	243.45544	969.0541	-20.0	50.163452	155.50542	25.167002	180.9377	-19.867073	2000000	-0.002363463	10211.613	-0.003931653	-115.01941	1.0229349	0.00820714	0.07053	39.0	1238.8744626045227
40	123.79476	246.06702	981.40094	-20.0	46.559624	151.61044	28.761923	182.24016	-4.339345	2050000	-0.0007036645	10727.379	-0.0039459364	-131.75977	1.0038695	0.0057520657	0.048599996	39.0	1270.483219385147
41	126.35742	243.45184	960.0971	-20.0	46.96964	155.54475	28.523977	184.87192	-4.628529	2100000	-0.0023038478	10636.07	-0.0032885969	-72.66797	0.9996198	0.004747784	0.055069998	39.0	1306.5539762973785
42	136.43916	252.44586	1044.4458	-20.0	50.25278	154.98438	29.45272	185.87582	-27.282047	2150000	-0.0015219804	10554.482	-0.0035511078	-86.31018	0.98221993	0.0077013504	0.048299998	39.0	1337.7155771255493
43	130.77061	255.75865	980.0281	-20.0	47.741344	153.8802	29.221548	184.8965	-19.436783	2200000	-0.0014258511	11287.539	-0.0035021533	-79.85437	0.97517526	0.007903634	0.04916	39.0	1369.6646287441254
44	143.64552	271.85468	959.22217	-20.0	52.56508	158.83345	33.882206	187.64375	-7.7396336	2250000	-0.0008064592	11330.926	-0.0045364792	-67.10278	0.9551698	0.0066110096	0.04059	39.0	1406.5913753509521
45	139.61378	262.45398	981.9836	-20.0	50.561993	163.89857	33.209248	189.63342	-23.900568	2300000	-0.0013424475	11027.244	-0.0033709344	-67.73157	0.9550653	0.008670217	0.04428	39.0	1443.3117425441742
46	166.2504	284.5694	1080.1094	-20.0	60.471237	160.019	34.370365	189.65692	-16.934273	2350000	-0.0009839935	10874.281	-0.0036102233	-95.284424	0.93264574	0.006576836	0.04472	39.0	1480.07390832901
47	158.49017	284.33905	980.74554	-23.99734	54.147827	167.53497	26.975592	195.98895	-23.900646	2400000	-0.0027328804	11965.274	-0.003619881	-106.81506	0.9429885	0.007952053	0.06037	39.0	1510.7773270606995
48	144.45827	270.85696	1020.1494	-23.227247	50.24469	170.87209	28.992905	199.26913	-18.342884	2450000	-0.0017852802	11797.698	-0.0039962223	-59.29297	0.93846667	0.007911954	0.04963	39.0	1547.0638754367828
49	146.59091	265.18442	1010.3895	-20.0	52.41245	165.81778	32.582943	200.03224	-17.69668	2500000	-0.001437387	11389.975	-0.0035276208	-130.43274	0.9308834	0.005986569	0.05673	39.0	1577.0056612491608
50	141.76756	273.83798	1017.35956	-20.0	48.769382	165.51546	29.33404	202.0467	-6.4151306	2550000	-0.0010534795	12838.558	-0.002544635	-122.302	0.9417826	0.0074786395	0.041330002	39.0	1611.7673933506012
51	145.89182	276.3405	1014.69666	-31.984652	50.29686	171.36816	30.02851	202.27571	-11.948185	2600000	-0.0011920887	12292.686	-0.0033297953	-93.61597	0.9442328	0.0075394064	0.04222	39.0	1643.6833801269531
52	153.81946	273.04178	1030.8041	-20.0	52.83847	171.09721	31.153313	203.83145	-15.33049	2650000	-0.0016384012	11802.478	-0.0037008026	-95.66492	0.9272805	0.008451397	0.055089995	39.0	1679.0169279575348
53	156.13033	282.46017	1038.8992	-20.0	52.390297	171.45715	31.361902	205.15123	-33.876717	2700000	-0.00068624876	12393.156	-0.004022919	-146.08801	0.91647106	0.007639135	0.04178	39.0	1715.4733347892761
54	170.57433	292.07297	993.83624	-20.0	57.79089	174.06332	24.403782	207.91074	-7.7199707	2750000	-0.0016918126	11540.25	-0.0030063035	-80.48352	0.9111659	0.0053785522	0.04304	39.0	1751.6737418174744
55	147.5484	279.5755	1022.9466	-20.0	50.433502	174.97511	26.464918	208.86989	25.314293	2800000	-0.0009987317	12385.204	-0.0035532068	-94.55664	0.89411783	0.006223412	0.04405	39.0	1787.8852972984314
56	153.79259	282.75275	1048.1517	-20.0	53.872963	172.58682	35.249275	212.53659	-11.488667	2850000	-0.0008805543	12220.75	-0.0037900528	-126.54785	0.88468266	0.006735175	0.047480002	39.0	1822.6593492031097
57	159.93199	283.18918	985.2448	-20.0	56.348022	173.11343	31.721792	211.74171	-11.708763	2900000	-0.001203002	11354.0625	-0.0029721214	-108.857544	0.9005942	0.007010825	0.044129997	39.0	1857.0188887119293
58	141.7872	265.4524	976.2728	-20.0	50.60649	170.77393	30.363668	214.47836	-6.5139713	2950000	-0.002428426	11105.809	-0.002811912	-119.320435	0.8749747	0.006995667	0.054409996	39.0	1893.3560049533844
59	151.6252	288.44803	1009.4553	-24.025703	53.0844	165.45079	30.551828	215.2193	-5.9582596	3000000	-0.0016892534	11904.258	-0.0032689604	-113.55945	0.8846214	0.008246882	0.049459998	39.0	1927.372304201126
60	164.3148	291.82684	1017.08044	-21.911953	55.53683	173.89392	31.284906	217.14897	-6.382966	3050000	-0.0013830233	12057.757	-0.0022592878	-80.65076	0.8721919	0.004753351	0.03898	39.0	1961.4655938148499
61	185.37932	310.9382	1017.30414	-20.0	60.14199	177.11784	29.667276	219.14711	-11.444827	3100000	-0.0015783999	12988.628	-0.002623198	-112.39661	0.878677	0.006062151	0.04488	39.0	1995.3807876110077
62	170.48267	299.80484	1061.5219	-25.665165	55.556297	185.9716	29.107872	222.74693	-1.8171918	3150000	-0.0007878542	12988.68	-0.003417897	-171.60828	0.8734027	0.0075606047	0.037759997	39.0	2026.7752306461334
63	160.12076	291.53146	1055.9855	-20.0	52.298634	180.88667	29.818254	222.19995	-3.8917556	3200000	-0.0007043835	13079.84	-0.0034378192	-78.44336	0.8770356	0.0040180734	0.03211	39.0	2059.017163515091
64	184.13634	304.55417	1070.1753	-20.0	58.972813	181.92236	28.590263	226.30528	-15.52309	3250000	-0.0016636681	13195.199	-0.0028706926	-73.65198	0.8716601	0.00589473	0.03972	39.0	2095.8140683174133
65	141.84763	269.66525	1078.2491	-20.0	46.582943	182.0662	26.3236	225.29355	15.536959	3300000	-0.0007113265	12815.216	-0.0033189626	-117.511475	0.87040794	0.0049255155	0.032819998	39.0	2133.0394852161407
66	173.47188	310.57516	1034.0669	-20.0	55.03536	176.89638	27.426989	222.98033	0.14024663	3350000	-0.0013486226	13479.527	-0.0031514387	-147.87793	0.86998135	0.006654471	0.04626	39.0	2167.6561748981476
67	170.74493	305.39288	1020.7402	-20.0	54.702316	189.17287	28.287476	225.89047	29.829205	3400000	-0.001595119	13359.365	-0.002882029	-63.0907	0.8660776	0.0068192175	0.038629998	39.0	2200.9659600257874
68	148.72124	285.28952	1042.4962	-20.0	48.600586	187.01189	30.64503	227.69771	13.308167	3450000	-0.0006805267	13492.862	-0.0030836354	-88.16907	0.8536432	0.004292948	0.02945	39.0	2230.267847061157
69	150.06514	285.66507	1021.9414	-20.0	48.42732	179.87584	27.955372	227.30864	9.012882	3500000	-0.0015456178	13361.303	-0.0029484353	-148.65479	0.8514346	0.0051300838	0.03907	39.0	2263.5125691890717
70	167.60226	289.8026	1059.6958	-20.0	54.35126	184.71815	29.759739	224.23145	-3.6984391	3550000	-0.0010147151	12854.399	-0.0034964953	-156.12048	0.866752	0.006115456	0.04322	39.0	2297.9994673728943
71	186.88135	306.7362	1022.94275	-20.0	59.16033	179.14636	31.33897	225.90407	-8.392963	3600000	-0.0010573659	12861.92	-0.0036260649	-127.48816	0.85135967	0.0059970906	0.04563	39.0	2328.4144253730774
72	165.74323	300.08722	1058.3196	-23.31241	53.476856	185.22444	26.546457	226.8531	-6.0775943	3650000	-0.0006580503	13219.592	-0.0033486348	-87.11084	0.8502685	0.008318086	0.043279998	39.0	2362.766424179077
73	188.42557	314.44882	1070.2717	-22.52332	59.90942	184.58565	29.641586	226.43909	-1.2100337	3700000	-0.0011931784	13091.393	-0.0027906492	-108.82947	0.8521565	0.0056258217	0.03483	39.0	2394.868174791336
74	203.74532	323.66232	1043.7698	-20.0	63.44302	188.40543	28.54149	227.54698	-9.700383	3750000	2.5907997e-05	13147.32	-0.0053663943	-99.24365	0.82335687	0.006398183	0.05471	39.0	2432.6955955028534
75	181.9312	314.22986	1023.133	-20.0	58.13419	192.19283	27.26526	230.04282	1.7408397	3800000	-0.00063180923	13189.816	-0.004021439	-88.97278	0.8209144	0.0051419437	0.054199997	39.0	2470.0770902633667
76	180.9501	313.02274	1011.7821	-20.0	57.75641	189.45895	26.287369	227.76607	-10.088186	3850000	-0.0011035204	13068.846	-0.0029569315	-167.73059	0.837179	0.0074720737	0.03837	39.0	2507.9383776187897
77	176.67297	308.60696	1054.7316	-20.0	55.205128	188.64027	26.54165	231.2281	-6.2974095	3900000	-0.00087553076	13348.23	-0.0028962055	-180.14294	0.82224137	0.0047019236	0.04155	39.0	2540.936999797821
78	168.00104	304.768	1033.0104	-20.0	53.19871	187.20947	25.869919	227.45189	74.55674	3950000	-0.0014679227	13607.635	-0.0032112806	-127.26221	0.8071189	0.00640679	0.043029997	39.0	2574.2845368385315
79	172.33107	311.8541	1071.5425	-20.0	54.24236	187.61069	27.670568	226.5981	-7.97078	4000000	-0.0009985045	13539.191	-0.0032763327	-170.40088	0.8028148	0.0065045026	0.04203	39.0	2607.9185926914215
80	191.43391	323.2327	1041.1349	-20.0	59.596638	191.42122	31.635853	232.18848	-41.137775	4050000	-0.0012085848	13537.274	-0.0025843645	-145.0365	0.77472484	0.0043481505	0.03655	39.0	2638.538850545883
81	183.3697	322.01785	1025.53	-20.0	57.14187	193.41576	26.529184	236.73267	-18.890993	4100000	-0.0014656549	13722.059	-0.0026638585	-111.80322	0.7910918	0.0045354012	0.038099997	39.0	2671.362598657608
82	157.35663	296.3824	1046.2229	-20.0	50.133064	193.31693	29.927465	235.26349	-7.226985	4150000	-0.0012200531	13527.844	-0.0029273976	-115.08069	0.79120964	0.004727291	0.03455	39.0	2708.3252675533295
83	204.24193	328.1362	1047.5782	-20.0	63.21883	188.4704	29.998636	234.776	-5.6640863	4200000	-0.0011168085	13428.2	-0.0028538983	-243.28638	0.7764971	0.0053829616	0.03269	39.0	2745.6627626419067
84	161.39842	294.23297	1040.887	-20.0	52.259956	191.92896	29.429914	238.17746	-5.934016	4250000	-0.0020931782	13157.256	-0.0030788565	-216.31897	0.77457154	0.00490861	0.046609998	39.0	2778.179018974304
85	176.51222	314.155	1076.4102	-20.0	55.026608	181.74934	33.686153	234.05305	-22.58094	4300000	-0.00082036667	13827.85	-0.00324065	-182.91724	0.7667342	0.004310903	0.03972	39.0	2815.2288613319397
86	192.80695	326.11676	1054.3478	-20.0	59.02491	194.78107	30.894129	237.03651	8.586665	4350000	-0.0005120728	14351.261	-0.004056408	-168.745	0.76866853	0.006242229	0.04327	39.0	2852.7964334487915
87	181.49092	313.11215	1036.8148	-20.0	56.765446	194.92178	30.960125	235.36842	-21.216997	4400000	-7.7131204e-05	13281.709	-0.0041185967	-118.464355	0.75620556	0.0053621326	0.038669996	39.0	2884.2515552043915
88	169.80145	303.84488	1085.5299	-20.0	54.103035	189.68993	29.080843	235.718	-4.969062	4450000	-0.00086338073	13464.736	-0.0030100844	-139.45178	0.75448513	0.0045930715	0.03502	39.0	2919.135353565216
89	184.91779	311.2038	1055.4053	-20.0	58.55778	187.30595	27.993128	233.54169	-19.955149	4500000	-0.0015160386	12974.5205	-0.0028598672	-105.53406	0.76211125	0.0041905725	0.0404	39.0	2956.80855512619
90	184.43723	322.04153	1089.9425	-20.0	57.451912	187.67508	25.348444	234.66618	-22.791729	4550000	-0.0004092604	13808.97	-0.0046861353	-101.37805	0.76319456	0.00571716	0.04353	39.0	2993.9480657577515
91	170.27274	301.9284	1074.8159	-20.0	55.232224	191.94524	31.072018	236.9619	-18.804928	4600000	-0.000532642	13604.229	-0.004210339	-182.42078	0.7643614	0.0056611644	0.03892	39.0	3028.182651281357
92	180.07523	314.86652	1066.7217	-22.467888	56.80343	185.66132	29.55155	235.16211	-16.877638	4650000	-0.001548863	13760.678	-0.0032701143	-123.841675	0.7530856	0.005775367	0.041179996	39.0	3060.9475536346436
93	199.13301	322.46814	1044.4664	-20.0	63.48718	189.56319	32.775925	237.66832	-10.664419	4700000	-0.0014339928	13655.486	-0.0033392177	-132.53821	0.75318706	0.005200939	0.04795	39.0	3097.2323772907257
94	178.09454	312.97363	1069.5198	-20.0	57.376156	187.0124	32.59439	235.49596	-12.51271	4750000	-0.0014162511	13505.378	-0.0031291558	-153.67139	0.7535482	0.005342288	0.042009998	39.0	3133.6299176216125
95	185.2436	321.436	1072.3937	-20.0	57.15862	188.4149	34.045616	238.94482	-21.764486	4800000	-0.0017849114	14311.51	-0.0032384703	-112.20288	0.7529074	0.004884837	0.04675	39.0	3170.3973438739777
96	189.4194	325.72626	1026.3049	-20.0	59.732056	194.41199	35.544796	240.43442	-11.0269375	4850000	-0.0016680601	13582.949	-0.0027891598	-74.17212	0.74201035	0.0053773606	0.03649	39.0	3207.7936584949493
97	199.12057	333.76862	1049.0876	-50.26089	63.362133	192.41412	37.947746	241.14966	-14.781355	4900000	-0.0010993769	14013.077	-0.0031639587	-129.60046	0.7553401	0.0066068238	0.037019998	39.0	3240.5721752643585
98	182.27487	319.2689	1063.5546	-49.570854	58.259087	189.74376	45.81312	242.06258	-16.104069	4950000	-0.00070459396	13686.764	-0.0036522609	-139.67639	0.7359196	0.0054073445	0.03819	39.0	3269.7117171287537
99	193.96469	326.95807	1091.954	-50.626514	62.613636	191.91077	44.642902	243.66087	-14.284361	5000000	-0.001341328	13816.038	-0.0030027875	-105.12842	0.74140906	0.006049809	0.04286	39.0	3298.825977087021
100	206.9768	336.95392	1070.015	-51.58998	65.210526	193.13124	38.442192	244.93518	-3.8441932	5050000	-0.00049792975	14090.249	-0.0042793145	-120.83301	0.7364904	0.0058923545	0.0468	39.0	3332.943242073059
101	174.74968	308.92163	1053.7483	-20.0	56.389774	192.25876	41.358036	249.02303	-21.45307	5100000	-0.0024085324	13541.166	-0.0034138835	-119.23743	0.7261922	0.0057916045	0.05357	39.0	3365.076665878296
102	210.41852	339.6106	1077.2375	-30.0	64.04793	192.74512	33.00372	245.72462	-14.972757	5150000	-0.0009912588	14346.934	-0.0034237457	-121.40588	0.72593474	0.005922415	0.03599	39.0	3394.9824182987213
103	179.91307	319.50235	1084.413	-20.0	56.163822	198.97195	33.647346	248.44803	-11.550489	5200000	-0.0021618418	14542.917	-0.0025421018	-139.75305	0.75489485	0.0047821277	0.04875	39.0	3428.2604405879974
104	209.73987	340.55838	1081.0992	-20.0	65.144165	193.44199	41.322014	252.15453	-17.02903	5250000	-0.0009295121	14329.306	-0.00380241	-160.63782	0.7244991	0.0050327023	0.039929997	39.0	3457.775422334671
105	198.71234	333.0631	1063.137	-20.0	60.33822	198.914	33.417034	254.69496	-16.776592	5300000	-0.00086208247	14586.9	-0.0031240783	-121.572266	0.71689796	0.0060865255	0.03526	39.0	3494.1097745895386
106	201.04076	336.07053	1078.0432	-20.0	61.21921	197.73698	36.51685	259.38174	-1.7707505	5350000	-0.001560837	14473.279	-0.0031493416	-238.78333	0.71892136	0.0052714045	0.041160002	39.0	3523.98326587677
107	204.38715	342.34564	1057.8934	-20.0	60.504253	200.51212	37.263	263.78055	-56.181793	5400000	-0.0014129505	14767.411	-0.0027489173	-112.00073	0.6863298	0.004813468	0.03882	39.0	3553.244783639908
108	207.74786	338.39432	1078.3761	-20.0	61.71642	207.28848	30.974854	266.23718	-35.878597	5450000	-0.001586399	14788.318	-0.0023690208	-102.70911	0.68381274	0.004582076	0.036129996	39.0	3588.0274851322174
109	193.48973	327.46954	1115.4415	-20.0	58.67734	202.78496	28.303848	263.28113	-7.9203186	5500000	-0.0004926631	14604.896	-0.00359644	-109.87207	0.67308563	0.0046291635	0.036679998	39.0	3621.9136731624603
110	187.8148	325.42383	1060.7598	-30.0	58.17702	194.67212	39.34444	259.8647	-24.124878	5550000	-0.0015627168	14116.594	-0.002723784	-104.597534	0.6375487	0.005341104	0.035099998	39.0	3651.2659220695496
111	206.451	346.2824	1094.4617	-20.0	61.207664	196.06772	32.266735	260.99887	-1.320945	5600000	-0.0014130417	14730.314	-0.0026285383	-130.60913	0.637756	0.004805162	0.031389996	39.0	3688.1565284729004
112	199.6527	337.77017	1095.1934	-20.0	59.92615	203.51614	37.879826	261.41843	-20.124475	5650000	-0.0020694733	15388.649	-0.0034196356	-154.79443	0.63482726	0.005571007	0.048779998	39.0	3721.0380249023438
113	203.94978	341.86832	1102.7399	-20.0	60.52638	205.3008	30.89379	258.85922	0.24421191	5700000	-0.0014498956	15303.539	-0.0030477743	-94.22339	0.63047194	0.004717608	0.03772	39.0	3753.2572388648987
114	218.60391	347.7362	1098.1716	-20.0	65.282524	207.45769	34.687504	262.88226	-3.1313484	5750000	-0.0007531708	14951.79	-0.0030493313	-110.20154	0.61446524	0.004667783	0.03788	39.0	3785.531824350357
115	212.72116	349.14334	1094.6931	-32.374706	62.63522	203.0484	33.321747	264.41803	-15.642111	5800000	-0.0012341021	15187.774	-0.00283736	-112.01709	0.61887294	0.005226709	0.04007	39.0	3821.5935814380646
116	208.68872	349.15613	1149.395	-20.0	60.815628	206.33253	31.119608	267.63452	-9.437039	5850000	-0.00079464447	16138.462	-0.003117979	-196.03833	0.5910169	0.0042486154	0.03681	39.0	3856.154066324234
117	205.58952	346.25385	1084.5223	-20.0	59.954163	205.05556	33.31664	263.95813	-3.901502	5900000	-0.0017759535	15358.09	-0.0030721584	-100.04065	0.6008155	0.005356022	0.041139998	39.0	3893.5163197517395
118	195.88838	330.3676	1113.8663	-20.0	58.498234	208.16084	35.727074	267.1215	-14.2684555	5950000	-0.0021284046	14927.044	-0.0025904737	-157.5614	0.61058456	0.0039330176	0.03799	39.0	3924.5434851646423
119	179.94351	321.8415	1104.8386	-20.0	54.56243	201.14153	30.966057	269.2506	47.646908	6000000	-0.0007468276	15339.022	-0.0033809938	-225.08435	0.60397786	0.0065960884	0.03732	39.0	3962.2835788726807
120	191.12138	326.47302	1095.603	-20.0	57.967213	199.81772	32.784344	263.0305	16.42578	6050000	-0.0010016207	14387.969	-0.003183346	-109.24243	0.621899	0.004819259	0.03785	39.0	3991.018780708313
121	189.79358	325.04068	1090.8889	-20.0	58.08431	195.3558	32.91175	264.16345	-16.904219	6100000	-0.0009082977	14395.566	-0.0033179165	-118.23694	0.6342715	0.00537295	0.03926	39.0	4026.3791284561157
122	185.2349	325.5443	1092.6605	-20.0	56.50397	193.61629	33.328243	262.45193	-1.3821032	6150000	-0.001197122	14548.708	-0.0032060812	-190.65027	0.6455454	0.005263155	0.043229997	39.0	4060.282094478607
123	208.35687	340.84793	1111.4617	-20.0	62.146618	199.52988	30.746473	265.20312	-23.430899	6200000	-0.0009103697	14344.045	-0.0029393071	-140.34485	0.6561191	0.004197713	0.03303	39.0	4097.41393494606
124	205.70834	338.8071	1149.0509	-62.39497	62.19875	203.10439	31.34726	270.00772	-18.96936	6250000	-0.0008332301	14855.023	-0.003308863	-198.98706	0.6596948	0.0067198267	0.03933	39.0	4134.130151748657
125	187.26291	321.7532	1111.8347	-20.0	58.586086	200.47992	32.969555	267.8865	-18.064316	6300000	-0.0013348479	14620.45	-0.003342416	-203.3357	0.6485898	0.005557083	0.044469997	39.0	4171.60169839859
126	208.76846	336.61868	1110.2317	-20.0	64.04768	193.9178	30.215326	257.5999	-0.2829461	6350000	-0.0008827988	14469.467	-0.0039533027	-124.00781	0.64940214	0.0043174056	0.043109998	39.0	4204.082851409912
127	204.46165	342.1849	1121.6772	-20.0	61.945	196.60709	29.965975	257.73117	-12.623739	6400000	-0.0016896045	14445.986	-0.002851738	-139.6925	0.6657878	0.0034311898	0.041220002	39.0	4241.593501329422
128	195.12383	331.13522	1119.6847	-20.0	59.870773	202.05118	33.61948	271.8781	12.07068	6450000	-0.0013683643	14525.915	-0.0031985648	-119.55969	0.65848786	0.0032730657	0.046399996	39.0	4271.7424030303955
129	188.87251	327.81192	1103.0654	-20.0	57.430378	199.70856	33.756237	270.8451	-18.621355	6500000	-0.00093517546	14586.631	-0.0033329253	-260.0807	0.6417587	0.0047583217	0.03761	39.0	4308.438439369202
130	192.48837	332.31653	1074.3405	-20.0	58.019836	200.14584	32.792786	271.77234	11.394182	6550000	-0.001032096	14849.684	-0.0026259632	-86.01123	0.6323221	0.004598954	0.033099998	39.0	4345.678263187408
131	180.66466	324.91602	1085.3738	-20.0	54.80752	202.08469	33.383583	274.8132	7.42924	6600000	-0.0014624288	14732.415	-0.0031549793	-119.943726	0.6278063	0.006622499	0.046800002	39.0	4376.035498380661
132	207.27719	343.59113	1079.5938	-20.0	62.08625	204.21536	31.148619	269.87552	5.727314	6650000	-0.00071622897	15017.99	-0.0031115434	-119.57178	0.63438076	0.003788462	0.03187	39.0	4411.306480646133
133	173.74243	321.6438	1089.7632	-20.0	53.183083	203.84782	33.818817	268.8742	-5.2974124	6700000	-0.0013892911	14912.095	-0.0031641396	-135.21558	0.61723316	0.004831847	0.037	39.0	4448.210668563843
134	193.69289	338.9697	1124.1401	-20.0	57.163033	199.50368	32.874805	266.526	-2.5232072	6750000	-0.0013038162	15619.625	-0.0024657794	-148.91443	0.60164636	0.0036307035	0.029250002	39.0	4482.041442394257
135	211.5916	354.94775	1086.4722	-20.0	61.155365	206.3018	30.518139	272.94904	28.70834	6800000	-0.0015959749	15195.122	-0.003023804	-180.15076	0.5981265	0.0057085506	0.04614	39.0	4512.398383140564
136	196.35886	339.06683	1096.8503	-30.0	58.377357	212.25258	33.31148	280.33066	3.468211	6850000	-0.0013351557	15161.877	-0.0036357827	-148.92627	0.60084224	0.0051420433	0.05219	39.0	4548.127203941345
137	204.87598	346.0692	1076.3491	-20.0	60.19734	208.26492	32.82517	282.2016	-15.998678	6900000	-0.00090606604	14815.753	-0.0027045843	-107.73401	0.60393214	0.0046616755	0.030299999	39.0	4575.962165117264
138	199.64581	342.12192	1106.6302	-20.0	59.72924	207.25468	35.016476	281.50668	12.080306	6950000	-0.0018682915	14835.824	-0.002693563	-102.748535	0.5999558	0.0045591034	0.039509997	39.0	4605.5769810676575
139	210.86128	349.9312	1073.4412	-20.0	62.235954	203.87468	30.995358	282.5614	0.8484392	7000000	-0.00096038077	14775.599	-0.0028577861	-138.40417	0.5874159	0.0041550365	0.033409998	39.0	4634.817770957947
140	197.96138	341.79892	1075.6827	-20.0	58.48821	208.07635	31.841373	285.0222	-6.55655	7050000	-0.0008795131	15242.414	-0.002976477	-127.72656	0.5804742	0.0042838943	0.03818	39.0	4667.215833187103
141	203.40639	346.6686	1094.2877	-20.0	60.03265	206.05516	31.791384	280.36035	-2.7802851	7100000	-0.0007961448	15551.578	-0.0031138335	-112.003296	0.57395923	0.0051234514	0.02928	39.0	4703.847256660461
142	210.27737	354.27228	1082.2573	-20.0	61.03321	205.67928	31.51782	273.35144	-11.908564	7150000	-0.0016274056	15339.059	-0.0032765088	-140.7091	0.5728755	0.0030974126	0.040859997	39.0	4733.650625944138
143	193.70685	339.7439	1083.4893	-20.0	57.415703	210.933	33.91984	282.2598	-13.953105	7200000	-0.0016900906	15669.628	-0.0030925847	-118.21582	0.5860371	0.00438219	0.045269996	39.0	4764.078249692917
144	195.91954	338.3547	1087.008	-20.0	58.55412	205.11084	37.732265	273.6045	-22.410631	7250000	-0.0010496248	15070.916	-0.0032237105	-96.64661	0.5891928	0.0040644696	0.035010003	39.0	4801.385499238968
145	210.71706	339.2613	1097.0302	-20.0	61.97125	204.80151	31.326912	263.64856	28.924849	7300000	-0.0014494546	14906.568	-0.002907055	-137.72058	0.5918045	0.004794659	0.04096	39.0	4832.4313678741455
146	233.79984	364.72046	1093.3473	-20.0	66.63284	202.83066	28.661736	275.20197	1.313948	7350000	-0.00064128404	15320.951	-0.0035147648	-164.62036	0.5872284	0.0059573753	0.0454	39.0	4869.390503406525
147	185.04794	332.25192	1061.7205	-20.0	56.98848	206.80383	38.21797	280.29068	-3.5710382	7400000	-0.0017241668	14811.093	-0.003236057	-313.91785	0.5880555	0.005648885	0.04382	39.0	4900.606888771057
148	205.39998	341.77042	1075.9258	-20.0	60.408535	208.21016	36.314495	277.3454	-28.17262	7450000	-0.0003720885	14989.195	-0.0037681328	-136.62195	0.59522164	0.005487456	0.03774	39.0	4931.904263973236
149	194.4085	336.0488	1104.957	-20.0	58.497646	206.3449	37.381207	278.35007	-3.232932	7500000	-0.00059830025	15327.018	-0.0038464074	-239.5326	0.5842317	0.005030122	0.03772	39.0	4965.814046621323
150	190.17201	332.41162	1122.2079	-20.0	57.314518	204.66019	36.59346	273.16092	-39.086014	7550000	-0.0011961712	15232.075	-0.0027175685	-142.50928	0.5778917	0.004840738	0.03049	39.0	5002.170466661453
151	208.1776	341.15475	1107.3079	-20.0	61.866585	201.26157	34.367943	275.23663	-39.81025	7600000	-0.0013625883	15130.412	-0.0033619967	-178.63599	0.57140756	0.0047634225	0.037359998	39.0	5037.903678178787
152	166.43634	312.64478	1133.795	-20.0	50.99692	204.88672	33.79853	268.90115	5.6103163	7650000	-0.0011165477	15128.247	-0.003034405	-229.0675	0.5868188	0.0057564187	0.0359	39.0	5074.548948287964
153	199.36827	339.0341	1126.4939	-20.0	59.297363	198.59029	33.285404	271.49335	-29.78712	7700000	-0.001707593	14937.35	-0.0026421207	-284.17236	0.5704061	0.0036253273	0.03874	39.0	5109.30762720108
154	175.54768	322.872	1100.9673	-20.0	53.419006	205.66695	35.989513	275.63446	4.056592	7750000	-0.0007389318	15059.641	-0.003624646	-166.62	0.5692824	0.005652597	0.03707	39.0	5140.255596637726
155	207.7794	343.5093	1083.6622	-20.0	63.284264	201.68648	33.289017	271.15128	-2.2586207	7800000	-0.0007323846	14675.41	-0.0030936727	-197.2865	0.5758588	0.0037984909	0.03326	39.0	5170.674728631973
156	168.37622	312.88495	1124.5532	-20.0	52.43915	203.22762	35.699688	273.42252	-20.20818	7850000	-0.0013097627	14387.523	-0.00269847	-92.86914	0.57757616	0.0035264154	0.03158	39.0	5203.457948207855
157	206.04625	341.28772	1099.0837	-20.0	62.137844	194.45216	38.04451	271.11502	-39.076992	7900000	-0.0011909958	14862.905	-0.0027353596	-312.30774	0.5551343	0.0032582623	0.03405	39.0	5235.848291397095
158	205.03258	347.45932	1106.0258	-20.0	62.01627	201.99342	34.586998	271.27203	-39.450672	7950000	-0.001643748	15412.814	-0.003257853	-216.49707	0.5584252	0.0049645407	0.04271	39.0	5272.910376548767
159	192.35605	335.84033	1098.042	-21.13224	60.10896	199.28317	43.213116	269.26358	-22.792456	8000000	-0.0019706078	14970.457	-0.0031310804	-241.1803	0.561998	0.0054683276	0.041109998	39.0	5302.876984119415
160	193.89871	332.21426	1110.4364	-20.0	58.460995	201.51746	36.183678	268.5362	-5.1865206	8050000	-0.000960812	15005.813	-0.0029303264	-222.54663	0.545868	0.0038089557	0.032959998	39.0	5340.079242944717
161	192.47871	332.03156	1072.2261	-20.0	58.68359	200.94206	35.653717	273.0491	-13.3460865	8100000	-0.0010674503	14859.543	-0.0026086266	-127.403076	0.5462631	0.0040412564	0.03009	39.0	5370.201094388962
162	191.29037	332.79443	1092.8392	-20.0	58.07494	198.15437	36.731735	272.5486	-14.017683	8150000	-0.0013022199	14933.104	-0.002681814	-179.05737	0.54238045	0.003923729	0.031630002	39.0	5401.468433856964
163	220.81015	352.81937	1090.4452	-23.345175	65.72487	201.99516	32.9215	273.5083	-13.589402	8200000	-0.0006933743	14559.967	-0.0026755454	-128.5752	0.52974296	0.004831926	0.03231	39.0	5432.590707778931
164	195.35495	339.71594	1084.8057	-20.0	58.527122	205.97276	31.88911	272.89752	-7.8489447	8250000	-0.0015759189	15095.045	-0.0028264015	-119.24414	0.536963	0.004540353	0.038629998	39.0	5468.072578907013
165	192.10124	333.30945	1105.1531	-20.0	58.287235	204.84361	37.017387	275.17343	-8.94252	8300000	-0.0011780374	14920.839	-0.0030453457	-98.23999	0.53971404	0.0046718707	0.03768	39.0	5502.519147157669
166	180.85583	321.87457	1089.438	-20.0	55.8099	201.79808	39.013393	276.55994	-15.895033	8350000	-0.0019482295	15031.512	-0.0029975986	-142.82385	0.54491943	0.0045130556	0.042239998	39.0	5533.912369251251
167	186.15858	328.79285	1097.1538	-20.0	56.907322	197.40204	35.289906	271.3973	-3.629715	8400000	-0.0015866617	15154.998	-0.0033538106	-131.83728	0.5389911	0.0041991337	0.0437	39.0	5568.794258117676
168	209.73753	346.35248	1130.5798	-20.0	61.57249	201.78783	35.965767	275.0563	-10.965023	8450000	-0.0009841602	15131.439	-0.0028926376	-196.84558	0.5219632	0.004476401	0.036179997	39.0	5598.470997810364
169	178.24129	323.8606	1086.2692	-20.0	53.674595	205.58392	37.224705	275.7819	-22.64347	8500000	-0.0011464083	15667.68	-0.0036524008	-170.64758	0.513508	0.0045089945	0.03675	39.0	5628.96018743515
170	224.74269	357.47964	1120.5001	-20.0	64.59347	202.26674	36.34301	271.15833	-26.324772	8550000	-0.0011640717	15584.824	-0.0022727516	-179.70886	0.49947459	0.0029797077	0.03048	39.0	5657.998807668686
171	218.76686	350.7986	1103.0386	-20.0	63.166668	211.55032	36.72739	277.55786	-6.166963	8600000	-0.0010635611	15611.12	-0.0026798882	-176.3617	0.48726022	0.0038002494	0.03159	39.0	5688.773631811142
172	215.57248	360.09988	1100.6622	-12.559729	62.61597	211.27055	34.18808	286.5974	-17.366829	8650000	-0.0003826688	16433.145	-0.0040495796	-131.52734	0.4864887	0.0037339388	0.0359	39.0	5721.005454540253
173	202.40121	350.86313	1103.3971	-20.0	59.652225	211.93184	36.7841	281.80176	-20.153767	8700000	-0.0011731414	16008.919	-0.0032296935	-98.10449	0.4845139	0.004524706	0.0409	39.0	5755.303603649139
174	194.8538	339.78842	1103.2043	-20.0	58.952774	211.96674	41.670406	283.03406	-23.460642	8750000	-0.0019728057	15594.712	-0.002725523	-186.84033	0.4971367	0.0048536067	0.04327	39.0	5792.685958623886
175	188.77167	328.30054	1106.4362	-20.0	57.723454	203.5975	35.880062	282.17352	-12.443361	8800000	-0.001816025	15316.785	-0.0028604176	-143.28333	0.5117463	0.004222125	0.04287	39.0	5823.421690940857
176	222.18118	353.13907	1073.87	-20.0	66.41129	203.65643	37.56709	280.05045	0.2237587	8850000	-0.0011209138	15053.518	-0.003052335	-207.7688	0.49837843	0.0041808677	0.03651	39.0	5857.9185202121735
177	207.65047	340.76508	1121.0569	-20.0	63.382652	206.31297	37.65929	287.02286	-9.737745	8900000	-0.001654217	15401.707	-0.0033749305	-210.0492	0.5189089	0.004491671	0.040149998	39.0	5889.154657840729
178	186.89027	324.01608	1100.6375	-20.0	56.63158	202.68877	33.42739	279.2367	-3.299405	8950000	-0.0014831908	15070.699	-0.0036103462	-163.25769	0.51154864	0.0052034105	0.04236	39.0	5926.388444185257
179	221.40874	359.95505	1113.0016	-20.0	64.80653	199.27272	35.43195	270.50842	2.956998	9000000	-0.0014323378	15813.145	-0.0027465876	-238.46863	0.5054638	0.00413651	0.039049998	39.0	5955.736753463745
180	205.54102	349.2497	1095.557	-20.0	59.268726	211.67902	30.824114	274.93707	12.297375	9050000	-0.0014725886	16493.213	-0.0029242495	-189.03796	0.48490784	0.004071499	0.03385	39.0	5985.790887832642
181	233.77397	372.7456	1150.0448	-20.0	65.83244	209.83884	35.041508	279.79074	0.68175626	9100000	-0.00032830145	16149.0625	-0.0030492863	-288.66174	0.48832887	0.0034589171	0.02312	39.0	6017.911911725998
182	216.0453	348.00488	1131.2983	-20.0	63.470436	217.71072	37.897194	282.48257	-9.944591	9150000	-0.0011577159	15264.137	-0.0026034294	-232.34534	0.51428306	0.003430176	0.03148	39.0	6055.2236959934235
183	227.43398	359.91962	1107.0841	-23.248951	66.593834	211.00352	35.49178	282.38513	-10.227032	9200000	-0.00056704134	15401.053	-0.003648867	-138.802	0.50925124	0.0035496594	0.03227	39.0	6089.444978952408
184	218.86577	352.05945	1130.9728	-20.0	64.185234	209.06168	38.776756	279.71582	-18.631424	9250000	-0.0013592876	15525.447	-0.0023885174	-149.53418	0.51523113	0.003698131	0.035269998	39.0	6119.972918987274
185	224.76164	351.7194	1110.608	-20.0	65.73077	209.66264	35.320072	281.66663	-6.5398903	9300000	-0.001491189	15553.6875	-0.003396286	-190.2666	0.5099441	0.0046467446	0.04034	39.0	6157.307005643845
186	223.21149	363.81866	1124.7751	-20.0	64.46753	209.32396	30.398947	281.46735	2.0711951	9350000	-0.0009058099	16163.797	-0.0028467292	-150.53076	0.5012056	0.0032458883	0.03001	39.0	6192.132559299469
187	200.47552	342.01566	1100.7637	-20.0	58.951305	213.05424	32.486427	281.79327	-2.8114917	9400000	-0.0011851676	15927.873	-0.0026852605	-248.82617	0.51129055	0.002828162	0.03773	39.0	6228.285622119904
188	221.51224	356.36627	1105.4926	-20.0	64.704185	210.5759	34.986664	281.12534	0.28432798	9450000	-0.0005824268	15684.492	-0.0032794352	-126.23279	0.5183773	0.005314758	0.03356	39.0	6266.2041556835175
189	208.25096	345.61807	1119.5178	-20.0	60.964375	212.2512	32.78554	282.37335	2.2351646	9500000	-0.0012486624	15366.23	-0.0026636552	-107.59839	0.5086036	0.0039105103	0.035889998	39.0	6295.671417474747
190	246.89525	376.6007	1106.2714	-20.0	69.76057	211.06525	29.692709	281.09897	3.2907946	9550000	-0.000963578	15308.5625	-0.0023456838	-163.17493	0.5025413	0.00461734	0.0335	39.0	6333.193557977676
191	236.53502	369.8087	1108.171	-20.0	67.35366	216.94302	34.16961	296.5647	-32.475727	9600000	-0.0010221535	15587.768	-0.0028880294	-89.98889	0.49914598	0.00427106	0.03323	39.0	6362.986618041992
192	221.72845	360.02917	1113.9227	-20.0	63.039593	213.51744	33.534275	298.47305	31.665638	9650000	-0.0013509486	15809.211	-0.0029962354	-188.80774	0.50205374	0.005104455	0.045339998	39.0	6400.619957685471
193	213.90958	351.55548	1116.6122	-20.0	62.849365	215.96388	34.092438	293.37787	5.3825507	9700000	-0.00084502343	15748.967	-0.0038747527	-240.41711	0.50973314	0.0043635555	0.03543	39.0	6429.40371966362
194	173.56355	324.626	1153.4257	-20.0	52.14511	205.14851	38.426132	278.65488	-18.751143	9750000	-0.0011722296	15890.519	-0.0035068984	-211.90662	0.50867903	0.0037660198	0.04608	39.0	6467.240562200546
195	220.43735	346.5323	1151.9861	-20.0	63.296295	204.47636	35.706135	288.7067	1.4373262	9800000	-0.0015459396	15219.549	-0.0025616512	-164.68701	0.4886943	0.0035041533	0.03565	39.0	6496.087965011597
196	227.80153	363.5169	1155.5345	-20.0	65.22441	206.90962	33.136337	284.41495	3.9914756	9850000	-0.0012502531	16030.035	-0.00241875	-195.24194	0.48068297	0.004741092	0.03708	39.0	6526.380211591721
197	214.75839	355.6534	1144.7684	-20.0	61.63478	215.5732	33.561157	293.3359	10.121088	9900000	-0.00094322115	15895.979	-0.0031566774	-188.23926	0.46549174	0.0036496671	0.030299999	39.0	6555.784551620483
198	218.30331	357.00256	1130.3259	-20.0	62.34422	210.83163	35.83692	295.48196	-0.49849725	9950000	-0.0010205684	15495.148	-0.0029943546	-121.97717	0.4726492	0.0031494992	0.04084	39.0	6587.2630116939545
199	233.51709	368.27823	1137.1718	-22.329954	67.1483	214.1154	32.78453	298.41	16.144796	10000000	-0.0017770994	15864.285	-0.0023316923	-178.62024	0.46262592	0.0044014854	0.038259998	39.0	6616.34185218811
