0.734393 1.33937 0.544562 0.73393 3.83091 0
0.734393 1.33937 0.544562 0.73393 3.83091 0
0.734393 1.33937 0.544562 0.73393 3.83091 0
0.734393 1.33937 0.544562 0.73393 3.83091 0
0.734393 1.33937 0.544562 0.73393 3.83091 0
0.734393 1.33937 0.544562 0.73393 3.83091 0
0.734393 1.33937 0.544562 0.73393 3.83091 0
0.734393 1.33937 0.544562 0.73393 3.83091 0
0.734393 1.33937 0.544562 0.73393 3.83091 0
0.734393 1.33937 0.544562 0.73393 3.83091 0
0.734393 1.33937 0.544562 0.73393 3.83091 0
0.734393 1.33937 0.544562 0.73393 3.83091 0
0.734393 1.33937 0.544562 0.73393 3.83091 0
0.734393 1.33937 0.544562 0.73393 3.83091 0
0.733278 1.34079 0.542348 0.734847 3.82646 0
0.733278 1.34079 0.542348 0.734847 3.82646 0
0.733278 1.34079 0.542348 0.734847 3.82646 0
0.733278 1.34079 0.542348 0.734847 3.82646 0
0.733278 1.34079 0.542348 0.734847 3.82646 0
0.733278 1.34079 0.542348 0.734847 3.82646 0
0.733278 1.34079 0.542348 0.734847 3.82646 0
0.733278 1.34079 0.542348 0.734847 3.82646 0
0.733278 1.34079 0.542348 0.734847 3.82646 0
0.733278 1.34079 0.542348 0.734847 3.82646 0
0.733278 1.34079 0.542348 0.734847 3.82646 0
0.733278 1.34079 0.542348 0.734847 3.82646 0
0.733278 1.34079 0.542348 0.734847 3.82646 0
0.733278 1.34079 0.542348 0.734847 3.82646 0
0.733278 1.34079 0.542348 0.734847 3.82646 0
0.733278 1.34079 0.542348 0.734847 3.82646 0
0.733278 1.34079 0.542348 0.734847 3.82646 0
0.733278 1.34079 0.542348 0.734847 3.82646 0
0.732865 1.34131 0.541824 0.735549 3.82153 0
0.732504 1.34186 0.541591 0.736124 3.81801 0
0.732504 1.34186 0.541591 0.736124 3.81801 0
0.732504 1.34186 0.541591 0.736124 3.81801 0
0.732504 1.34186 0.541591 0.736124 3.81801 0
0.732504 1.34186 0.541591 0.736124 3.81801 0
0.732504 1.34186 0.541591 0.736124 3.81801 0
0.732504 1.34186 0.541591 0.736124 3.81801 0
0.732504 1.34186 0.541591 0.736124 3.81801 0
0.732504 1.34186 0.541591 0.736124 3.81801 0
0.732504 1.34186 0.541591 0.736124 3.81801 0
0.732504 1.34186 0.541591 0.736124 3.81801 0
0.732504 1.34186 0.541591 0.736124 3.81801 0
0.732504 1.34186 0.541591 0.736124 3.81801 0
0.732504 1.34186 0.541591 0.736124 3.81801 0
0.732504 1.34186 0.541591 0.736124 3.81801 0
0.732504 1.34186 0.541591 0.736124 3.81801 0
0.731363 1.34651 0.524735 0.736892 3.82252 0
0.731363 1.34651 0.524735 0.736892 3.82252 0
0.731363 1.34651 0.524735 0.736892 3.82252 0
0.731363 1.34651 0.524735 0.736892 3.82252 0
0.731363 1.34651 0.524735 0.736892 3.82252 0
0.731363 1.34651 0.524735 0.736892 3.82252 0
0.731363 1.34651 0.524735 0.736892 3.82252 0
0.731363 1.34651 0.524735 0.736892 3.82252 0
0.731363 1.34651 0.524735 0.736892 3.82252 0
0.731363 1.34651 0.524735 0.736892 3.82252 0
0.731363 1.34651 0.524735 0.736892 3.82252 0
0.731363 1.34651 0.524735 0.736892 3.82252 0
0.731363 1.34651 0.524735 0.736892 3.82252 0
0.731363 1.34651 0.524735 0.736892 3.82252 0
0.731363 1.34651 0.524735 0.736892 3.82252 0
0.731363 1.34651 0.524735 0.736892 3.82252 0
0.731363 1.34651 0.524735 0.736892 3.82252 0
0.730933 1.34884 0.51736 0.737472 3.82335 0
0.730778 1.35041 0.513293 0.738227 3.82115 0
0.730778 1.35041 0.513293 0.738227 3.82115 0
0.730778 1.35041 0.513293 0.738227 3.82115 0
0.730778 1.35041 0.513293 0.738227 3.82115 0
0.730778 1.35041 0.513293 0.738227 3.82115 0
0.730778 1.35041 0.513293 0.738227 3.82115 0
0.730778 1.35041 0.513293 0.738227 3.82115 0
0.730778 1.35041 0.513293 0.738227 3.82115 0
0.730778 1.35041 0.513293 0.738227 3.82115 0
0.730778 1.35041 0.513293 0.738227 3.82115 0
0.730778 1.35041 0.513293 0.738227 3.82115 0
0.730778 1.35041 0.513293 0.738227 3.82115 0
0.730778 1.35041 0.513293 0.738227 3.82115 0
0.730778 1.35041 0.513293 0.738227 3.82115 0
0.730778 1.35041 0.513293 0.738227 3.82115 0
0.730778 1.35041 0.513293 0.738227 3.82115 0
0.730388 1.35603 0.49258 0.739395 3.82593 0
0.730388 1.35603 0.49258 0.739395 3.82593 0
0.730388 1.35603 0.49258 0.739395 3.82593 0
0.730388 1.35603 0.49258 0.739395 3.82593 0
0.730388 1.35603 0.49258 0.739395 3.82593 0
0.730388 1.35603 0.49258 0.739395 3.82593 0
0.730388 1.35603 0.49258 0.739395 3.82593 0
0.730388 1.35603 0.49258 0.739395 3.82593 0
0.730388 1.35603 0.49258 0.739395 3.82593 0
0.730388 1.35603 0.49258 0.739395 3.82593 0
0.730388 1.35603 0.49258 0.739395 3.82593 0
0.730388 1.35603 0.49258 0.739395 3.82593 0
0.730388 1.35603 0.49258 0.739395 3.82593 0
0.730388 1.35603 0.49258 0.739395 3.82593 0
0.730388 1.35603 0.49258 0.739395 3.82593 0
0.730388 1.35603 0.49258 0.739395 3.82593 0
0.730388 1.35603 0.49258 0.739395 3.82593 0
0.730388 1.35603 0.49258 0.739395 3.82593 0
0.730388 1.35603 0.49258 0.739395 3.82593 0
0.730658 1.36202 0.469498 0.740531 3.83148 0
0.730658 1.36202 0.469498 0.740531 3.83148 0
0.730658 1.36202 0.469498 0.740531 3.83148 0
0.730658 1.36202 0.469498 0.740531 3.83148 0
0.730658 1.36202 0.469498 0.740531 3.83148 0
0.730658 1.36202 0.469498 0.740531 3.83148 0
0.730658 1.36202 0.469498 0.740531 3.83148 0
0.730658 1.36202 0.469498 0.740531 3.83148 0
0.730658 1.36202 0.469498 0.740531 3.83148 0
0.730658 1.36202 0.469498 0.740531 3.83148 0
0.730658 1.36202 0.469498 0.740531 3.83148 0
0.730658 1.36202 0.469498 0.740531 3.83148 0
0.730966 1.36808 0.444582 0.741585 3.83844 0
0.730966 1.36808 0.444582 0.741585 3.83844 0
0.730966 1.36808 0.444582 0.741585 3.83844 0
0.730966 1.36808 0.444582 0.741585 3.83844 0
0.730966 1.36808 0.444582 0.741585 3.83844 0
0.730966 1.36808 0.444582 0.741585 3.83844 0
0.730966 1.36808 0.444582 0.741585 3.83844 0
0.730966 1.36808 0.444582 0.741585 3.83844 0
0.730966 1.36808 0.444582 0.741585 3.83844 0
0.730966 1.36808 0.444582 0.741585 3.83844 0
0.730966 1.36808 0.444582 0.741585 3.83844 0
0.730966 1.36808 0.444582 0.741585 3.83844 0
0.731449 1.37272 0.427778 0.742946 3.83996 0
0.731449 1.37272 0.427778 0.742946 3.83996 0
0.731449 1.37272 0.427778 0.742946 3.83996 0
0.731449 1.37272 0.427778 0.742946 3.83996 0
0.731449 1.37272 0.427778 0.742946 3.83996 0
0.731449 1.37272 0.427778 0.742946 3.83996 0
0.731449 1.37272 0.427778 0.742946 3.83996 0
0.731449 1.37272 0.427778 0.742946 3.83996 0
0.731449 1.37272 0.427778 0.742946 3.83996 0
0.731449 1.37272 0.427778 0.742946 3.83996 0
0.731449 1.37272 0.427778 0.742946 3.83996 0
0.731449 1.37272 0.427778 0.742946 3.83996 0
0.731449 1.37272 0.427778 0.742946 3.83996 0
0.731449 1.37272 0.427778 0.742946 3.83996 0
0.731449 1.37272 0.427778 0.742946 3.83996 0
0.731449 1.37621 0.404682 0.742856 3.85003 0
0.731449 1.37621 0.404682 0.742856 3.85003 0
0.731449 1.37621 0.404682 0.742856 3.85003 0
0.731449 1.37621 0.404682 0.742856 3.85003 0
0.731449 1.37621 0.404682 0.742856 3.85003 0
0.731449 1.37621 0.404682 0.742856 3.85003 0
0.731449 1.37621 0.404682 0.742856 3.85003 0
0.731449 1.37621 0.404682 0.742856 3.85003 0
0.731449 1.37621 0.404682 0.742856 3.85003 0
0.731449 1.37621 0.404682 0.742856 3.85003 0
0.731449 1.37621 0.404682 0.742856 3.85003 0
0.731449 1.37621 0.404682 0.742856 3.85003 0
0.731449 1.37621 0.404682 0.742856 3.85003 0
0.731449 1.37621 0.404682 0.742856 3.85003 0
0.731449 1.37621 0.404682 0.742856 3.85003 0
0.731815 1.38125 0.384893 0.744173 3.85251 0
0.731815 1.38125 0.384893 0.744173 3.85251 0
0.731815 1.38125 0.384893 0.744173 3.85251 0
0.731815 1.38125 0.384893 0.744173 3.85251 0
0.731815 1.38125 0.384893 0.744173 3.85251 0
0.731815 1.38125 0.384893 0.744173 3.85251 0
0.731815 1.38125 0.384893 0.744173 3.85251 0
0.731815 1.38125 0.384893 0.744173 3.85251 0
0.731228 1.3887 0.360255 0.746382 3.85496 0
0.731228 1.3887 0.360255 0.746382 3.85496 0
0.731228 1.3887 0.360255 0.746382 3.85496 0
0.731228 1.3887 0.360255 0.746382 3.85496 0
0.731228 1.3887 0.360255 0.746382 3.85496 0
0.731228 1.3887 0.360255 0.746382 3.85496 0
0.731228 1.3887 0.360255 0.746382 3.85496 0
0.731228 1.3887 0.360255 0.746382 3.85496 0
0.731228 1.3887 0.360255 0.746382 3.85496 0
0.731228 1.3887 0.360255 0.746382 3.85496 0
0.730269 1.39495 0.328183 0.747143 3.86659 0
0.730269 1.39495 0.328183 0.747143 3.86659 0
0.730269 1.39495 0.328183 0.747143 3.86659 0
0.730269 1.39495 0.328183 0.747143 3.86659 0
0.730269 1.39495 0.328183 0.747143 3.86659 0
0.730269 1.39495 0.328183 0.747143 3.86659 0
0.730269 1.39495 0.328183 0.747143 3.86659 0
0.730269 1.39495 0.328183 0.747143 3.86659 0
0.730269 1.39495 0.328183 0.747143 3.86659 0
0.730269 1.39495 0.328183 0.747143 3.86659 0
0.729795 1.39696 0.318615 0.747272 3.87164 0
0.72943 1.39841 0.312777 0.747572 3.87371 0
0.72943 1.39841 0.312777 0.747572 3.87371 0
0.72943 1.39841 0.312777 0.747572 3.87371 0
0.72943 1.39841 0.312777 0.747572 3.87371 0
0.72943 1.39841 0.312777 0.747572 3.87371 0
0.72943 1.39841 0.312777 0.747572 3.87371 0
0.72943 1.39841 0.312777 0.747572 3.87371 0
0.72943 1.39841 0.312777 0.747572 3.87371 0
0.72943 1.39841 0.312777 0.747572 3.87371 0
0.72943 1.39841 0.312777 0.747572 3.87371 0
0.72943 1.39841 0.312777 0.747572 3.87371 0
0.72943 1.39841 0.312777 0.747572 3.87371 0
0.728369 1.40195 0.295524 0.748495 3.87648 0
0.728369 1.40195 0.295524 0.748495 3.87648 0
0.728369 1.40195 0.295524 0.748495 3.87648 0
0.728369 1.40195 0.295524 0.748495 3.87648 0
0.728369 1.40195 0.295524 0.748495 3.87648 0
0.728369 1.40195 0.295524 0.748495 3.87648 0
0.728369 1.40195 0.295524 0.748495 3.87648 0
0.728369 1.40195 0.295524 0.748495 3.87648 0
0.728369 1.40195 0.295524 0.748495 3.87648 0
0.728369 1.40195 0.295524 0.748495 3.87648 0
0.728369 1.40195 0.295524 0.748495 3.87648 0
0.728369 1.40195 0.295524 0.748495 3.87648 0
0.728369 1.40195 0.295524 0.748495 3.87648 0
0.728369 1.40195 0.295524 0.748495 3.87648 0
0.728369 1.40195 0.295524 0.748495 3.87648 0
0.728369 1.40195 0.295524 0.748495 3.87648 0
0.728369 1.40195 0.295524 0.748495 3.87648 0
0.728369 1.40195 0.295524 0.748495 3.87648 0
0.728369 1.40195 0.295524 0.748495 3.87648 0
0.727742 1.40386 0.285019 0.749385 3.87335 0
0.727217 1.40523 0.278718 0.749758 3.87406 0
0.727217 1.40523 0.278718 0.749758 3.87406 0
0.727217 1.40523 0.278718 0.749758 3.87406 0
0.727217 1.40523 0.278718 0.749758 3.87406 0
0.727217 1.40523 0.278718 0.749758 3.87406 0
0.727217 1.40523 0.278718 0.749758 3.87406 0
0.727217 1.40523 0.278718 0.749758 3.87406 0
0.727217 1.40523 0.278718 0.749758 3.87406 0
0.727217 1.40523 0.278718 0.749758 3.87406 0
0.727217 1.40523 0.278718 0.749758 3.87406 0
0.727217 1.40523 0.278718 0.749758 3.87406 0
0.727217 1.40523 0.278718 0.749758 3.87406 0
0.727217 1.40523 0.278718 0.749758 3.87406 0
0.727217 1.40523 0.278718 0.749758 3.87406 0
0.727217 1.40523 0.278718 0.749758 3.87406 0
0.727217 1.40523 0.278718 0.749758 3.87406 0
0.725756 1.40836 0.262106 0.750199 3.88029 0
0.725756 1.40836 0.262106 0.750199 3.88029 0
0.725756 1.40836 0.262106 0.750199 3.88029 0
0.725756 1.40836 0.262106 0.750199 3.88029 0
0.725756 1.40836 0.262106 0.750199 3.88029 0
0.725756 1.40836 0.262106 0.750199 3.88029 0
0.725756 1.40836 0.262106 0.750199 3.88029 0
0.725756 1.40836 0.262106 0.750199 3.88029 0
0.725756 1.40836 0.262106 0.750199 3.88029 0
0.725756 1.40836 0.262106 0.750199 3.88029 0
0.725756 1.40836 0.262106 0.750199 3.88029 0
0.725756 1.40836 0.262106 0.750199 3.88029 0
0.725756 1.40836 0.262106 0.750199 3.88029 0
0.725756 1.40836 0.262106 0.750199 3.88029 0
0.725756 1.40836 0.262106 0.750199 3.88029 0
0.725756 1.40836 0.262106 0.750199 3.88029 0
0.724629 1.41082 0.250686 0.750903 3.88193 0
0.724629 1.41082 0.250686 0.750903 3.88193 0
0.724629 1.41082 0.250686 0.750903 3.88193 0
0.724629 1.41082 0.250686 0.750903 3.88193 0
0.724629 1.41082 0.250686 0.750903 3.88193 0
0.724629 1.41082 0.250686 0.750903 3.88193 0
0.724629 1.41082 0.250686 0.750903 3.88193 0
0.724629 1.41082 0.250686 0.750903 3.88193 0
0.724629 1.41082 0.250686 0.750903 3.88193 0
0.724629 1.41082 0.250686 0.750903 3.88193 0
0.724629 1.41082 0.250686 0.750903 3.88193 0
0.724629 1.41082 0.250686 0.750903 3.88193 0
0.724629 1.41082 0.250686 0.750903 3.88193 0
0.724629 1.41082 0.250686 0.750903 3.88193 0
0.724629 1.41082 0.250686 0.750903 3.88193 0
0.724629 1.41082 0.250686 0.750903 3.88193 0
0.724629 1.41082 0.250686 0.750903 3.88193 0
0.724629 1.41082 0.250686 0.750903 3.88193 0
0.724629 1.41082 0.250686 0.750903 3.88193 0
0.724629 1.41082 0.250686 0.750903 3.88193 0
0.724099 1.41251 0.241807 0.751271 3.88408 0
0.723517 1.41429 0.231018 0.751465 3.88837 0
0.723517 1.41429 0.231018 0.751465 3.88837 0
0.723517 1.41429 0.231018 0.751465 3.88837 0
0.723517 1.41429 0.231018 0.751465 3.88837 0
0.723517 1.41429 0.231018 0.751465 3.88837 0
0.723517 1.41429 0.231018 0.751465 3.88837 0
0.723517 1.41429 0.231018 0.751465 3.88837 0
0.723517 1.41429 0.231018 0.751465 3.88837 0
0.723517 1.41429 0.231018 0.751465 3.88837 0
0.723517 1.41429 0.231018 0.751465 3.88837 0
0.723517 1.41429 0.231018 0.751465 3.88837 0
0.723517 1.41429 0.231018 0.751465 3.88837 0
0.723517 1.41429 0.231018 0.751465 3.88837 0
0.723517 1.41429 0.231018 0.751465 3.88837 0
0.723517 1.41429 0.231018 0.751465 3.88837 0
0.723517 1.41429 0.231018 0.751465 3.88837 0
0.723517 1.41494 0.224326 0.752008 3.88455 0
0.723517 1.41494 0.224326 0.752008 3.88455 0
0.723517 1.41494 0.224326 0.752008 3.88455 0
0.723517 1.41494 0.224326 0.752008 3.88455 0
0.723517 1.41494 0.224326 0.752008 3.88455 0
0.723517 1.41494 0.224326 0.752008 3.88455 0
0.723517 1.41494 0.224326 0.752008 3.88455 0
0.723517 1.41494 0.224326 0.752008 3.88455 0
0.723517 1.41494 0.224326 0.752008 3.88455 0
0.723517 1.41494 0.224326 0.752008 3.88455 0
0.723517 1.41494 0.224326 0.752008 3.88455 0
0.723517 1.41494 0.224326 0.752008 3.88455 0
0.723517 1.41494 0.224326 0.752008 3.88455 0
0.723517 1.41494 0.224326 0.752008 3.88455 0
0.723517 1.41494 0.224326 0.752008 3.88455 0
0.723517 1.41494 0.224326 0.752008 3.88455 0
0.723517 1.41494 0.224326 0.752008 3.88455 0
0.722348 1.41858 0.202727 0.752912 3.88906 0
0.722348 1.41858 0.202727 0.752912 3.88906 0
0.722348 1.41858 0.202727 0.752912 3.88906 0
0.722348 1.41858 0.202727 0.752912 3.88906 0
0.722348 1.41858 0.202727 0.752912 3.88906 0
0.722348 1.41858 0.202727 0.752912 3.88906 0
0.722348 1.41858 0.202727 0.752912 3.88906 0
0.722348 1.41858 0.202727 0.752912 3.88906 0
0.722348 1.41858 0.202727 0.752912 3.88906 0
0.722348 1.41858 0.202727 0.752912 3.88906 0
0.722348 1.41858 0.202727 0.752912 3.88906 0
0.722348 1.41858 0.202727 0.752912 3.88906 0
0.722348 1.41858 0.202727 0.752912 3.88906 0
0.722348 1.41858 0.202727 0.752912 3.88906 0
0.722348 1.41858 0.202727 0.752912 3.88906 0
0.722348 1.41858 0.202727 0.752912 3.88906 0
0.722348 1.41858 0.202727 0.752912 3.88906 0
0.722348 1.41858 0.202727 0.752912 3.88906 0
0.722348 1.41858 0.202727 0.752912 3.88906 0
0.722348 1.41858 0.202727 0.752912 3.88906 0
0.720784 1.42539 0.164557 0.754422 3.90023 0
0.720784 1.42539 0.164557 0.754422 3.90023 0
0.720784 1.42539 0.164557 0.754422 3.90023 0
0.720784 1.42539 0.164557 0.754422 3.90023 0
0.720784 1.42539 0.164557 0.754422 3.90023 0
0.720784 1.42539 0.164557 0.754422 3.90023 0
0.720784 1.42539 0.164557 0.754422 3.90023 0
0.720784 1.42539 0.164557 0.754422 3.90023 0
0.720784 1.42539 0.164557 0.754422 3.90023 0
0.720784 1.42539 0.164557 0.754422 3.90023 0
0.720784 1.42539 0.164557 0.754422 3.90023 0
0.720784 1.42539 0.164557 0.754422 3.90023 0
0.720784 1.42539 0.164557 0.754422 3.90023 0
0.720784 1.42539 0.164557 0.754422 3.90023 0
0.720784 1.42539 0.164557 0.754422 3.90023 0
0.720784 1.42539 0.164557 0.754422 3.90023 0
0.720424 1.42749 0.151094 0.754926 3.90336 0
0.720202 1.42923 0.140125 0.755567 3.90407 0
0.720202 1.42923 0.140125 0.755567 3.90407 0
0.720202 1.42923 0.140125 0.755567 3.90407 0
0.720202 1.42923 0.140125 0.755567 3.90407 0
0.720202 1.42923 0.140125 0.755567 3.90407 0
0.720202 1.42923 0.140125 0.755567 3.90407 0
0.720202 1.42923 0.140125 0.755567 3.90407 0
0.720202 1.42923 0.140125 0.755567 3.90407 0
0.720202 1.42923 0.140125 0.755567 3.90407 0
0.720202 1.42923 0.140125 0.755567 3.90407 0
0.720202 1.42923 0.140125 0.755567 3.90407 0
0.720202 1.42923 0.140125 0.755567 3.90407 0
0.720202 1.42923 0.140125 0.755567 3.90407 0
0.720202 1.42923 0.140125 0.755567 3.90407 0
0.720202 1.42923 0.140125 0.755567 3.90407 0
0.720202 1.42923 0.140125 0.755567 3.90407 0
0.720202 1.42923 0.140125 0.755567 3.90407 0
0.719904 1.43295 0.115608 0.756977 3.90504 0
0.719904 1.43295 0.115608 0.756977 3.90504 0
0.719904 1.43295 0.115608 0.756977 3.90504 0
0.719904 1.43295 0.115608 0.756977 3.90504 0
0.719904 1.43295 0.115608 0.756977 3.90504 0
0.719904 1.43295 0.115608 0.756977 3.90504 0
0.719904 1.43295 0.115608 0.756977 3.90504 0
0.719904 1.43295 0.115608 0.756977 3.90504 0
0.719904 1.43295 0.115608 0.756977 3.90504 0
0.719904 1.43295 0.115608 0.756977 3.90504 0
0.719904 1.43295 0.115608 0.756977 3.90504 0
0.719904 1.43295 0.115608 0.756977 3.90504 0
0.719904 1.43295 0.115608 0.756977 3.90504 0
0.719904 1.43295 0.115608 0.756977 3.90504 0
0.719904 1.43295 0.115608 0.756977 3.90504 0
0.719443 1.43541 0.0968614 0.757485 3.91095 0
0.719126 1.43761 0.0794933 0.757933 3.91654 0
0.719126 1.43761 0.0794933 0.757933 3.91654 0
0.719126 1.43761 0.0794933 0.757933 3.91654 0
0.719126 1.43761 0.0794933 0.757933 3.91654 0
0.719126 1.43761 0.0794933 0.757933 3.91654 0
0.719126 1.43761 0.0794933 0.757933 3.91654 0
0.719126 1.43761 0.0794933 0.757933 3.91654 0
0.719126 1.43761 0.0794933 0.757933 3.91654 0
0.719126 1.43761 0.0794933 0.757933 3.91654 0
0.719126 1.43761 0.0794933 0.757933 3.91654 0
0.719126 1.43761 0.0794933 0.757933 3.91654 0
0.719126 1.43761 0.0794933 0.757933 3.91654 0
0.719126 1.43761 0.0794933 0.757933 3.91654 0
0.719063 1.43971 0.0652136 0.758716 3.91784 0
0.718926 1.44162 0.0499599 0.759395 3.9199 0
0.718926 1.44162 0.0499599 0.759395 3.9199 0
0.718926 1.44162 0.0499599 0.759395 3.9199 0
0.718926 1.44162 0.0499599 0.759395 3.9199 0
0.718926 1.44162 0.0499599 0.759395 3.9199 0
0.718926 1.44162 0.0499599 0.759395 3.9199 0
0.718926 1.44162 0.0499599 0.759395 3.9199 0
0.718926 1.44162 0.0499599 0.759395 3.9199 0
0.718926 1.44162 0.0499599 0.759395 3.9199 0
0.718926 1.44162 0.0499599 0.759395 3.9199 0
0.718926 1.44162 0.0499599 0.759395 3.9199 0
0.718926 1.44162 0.0499599 0.759395 3.9199 0
0.718926 1.44162 0.0499599 0.759395 3.9199 0
0.718926 1.44162 0.0499599 0.759395 3.9199 0
0.718926 1.44162 0.0499599 0.759395 3.9199 0
0.718926 1.44162 0.0499599 0.759395 3.9199 0
0.718702 1.44373 0.0331955 0.760132 3.92258 0
0.71846 1.44584 0.0143445 0.760736 3.92712 0
0.71846 1.44584 0.0143445 0.760736 3.92712 0
0.71846 1.44584 0.0143445 0.760736 3.92712 0
0.71846 1.44584 0.0143445 0.760736 3.92712 0
0.71846 1.44584 0.0143445 0.760736 3.92712 0
0.71846 1.44584 0.0143445 0.760736 3.92712 0
0.71846 1.44584 0.0143445 0.760736 3.92712 0
0.71846 1.44584 0.0143445 0.760736 3.92712 0
0.71846 1.44584 0.0143445 0.760736 3.92712 0
0.71846 1.44584 0.0143445 0.760736 3.92712 0
0.71846 1.44584 0.0143445 0.760736 3.92712 0
0.71846 1.44584 0.0143445 0.760736 3.92712 0
0.71846 1.44584 0.0143445 0.760736 3.92712 0
0.71846 1.44584 0.0143445 0.760736 3.92712 0
0.71846 1.44584 0.0143445 0.760736 3.92712 0
0.71846 1.44584 0.0143445 0.760736 3.92712 0
0.718108 1.45003 6.25986 0.762315 3.93254 0
0.718108 1.45003 6.25986 0.762315 3.93254 0
0.718108 1.45003 6.25986 0.762315 3.93254 0
0.718108 1.45003 6.25986 0.762315 3.93254 0
0.718108 1.45003 6.25986 0.762315 3.93254 0
0.718108 1.45003 6.25986 0.762315 3.93254 0
0.718108 1.45003 6.25986 0.762315 3.93254 0
0.718108 1.45003 6.25986 0.762315 3.93254 0
0.718108 1.45003 6.25986 0.762315 3.93254 0
0.718108 1.45003 6.25986 0.762315 3.93254 0
0.717427 1.45394 6.2176 0.763573 3.94231 0
0.717427 1.45394 6.2176 0.763573 3.94231 0
0.717427 1.45394 6.2176 0.763573 3.94231 0
0.717427 1.45394 6.2176 0.763573 3.94231 0
0.717427 1.45394 6.2176 0.763573 3.94231 0
0.717427 1.45394 6.2176 0.763573 3.94231 0
0.717427 1.45394 6.2176 0.763573 3.94231 0
0.717427 1.45394 6.2176 0.763573 3.94231 0
0.717427 1.45394 6.2176 0.763573 3.94231 0
0.717427 1.45394 6.2176 0.763573 3.94231 0
0.717427 1.45394 6.2176 0.763573 3.94231 0
0.717427 1.45394 6.2176 0.763573 3.94231 0
0.717427 1.45394 6.2176 0.763573 3.94231 0
0.717427 1.45394 6.2176 0.763573 3.94231 0
0.717427 1.45394 6.2176 0.763573 3.94231 0
0.717427 1.45394 6.2176 0.763573 3.94231 0
0.717427 1.45394 6.2176 0.763573 3.94231 0
0.717427 1.45394 6.2176 0.763573 3.94231 0
0.717427 1.45394 6.2176 0.763573 3.94231 0
0.717427 1.45394 6.2176 0.763573 3.94231 0
0.717139 1.45598 6.19439 0.764302 3.94731 0
0.716986 1.45779 6.17424 0.765107 3.95027 0
0.716986 1.45779 6.17424 0.765107 3.95027 0
0.716986 1.45779 6.17424 0.765107 3.95027 0
0.716986 1.45779 6.17424 0.765107 3.95027 0
0.716986 1.45779 6.17424 0.765107 3.95027 0
0.716986 1.45779 6.17424 0.765107 3.95027 0
0.716986 1.45779 6.17424 0.765107 3.95027 0
0.716986 1.45779 6.17424 0.765107 3.95027 0
0.716986 1.45779 6.17424 0.765107 3.95027 0
0.716986 1.45779 6.17424 0.765107 3.95027 0
0.716986 1.45779 6.17424 0.765107 3.95027 0
0.716986 1.45779 6.17424 0.765107 3.95027 0
0.716986 1.45779 6.17424 0.765107 3.95027 0
0.716986 1.45779 6.17424 0.765107 3.95027 0
0.716986 1.45779 6.17424 0.765107 3.95027 0
0.716308 1.4615 6.12678 0.766685 3.95971 0
0.716308 1.4615 6.12678 0.766685 3.95971 0
0.716308 1.4615 6.12678 0.766685 3.95971 0
0.716308 1.4615 6.12678 0.766685 3.95971 0
0.716308 1.4615 6.12678 0.766685 3.95971 0
0.716308 1.4615 6.12678 0.766685 3.95971 0
0.716308 1.4615 6.12678 0.766685 3.95971 0
0.716308 1.4615 6.12678 0.766685 3.95971 0
0.716308 1.4615 6.12678 0.766685 3.95971 0
0.716308 1.4615 6.12678 0.766685 3.95971 0
0.716308 1.4615 6.12678 0.766685 3.95971 0
0.716308 1.4615 6.12678 0.766685 3.95971 0
0.716308 1.4615 6.12678 0.766685 3.95971 0
0.716308 1.4615 6.12678 0.766685 3.95971 0
0.716308 1.4615 6.12678 0.766685 3.95971 0
0.715646 1.46481 6.07215 0.76844 3.96814 0
0.715646 1.46481 6.07215 0.76844 3.96814 0
0.715646 1.46481 6.07215 0.76844 3.96814 0
0.715646 1.46481 6.07215 0.76844 3.96814 0
0.715646 1.46481 6.07215 0.76844 3.96814 0
0.715646 1.46481 6.07215 0.76844 3.96814 0
0.715646 1.46481 6.07215 0.76844 3.96814 0
0.715646 1.46481 6.07215 0.76844 3.96814 0
0.715646 1.46481 6.07215 0.76844 3.96814 0
0.715646 1.46481 6.07215 0.76844 3.96814 0
0.715646 1.46481 6.07215 0.76844 3.96814 0
0.715646 1.46481 6.07215 0.76844 3.96814 0
0.714985 1.46758 6.01706 0.770251 3.97549 0
0.714985 1.46758 6.01706 0.770251 3.97549 0
0.714985 1.46758 6.01706 0.770251 3.97549 0
0.714985 1.46758 6.01706 0.770251 3.97549 0
0.714985 1.46758 6.01706 0.770251 3.97549 0
0.714985 1.46758 6.01706 0.770251 3.97549 0
0.714985 1.46758 6.01706 0.770251 3.97549 0
0.714985 1.46758 6.01706 0.770251 3.97549 0
0.714985 1.46758 6.01706 0.770251 3.97549 0
0.714985 1.46758 6.01706 0.770251 3.97549 0
0.714985 1.46758 6.01706 0.770251 3.97549 0
0.714985 1.46758 6.01706 0.770251 3.97549 0
0.714985 1.46758 6.01706 0.770251 3.97549 0
0.714985 1.46758 6.01706 0.770251 3.97549 0
0.714985 1.46758 6.01706 0.770251 3.97549 0
0.714985 1.46758 6.01706 0.770251 3.97549 0
0.714985 1.46758 6.01706 0.770251 3.97549 0
0.714636 1.46878 5.98445 0.771176 3.98006 0
0.71418 1.46992 5.95109 0.771969 3.98698 0
0.71418 1.46992 5.95109 0.771969 3.98698 0
0.71418 1.46992 5.95109 0.771969 3.98698 0
0.71418 1.46992 5.95109 0.771969 3.98698 0
0.71418 1.46992 5.95109 0.771969 3.98698 0
0.71418 1.46992 5.95109 0.771969 3.98698 0
0.71418 1.46992 5.95109 0.771969 3.98698 0
0.71418 1.46992 5.95109 0.771969 3.98698 0
0.71418 1.46992 5.95109 0.771969 3.98698 0
0.71418 1.46992 5.95109 0.771969 3.98698 0
0.71418 1.46992 5.95109 0.771969 3.98698 0
0.71418 1.46992 5.95109 0.771969 3.98698 0
0.71418 1.46992 5.95109 0.771969 3.98698 0
0.71418 1.46992 5.95109 0.771969 3.98698 0
0.71418 1.46992 5.95109 0.771969 3.98698 0
0.71418 1.46992 5.95109 0.771969 3.98698 0
0.71418 1.46992 5.95109 0.771969 3.98698 0
0.713284 1.4715 5.88395 0.773729 3.99702 0
0.713284 1.4715 5.88395 0.773729 3.99702 0
0.713284 1.4715 5.88395 0.773729 3.99702 0
0.713284 1.4715 5.88395 0.773729 3.99702 0
0.713284 1.4715 5.88395 0.773729 3.99702 0
0.713284 1.4715 5.88395 0.773729 3.99702 0
0.713284 1.4715 5.88395 0.773729 3.99702 0
0.712253 1.47259 5.81962 0.775667 4.00442 0
0.712253 1.47259 5.81962 0.775667 4.00442 0
0.712253 1.47259 5.81962 0.775667 4.00442 0
0.712253 1.47259 5.81962 0.775667 4.00442 0
0.712253 1.47259 5.81962 0.775667 4.00442 0
0.712253 1.47259 5.81962 0.775667 4.00442 0
0.712253 1.47259 5.81962 0.775667 4.00442 0
0.712253 1.47259 5.81962 0.775667 4.00442 0
0.712253 1.47259 5.81962 0.775667 4.00442 0
0.712253 1.47259 5.81962 0.775667 4.00442 0
0.711035 1.47297 5.74956 0.777264 4.0163 0
0.711035 1.47297 5.74956 0.777264 4.0163 0
0.711035 1.47297 5.74956 0.777264 4.0163 0
0.711035 1.47297 5.74956 0.777264 4.0163 0
0.711035 1.47297 5.74956 0.777264 4.0163 0
0.711035 1.47297 5.74956 0.777264 4.0163 0
0.711035 1.47297 5.74956 0.777264 4.0163 0
0.711035 1.47297 5.74956 0.777264 4.0163 0
0.711035 1.47297 5.74956 0.777264 4.0163 0
0.711035 1.47297 5.74956 0.777264 4.0163 0
0.711035 1.47297 5.74956 0.777264 4.0163 0
0.711035 1.47297 5.74956 0.777264 4.0163 0
0.711035 1.47297 5.74956 0.777264 4.0163 0
0.711035 1.47297 5.74956 0.777264 4.0163 0
0.711035 1.47297 5.74956 0.777264 4.0163 0
0.711035 1.47297 5.74956 0.777264 4.0163 0
0.709553 1.47236 5.67524 0.778604 4.0306 0
0.709553 1.47236 5.67524 0.778604 4.0306 0
0.709553 1.47236 5.67524 0.778604 4.0306 0
0.709553 1.47236 5.67524 0.778604 4.0306 0
0.709553 1.47236 5.67524 0.778604 4.0306 0
0.709553 1.47236 5.67524 0.778604 4.0306 0
0.709553 1.47236 5.67524 0.778604 4.0306 0
0.709553 1.47236 5.67524 0.778604 4.0306 0
0.709553 1.47236 5.67524 0.778604 4.0306 0
0.709553 1.47236 5.67524 0.778604 4.0306 0
0.709553 1.47236 5.67524 0.778604 4.0306 0
0.709553 1.47236 5.67524 0.778604 4.0306 0
0.709553 1.47236 5.67524 0.778604 4.0306 0
0.709553 1.47236 5.67524 0.778604 4.0306 0
0.709553 1.47236 5.67524 0.778604 4.0306 0
0.709553 1.47236 5.67524 0.778604 4.0306 0
0.709553 1.47236 5.67524 0.778604 4.0306 0
0.709553 1.47236 5.67524 0.778604 4.0306 0
0.709553 1.47236 5.67524 0.778604 4.0306 0
0.709553 1.47236 5.67524 0.778604 4.0306 0
0.709553 1.47236 5.67524 0.778604 4.0306 0
0.709553 1.47236 5.67524 0.778604 4.0306 0
0.708664 1.47192 5.63715 0.779471 4.03591 0
0.707817 1.47123 5.59887 0.780194 4.04242 0
0.707817 1.47123 5.59887 0.780194 4.04242 0
0.707817 1.47123 5.59887 0.780194 4.04242 0
0.707817 1.47123 5.59887 0.780194 4.04242 0
0.707817 1.47123 5.59887 0.780194 4.04242 0
0.707817 1.47123 5.59887 0.780194 4.04242 0
0.707817 1.47123 5.59887 0.780194 4.04242 0
0.707817 1.47123 5.59887 0.780194 4.04242 0
0.707817 1.47123 5.59887 0.780194 4.04242 0
0.707817 1.47123 5.59887 0.780194 4.04242 0
0.707817 1.47123 5.59887 0.780194 4.04242 0
0.707817 1.47123 5.59887 0.780194 4.04242 0
0.707817 1.47123 5.59887 0.780194 4.04242 0
0.707817 1.47123 5.59887 0.780194 4.04242 0
0.707817 1.47123 5.59887 0.780194 4.04242 0
0.707817 1.47123 5.59887 0.780194 4.04242 0
0.707817 1.47123 5.59887 0.780194 4.04242 0
0.707817 1.47123 5.59887 0.780194 4.04242 0
0.707817 1.47123 5.59887 0.780194 4.04242 0
0.707818 1.46978 5.57623 0.780491 4.03977 0
0.707818 1.46844 5.55596 0.780854 4.03557 0
0.707818 1.46844 5.55596 0.780854 4.03557 0
0.707818 1.46844 5.55596 0.780854 4.03557 0
0.707818 1.46844 5.55596 0.780854 4.03557 0
0.707818 1.46844 5.55596 0.780854 4.03557 0
0.707818 1.46844 5.55596 0.780854 4.03557 0
0.707818 1.46844 5.55596 0.780854 4.03557 0
0.707818 1.46844 5.55596 0.780854 4.03557 0
0.707818 1.46844 5.55596 0.780854 4.03557 0
0.707818 1.46844 5.55596 0.780854 4.03557 0
0.707818 1.46844 5.55596 0.780854 4.03557 0
0.707818 1.46844 5.55596 0.780854 4.03557 0
0.707818 1.46844 5.55596 0.780854 4.03557 0
0.707818 1.46844 5.55596 0.780854 4.03557 0
0.707818 1.46844 5.55596 0.780854 4.03557 0
0.707818 1.46844 5.55596 0.780854 4.03557 0
0.707818 1.46844 5.55596 0.780854 4.03557 0
0.707818 1.46844 5.55596 0.780854 4.03557 0
0.707818 1.46844 5.55596 0.780854 4.03557 0
0.705604 1.46622 5.4786 0.782547 4.04246 0
0.705604 1.46622 5.4786 0.782547 4.04246 0
0.705604 1.46622 5.4786 0.782547 4.04246 0
0.705604 1.46622 5.4786 0.782547 4.04246 0
0.705604 1.46622 5.4786 0.782547 4.04246 0
0.705604 1.46622 5.4786 0.782547 4.04246 0
0.705604 1.46622 5.4786 0.782547 4.04246 0
0.705604 1.46622 5.4786 0.782547 4.04246 0
0.705604 1.46622 5.4786 0.782547 4.04246 0
0.705604 1.46622 5.4786 0.782547 4.04246 0
0.705604 1.46622 5.4786 0.782547 4.04246 0
0.705604 1.46622 5.4786 0.782547 4.04246 0
0.705604 1.46622 5.4786 0.782547 4.04246 0
0.705604 1.46622 5.4786 0.782547 4.04246 0
0.705604 1.46622 5.4786 0.782547 4.04246 0
0.705604 1.46622 5.4786 0.782547 4.04246 0
0.705604 1.46622 5.4786 0.782547 4.04246 0
0.705604 1.46622 5.4786 0.782547 4.04246 0
0.705604 1.46622 5.4786 0.782547 4.04246 0
0.705604 1.46622 5.4786 0.782547 4.04246 0
0.705604 1.46622 5.4786 0.782547 4.04246 0
0.700389 1.46284 5.35798 0.784462 4.07334 0
0.700389 1.46284 5.35798 0.784462 4.07334 0
0.700389 1.46284 5.35798 0.784462 4.07334 0
0.700389 1.46284 5.35798 0.784462 4.07334 0
0.700389 1.46284 5.35798 0.784462 4.07334 0
0.700389 1.46284 5.35798 0.784462 4.07334 0
0.700389 1.46284 5.35798 0.784462 4.07334 0
0.700389 1.46284 5.35798 0.784462 4.07334 0
0.700389 1.46284 5.35798 0.784462 4.07334 0
0.700389 1.46284 5.35798 0.784462 4.07334 0
0.700389 1.46284 5.35798 0.784462 4.07334 0
0.700389 1.46284 5.35798 0.784462 4.07334 0
0.700389 1.46284 5.35798 0.784462 4.07334 0
0.700389 1.46284 5.35798 0.784462 4.07334 0
0.700389 1.46284 5.35798 0.784462 4.07334 0
0.700389 1.46284 5.35798 0.784462 4.07334 0
0.700389 1.46284 5.35798 0.784462 4.07334 0
0.700389 1.46284 5.35798 0.784462 4.07334 0
0.700389 1.46284 5.35798 0.784462 4.07334 0
0.700389 1.46284 5.35798 0.784462 4.07334 0
0.700389 1.46284 5.35798 0.784462 4.07334 0
0.697639 1.45811 5.27182 0.785531 4.08156 0
0.697639 1.45811 5.27182 0.785531 4.08156 0
0.697639 1.45811 5.27182 0.785531 4.08156 0
0.697639 1.45811 5.27182 0.785531 4.08156 0
0.697639 1.45811 5.27182 0.785531 4.08156 0
0.697639 1.45811 5.27182 0.785531 4.08156 0
0.697639 1.45811 5.27182 0.785531 4.08156 0
0.697639 1.45811 5.27182 0.785531 4.08156 0
0.697639 1.45811 5.27182 0.785531 4.08156 0
0.697639 1.45811 5.27182 0.785531 4.08156 0
0.697639 1.45811 5.27182 0.785531 4.08156 0
0.697639 1.45811 5.27182 0.785531 4.08156 0
0.697639 1.45811 5.27182 0.785531 4.08156 0
0.697639 1.45811 5.27182 0.785531 4.08156 0
0.697639 1.45811 5.27182 0.785531 4.08156 0
0.697639 1.45811 5.27182 0.785531 4.08156 0
0.697639 1.45811 5.27182 0.785531 4.08156 0
0.697639 1.45811 5.27182 0.785531 4.08156 0
0.697639 1.45595 5.24775 0.786401 4.06166 0
0.697639 1.45595 5.24775 0.786401 4.06166 0
0.697639 1.45595 5.24775 0.786401 4.06166 0
0.697639 1.45595 5.24775 0.786401 4.06166 0
0.697639 1.45595 5.24775 0.786401 4.06166 0
0.697639 1.45595 5.24775 0.786401 4.06166 0
0.697639 1.45595 5.24775 0.786401 4.06166 0
0.697639 1.45595 5.24775 0.786401 4.06166 0
0.697639 1.45595 5.24775 0.786401 4.06166 0
0.697639 1.45595 5.24775 0.786401 4.06166 0
0.697639 1.45595 5.24775 0.786401 4.06166 0
0.697639 1.45595 5.24775 0.786401 4.06166 0
0.697639 1.45595 5.24775 0.786401 4.06166 0
0.697639 1.45595 5.24775 0.786401 4.06166 0
0.697639 1.45595 5.24775 0.786401 4.06166 0
0.697639 1.45595 5.24775 0.786401 4.06166 0
0.697639 1.45595 5.24775 0.786401 4.06166 0
0.697639 1.45595 5.24775 0.786401 4.06166 0
0.697639 1.45595 5.24775 0.786401 4.06166 0
0.697639 1.45595 5.24775 0.786401 4.06166 0
0.697639 1.45595 5.24775 0.786401 4.06166 0
0.697639 1.45408 5.22721 0.78711 4.04801 0
0.697639 1.45258 5.21091 0.78813 4.02952 0
0.697639 1.45258 5.21091 0.78813 4.02952 0
0.697639 1.45258 5.21091 0.78813 4.02952 0
0.697639 1.45258 5.21091 0.78813 4.02952 0
0.697639 1.45258 5.21091 0.78813 4.02952 0
0.697639 1.45258 5.21091 0.78813 4.02952 0
0.697639 1.45258 5.21091 0.78813 4.02952 0
0.697639 1.45258 5.21091 0.78813 4.02952 0
0.697639 1.45258 5.21091 0.78813 4.02952 0
0.697639 1.45258 5.21091 0.78813 4.02952 0
0.697639 1.45258 5.21091 0.78813 4.02952 0
0.697639 1.45258 5.21091 0.78813 4.02952 0
0.697639 1.45258 5.21091 0.78813 4.02952 0
0.697639 1.45258 5.21091 0.78813 4.02952 0
0.697639 1.45258 5.21091 0.78813 4.02952 0
0.697639 1.45258 5.21091 0.78813 4.02952 0
0.697639 1.45258 5.21091 0.78813 4.02952 0
0.694855 1.4493 5.15089 0.788814 4.03381 0
0.694855 1.4493 5.15089 0.788814 4.03381 0
0.694855 1.4493 5.15089 0.788814 4.03381 0
0.694855 1.4493 5.15089 0.788814 4.03381 0
0.694855 1.4493 5.15089 0.788814 4.03381 0
0.694855 1.4493 5.15089 0.788814 4.03381 0
0.694855 1.4493 5.15089 0.788814 4.03381 0
0.694855 1.4493 5.15089 0.788814 4.03381 0
0.694855 1.4493 5.15089 0.788814 4.03381 0
0.694855 1.4493 5.15089 0.788814 4.03381 0
0.694855 1.4493 5.15089 0.788814 4.03381 0
0.694855 1.4493 5.15089 0.788814 4.03381 0
0.694855 1.4493 5.15089 0.788814 4.03381 0
0.694855 1.4493 5.15089 0.788814 4.03381 0
0.694855 1.4493 5.15089 0.788814 4.03381 0
0.694855 1.4493 5.15089 0.788814 4.03381 0
0.694855 1.4493 5.15089 0.788814 4.03381 0
0.694855 1.4493 5.15089 0.788814 4.03381 0
0.694855 1.4493 5.15089 0.788814 4.03381 0
0.694855 1.4493 5.15089 0.788814 4.03381 0
0.694855 1.4493 5.15089 0.788814 4.03381 0
0.694855 1.4493 5.15089 0.788814 4.03381 0
0.681445 1.44006 4.9732 0.789171 4.12347 0
0.681445 1.44006 4.9732 0.789171 4.12347 0
0.681445 1.44006 4.9732 0.789171 4.12347 0
0.681445 1.44006 4.9732 0.789171 4.12347 0
0.681445 1.44006 4.9732 0.789171 4.12347 0
0.681445 1.44006 4.9732 0.789171 4.12347 0
0.681445 1.44006 4.9732 0.789171 4.12347 0
0.681445 1.44006 4.9732 0.789171 4.12347 0
0.681445 1.44006 4.9732 0.789171 4.12347 0
0.681445 1.44006 4.9732 0.789171 4.12347 0
0.681445 1.44006 4.9732 0.789171 4.12347 0
0.681445 1.44006 4.9732 0.789171 4.12347 0
0.681445 1.44006 4.9732 0.789171 4.12347 0
0.681445 1.44006 4.9732 0.789171 4.12347 0
0.681445 1.44006 4.9732 0.789171 4.12347 0
0.681445 1.44006 4.9732 0.789171 4.12347 0
0.681445 1.44006 4.9732 0.789171 4.12347 0
0.681445 1.44006 4.9732 0.789171 4.12347 0
0.681445 1.44006 4.9732 0.789171 4.12347 0
0.681445 1.44006 4.9732 0.789171 4.12347 0
0.681445 1.44006 4.9732 0.789171 4.12347 0
0.677451 1.43275 4.87744 0.791343 4.11324 0
0.677451 1.43275 4.87744 0.791343 4.11324 0
0.677451 1.43275 4.87744 0.791343 4.11324 0
0.677451 1.43275 4.87744 0.791343 4.11324 0
0.677451 1.43275 4.87744 0.791343 4.11324 0
0.677451 1.43275 4.87744 0.791343 4.11324 0
0.677451 1.43275 4.87744 0.791343 4.11324 0
0.677451 1.43275 4.87744 0.791343 4.11324 0
0.677451 1.43275 4.87744 0.791343 4.11324 0
0.677451 1.43275 4.87744 0.791343 4.11324 0
0.677451 1.43275 4.87744 0.791343 4.11324 0
0.677451 1.43275 4.87744 0.791343 4.11324 0
0.677451 1.43275 4.87744 0.791343 4.11324 0
0.677451 1.43275 4.87744 0.791343 4.11324 0
0.677451 1.43275 4.87744 0.791343 4.11324 0
0.677451 1.43275 4.87744 0.791343 4.11324 0
0.677451 1.43275 4.87744 0.791343 4.11324 0
0.677451 1.43275 4.87744 0.791343 4.11324 0
0.677451 1.43275 4.87744 0.791343 4.11324 0
0.677451 1.43275 4.87744 0.791343 4.11324 0
0.673373 1.42903 4.81524 0.791268 4.14411 0
0.673373 1.42903 4.81524 0.791268 4.14411 0
0.673373 1.42903 4.81524 0.791268 4.14411 0
0.673373 1.42903 4.81524 0.791268 4.14411 0
0.673373 1.42903 4.81524 0.791268 4.14411 0
0.673373 1.42903 4.81524 0.791268 4.14411 0
0.673373 1.42903 4.81524 0.791268 4.14411 0
0.673373 1.42903 4.81524 0.791268 4.14411 0
0.673373 1.42903 4.81524 0.791268 4.14411 0
0.673373 1.42903 4.81524 0.791268 4.14411 0
0.673373 1.42903 4.81524 0.791268 4.14411 0
0.673373 1.42903 4.81524 0.791268 4.14411 0
0.673373 1.42903 4.81524 0.791268 4.14411 0
0.673373 1.42903 4.81524 0.791268 4.14411 0
0.673373 1.42903 4.81524 0.791268 4.14411 0
0.673373 1.42903 4.81524 0.791268 4.14411 0
0.673373 1.42903 4.81524 0.791268 4.14411 0
0.673373 1.42903 4.81524 0.791268 4.14411 0
0.673373 1.42903 4.81524 0.791268 4.14411 0
0.673373 1.42903 4.81524 0.791268 4.14411 0
0.673373 1.42903 4.81524 0.791268 4.14411 0
0.67011 1.42 4.70948 0.79274 4.13072 0
0.67011 1.42 4.70948 0.79274 4.13072 0
0.67011 1.42 4.70948 0.79274 4.13072 0
0.67011 1.42 4.70948 0.79274 4.13072 0
0.67011 1.42 4.70948 0.79274 4.13072 0
0.67011 1.42 4.70948 0.79274 4.13072 0
0.67011 1.42 4.70948 0.79274 4.13072 0
0.67011 1.42 4.70948 0.79274 4.13072 0
0.67011 1.42 4.70948 0.79274 4.13072 0
0.67011 1.42 4.70948 0.79274 4.13072 0
0.67011 1.42 4.70948 0.79274 4.13072 0
0.67011 1.42 4.70948 0.79274 4.13072 0
0.67011 1.42 4.70948 0.79274 4.13072 0
0.67011 1.42 4.70948 0.79274 4.13072 0
0.67011 1.42 4.70948 0.79274 4.13072 0
0.67011 1.42 4.70948 0.79274 4.13072 0
0.67011 1.42 4.70948 0.79274 4.13072 0
0.67011 1.42 4.70948 0.79274 4.13072 0
0.666929 1.41022 4.59735 0.793705 4.12785 0
0.666929 1.41022 4.59735 0.793705 4.12785 0
0.666929 1.41022 4.59735 0.793705 4.12785 0
0.666929 1.41022 4.59735 0.793705 4.12785 0
0.666929 1.41022 4.59735 0.793705 4.12785 0
0.666929 1.41022 4.59735 0.793705 4.12785 0
0.666929 1.41022 4.59735 0.793705 4.12785 0
0.666929 1.41022 4.59735 0.793705 4.12785 0
0.666929 1.41022 4.59735 0.793705 4.12785 0
0.666929 1.41022 4.59735 0.793705 4.12785 0
0.666929 1.41022 4.59735 0.793705 4.12785 0
0.666929 1.41022 4.59735 0.793705 4.12785 0
0.666929 1.41022 4.59735 0.793705 4.12785 0
0.666929 1.41022 4.59735 0.793705 4.12785 0
0.666929 1.41022 4.59735 0.793705 4.12785 0
0.666929 1.41022 4.59735 0.793705 4.12785 0
0.666929 1.41022 4.59735 0.793705 4.12785 0
0.666929 1.41022 4.59735 0.793705 4.12785 0
0.666929 1.41022 4.59735 0.793705 4.12785 0
0.666929 1.41022 4.59735 0.793705 4.12785 0
0.666929 1.41022 4.59735 0.793705 4.12785 0
0.664111 1.40349 4.51459 0.794375 4.13413 0
0.664111 1.40349 4.51459 0.794375 4.13413 0
0.664111 1.40349 4.51459 0.794375 4.13413 0
0.664111 1.40349 4.51459 0.794375 4.13413 0
0.664111 1.40349 4.51459 0.794375 4.13413 0
0.664111 1.40349 4.51459 0.794375 4.13413 0
0.664111 1.40349 4.51459 0.794375 4.13413 0
0.664111 1.40349 4.51459 0.794375 4.13413 0
0.664111 1.40349 4.51459 0.794375 4.13413 0
0.664111 1.40349 4.51459 0.794375 4.13413 0
0.664111 1.40349 4.51459 0.794375 4.13413 0
0.664111 1.40349 4.51459 0.794375 4.13413 0
0.664111 1.40349 4.51459 0.794375 4.13413 0
0.664111 1.40349 4.51459 0.794375 4.13413 0
0.664111 1.40349 4.51459 0.794375 4.13413 0
0.664111 1.40349 4.51459 0.794375 4.13413 0
0.664111 1.40349 4.51459 0.794375 4.13413 0
0.664111 1.40349 4.51459 0.794375 4.13413 0
0.664111 1.40349 4.51459 0.794375 4.13413 0
0.664111 1.40349 4.51459 0.794375 4.13413 0
0.664111 1.40349 4.51459 0.794375 4.13413 0
0.664111 1.40349 4.51459 0.794375 4.13413 0
0.66119 1.39572 4.42226 0.794611 4.14812 0
0.66119 1.39572 4.42226 0.794611 4.14812 0
0.66119 1.39572 4.42226 0.794611 4.14812 0
0.66119 1.39572 4.42226 0.794611 4.14812 0
0.66119 1.39572 4.42226 0.794611 4.14812 0
0.66119 1.39572 4.42226 0.794611 4.14812 0
0.66119 1.39572 4.42226 0.794611 4.14812 0
0.66119 1.39572 4.42226 0.794611 4.14812 0
0.66119 1.39572 4.42226 0.794611 4.14812 0
0.66119 1.39572 4.42226 0.794611 4.14812 0
0.66119 1.39572 4.42226 0.794611 4.14812 0
0.66119 1.39572 4.42226 0.794611 4.14812 0
0.66119 1.39572 4.42226 0.794611 4.14812 0
0.66119 1.39572 4.42226 0.794611 4.14812 0
0.66119 1.39572 4.42226 0.794611 4.14812 0
0.66119 1.39572 4.42226 0.794611 4.14812 0
0.66119 1.39572 4.42226 0.794611 4.14812 0
0.66119 1.39572 4.42226 0.794611 4.14812 0
0.66119 1.39572 4.42226 0.794611 4.14812 0
0.66119 1.39572 4.42226 0.794611 4.14812 0
0.66119 1.39572 4.42226 0.794611 4.14812 0
0.660006 1.39215 4.37829 0.794997 4.15057 0
0.65886 1.38848 4.33601 0.795204 4.15373 0
0.65886 1.38848 4.33601 0.795204 4.15373 0
0.65886 1.38848 4.33601 0.795204 4.15373 0
0.65886 1.38848 4.33601 0.795204 4.15373 0
0.65886 1.38848 4.33601 0.795204 4.15373 0
0.65886 1.38848 4.33601 0.795204 4.15373 0
0.65886 1.38848 4.33601 0.795204 4.15373 0
0.65886 1.38848 4.33601 0.795204 4.15373 0
0.65886 1.38848 4.33601 0.795204 4.15373 0
0.65886 1.38848 4.33601 0.795204 4.15373 0
0.65886 1.38848 4.33601 0.795204 4.15373 0
0.65886 1.38848 4.33601 0.795204 4.15373 0
0.65886 1.38848 4.33601 0.795204 4.15373 0
0.65886 1.38848 4.33601 0.795204 4.15373 0
0.65886 1.38848 4.33601 0.795204 4.15373 0
0.65886 1.38848 4.33601 0.795204 4.15373 0
0.65886 1.38848 4.33601 0.795204 4.15373 0
0.65886 1.38848 4.33601 0.795204 4.15373 0
0.65886 1.38848 4.33601 0.795204 4.15373 0
0.65886 1.38848 4.33601 0.795204 4.15373 0
0.65886 1.38848 4.33601 0.795204 4.15373 0
0.655783 1.3794 4.22793 0.795271 4.17131 0
0.655783 1.3794 4.22793 0.795271 4.17131 0
0.655783 1.3794 4.22793 0.795271 4.17131 0
0.655783 1.3794 4.22793 0.795271 4.17131 0
0.655783 1.3794 4.22793 0.795271 4.17131 0
0.655783 1.3794 4.22793 0.795271 4.17131 0
0.655783 1.3794 4.22793 0.795271 4.17131 0
0.655783 1.3794 4.22793 0.795271 4.17131 0
0.655783 1.3794 4.22793 0.795271 4.17131 0
0.655783 1.3794 4.22793 0.795271 4.17131 0
0.655783 1.3794 4.22793 0.795271 4.17131 0
0.655783 1.3794 4.22793 0.795271 4.17131 0
0.655783 1.3794 4.22793 0.795271 4.17131 0
0.655783 1.3794 4.22793 0.795271 4.17131 0
0.655783 1.3794 4.22793 0.795271 4.17131 0
0.655783 1.3794 4.22793 0.795271 4.17131 0
0.655783 1.3794 4.22793 0.795271 4.17131 0
0.655783 1.3794 4.22793 0.795271 4.17131 0
0.655783 1.3794 4.22793 0.795271 4.17131 0
0.655783 1.3794 4.22793 0.795271 4.17131 0
0.655783 1.3794 4.22793 0.795271 4.17131 0
0.653221 1.37031 4.12115 0.795774 4.17772 0
0.653221 1.37031 4.12115 0.795774 4.17772 0
0.653221 1.37031 4.12115 0.795774 4.17772 0
0.653221 1.37031 4.12115 0.795774 4.17772 0
0.653221 1.37031 4.12115 0.795774 4.17772 0
0.653221 1.37031 4.12115 0.795774 4.17772 0
0.653221 1.37031 4.12115 0.795774 4.17772 0
0.653221 1.37031 4.12115 0.795774 4.17772 0
0.653221 1.37031 4.12115 0.795774 4.17772 0
0.653221 1.37031 4.12115 0.795774 4.17772 0
0.653221 1.37031 4.12115 0.795774 4.17772 0
0.653221 1.37031 4.12115 0.795774 4.17772 0
0.653221 1.37031 4.12115 0.795774 4.17772 0
0.653221 1.37031 4.12115 0.795774 4.17772 0
0.653221 1.37031 4.12115 0.795774 4.17772 0
0.653221 1.37031 4.12115 0.795774 4.17772 0
0.653221 1.37031 4.12115 0.795774 4.17772 0
0.653221 1.37031 4.12115 0.795774 4.17772 0
0.653221 1.37031 4.12115 0.795774 4.17772 0
0.653221 1.37031 4.12115 0.795774 4.17772 0
0.650408 1.36094 4.00857 0.796195 4.18509 0
0.650408 1.36094 4.00857 0.796195 4.18509 0
0.650408 1.36094 4.00857 0.796195 4.18509 0
0.650408 1.36094 4.00857 0.796195 4.18509 0
0.650408 1.36094 4.00857 0.796195 4.18509 0
0.650408 1.36094 4.00857 0.796195 4.18509 0
0.650408 1.36094 4.00857 0.796195 4.18509 0
0.650408 1.36094 4.00857 0.796195 4.18509 0
0.650408 1.36094 4.00857 0.796195 4.18509 0
0.650408 1.36094 4.00857 0.796195 4.18509 0
0.650408 1.36094 4.00857 0.796195 4.18509 0
0.650408 1.36094 4.00857 0.796195 4.18509 0
0.650408 1.36094 4.00857 0.796195 4.18509 0
0.650408 1.36094 4.00857 0.796195 4.18509 0
0.650408 1.36094 4.00857 0.796195 4.18509 0
0.650408 1.36094 4.00857 0.796195 4.18509 0
0.647451 1.35193 3.89703 0.796464 4.19325 0
0.647451 1.35193 3.89703 0.796464 4.19325 0
0.647451 1.35193 3.89703 0.796464 4.19325 0
0.647451 1.35193 3.89703 0.796464 4.19325 0
0.647451 1.35193 3.89703 0.796464 4.19325 0
0.647451 1.35193 3.89703 0.796464 4.19325 0
0.647451 1.35193 3.89703 0.796464 4.19325 0
0.647451 1.35193 3.89703 0.796464 4.19325 0
0.647451 1.35193 3.89703 0.796464 4.19325 0
0.647451 1.35193 3.89703 0.796464 4.19325 0
0.647451 1.35193 3.89703 0.796464 4.19325 0
0.647451 1.35193 3.89703 0.796464 4.19325 0
0.647451 1.35193 3.89703 0.796464 4.19325 0
0.647451 1.35193 3.89703 0.796464 4.19325 0
0.647451 1.35193 3.89703 0.796464 4.19325 0
0.647451 1.35193 3.89703 0.796464 4.19325 0
0.647451 1.35193 3.89703 0.796464 4.19325 0
0.647451 1.35193 3.89703 0.796464 4.19325 0
0.645922 1.34696 3.8359 0.796507 4.19743 0
0.644294 1.34246 3.77734 0.79658 4.20225 0
0.644294 1.34246 3.77734 0.79658 4.20225 0
0.644294 1.34246 3.77734 0.79658 4.20225 0
0.644294 1.34246 3.77734 0.79658 4.20225 0
0.644294 1.34246 3.77734 0.79658 4.20225 0
0.644294 1.34246 3.77734 0.79658 4.20225 0
0.644294 1.34246 3.77734 0.79658 4.20225 0
0.644294 1.34246 3.77734 0.79658 4.20225 0
0.644294 1.34246 3.77734 0.79658 4.20225 0
0.644294 1.34246 3.77734 0.79658 4.20225 0
0.644294 1.34246 3.77734 0.79658 4.20225 0
0.644294 1.34246 3.77734 0.79658 4.20225 0
0.644294 1.34246 3.77734 0.79658 4.20225 0
0.644294 1.34246 3.77734 0.79658 4.20225 0
0.644294 1.34246 3.77734 0.79658 4.20225 0
0.644294 1.34246 3.77734 0.79658 4.20225 0
0.644294 1.34246 3.77734 0.79658 4.20225 0
0.644294 1.34246 3.77734 0.79658 4.20225 0
0.644294 1.34246 3.77734 0.79658 4.20225 0
0.644294 1.34246 3.77734 0.79658 4.20225 0
0.640984 1.33386 3.66018 0.796803 4.20954 0
0.640984 1.33386 3.66018 0.796803 4.20954 0
0.640984 1.33386 3.66018 0.796803 4.20954 0
0.640984 1.33386 3.66018 0.796803 4.20954 0
0.640984 1.33386 3.66018 0.796803 4.20954 0
0.640984 1.33386 3.66018 0.796803 4.20954 0
0.640984 1.33386 3.66018 0.796803 4.20954 0
0.640984 1.33386 3.66018 0.796803 4.20954 0
0.640984 1.33386 3.66018 0.796803 4.20954 0
0.640984 1.33386 3.66018 0.796803 4.20954 0
0.640984 1.33386 3.66018 0.796803 4.20954 0
0.640984 1.33386 3.66018 0.796803 4.20954 0
0.640984 1.33386 3.66018 0.796803 4.20954 0
0.640984 1.33386 3.66018 0.796803 4.20954 0
0.640984 1.33386 3.66018 0.796803 4.20954 0
0.640984 1.33386 3.66018 0.796803 4.20954 0
0.640984 1.33386 3.66018 0.796803 4.20954 0
0.640984 1.33386 3.66018 0.796803 4.20954 0
0.640984 1.33386 3.66018 0.796803 4.20954 0
0.640984 1.33386 3.66018 0.796803 4.20954 0
0.640984 1.33386 3.66018 0.796803 4.20954 0
0.637649 1.32471 3.52948 0.79688 4.21598 0
0.637649 1.32471 3.52948 0.79688 4.21598 0
0.637649 1.32471 3.52948 0.79688 4.21598 0
0.637649 1.32471 3.52948 0.79688 4.21598 0
0.637649 1.32471 3.52948 0.79688 4.21598 0
0.637649 1.32471 3.52948 0.79688 4.21598 0
0.637649 1.32471 3.52948 0.79688 4.21598 0
0.637649 1.32471 3.52948 0.79688 4.21598 0
0.637649 1.32471 3.52948 0.79688 4.21598 0
0.637649 1.32471 3.52948 0.79688 4.21598 0
0.637649 1.32471 3.52948 0.79688 4.21598 0
0.637649 1.32471 3.52948 0.79688 4.21598 0
0.637649 1.32471 3.52948 0.79688 4.21598 0
0.637649 1.32471 3.52948 0.79688 4.21598 0
0.637649 1.32471 3.52948 0.79688 4.21598 0
0.637649 1.32471 3.52948 0.79688 4.21598 0
0.637649 1.32471 3.52948 0.79688 4.21598 0
0.637649 1.32471 3.52948 0.79688 4.21598 0
0.637649 1.32471 3.52948 0.79688 4.21598 0
0.637649 1.32471 3.52948 0.79688 4.21598 0
0.637649 1.32471 3.52948 0.79688 4.21598 0
0.637649 1.32471 3.52948 0.79688 4.21598 0
0.637649 1.32471 3.52948 0.79688 4.21598 0
0.633998 1.31578 3.38882 0.796837 4.22261 0
0.633998 1.31578 3.38882 0.796837 4.22261 0
0.633998 1.31578 3.38882 0.796837 4.22261 0
0.633998 1.31578 3.38882 0.796837 4.22261 0
0.633998 1.31578 3.38882 0.796837 4.22261 0
0.633998 1.31578 3.38882 0.796837 4.22261 0
0.633998 1.31578 3.38882 0.796837 4.22261 0
0.633998 1.31578 3.38882 0.796837 4.22261 0
0.633998 1.31578 3.38882 0.796837 4.22261 0
0.633998 1.31578 3.38882 0.796837 4.22261 0
0.633998 1.31578 3.38882 0.796837 4.22261 0
0.633998 1.31578 3.38882 0.796837 4.22261 0
0.633998 1.31578 3.38882 0.796837 4.22261 0
0.633998 1.31578 3.38882 0.796837 4.22261 0
0.633998 1.31578 3.38882 0.796837 4.22261 0
0.633998 1.31578 3.38882 0.796837 4.22261 0
0.633998 1.31578 3.38882 0.796837 4.22261 0
0.633998 1.31578 3.38882 0.796837 4.22261 0
0.633998 1.31578 3.38882 0.796837 4.22261 0
0.630522 1.30916 3.26525 0.797117 4.22489 0
0.630522 1.30916 3.26525 0.797117 4.22489 0
0.630522 1.30916 3.26525 0.797117 4.22489 0
0.630522 1.30916 3.26525 0.797117 4.22489 0
0.630522 1.30916 3.26525 0.797117 4.22489 0
0.630522 1.30916 3.26525 0.797117 4.22489 0
0.630522 1.30916 3.26525 0.797117 4.22489 0
0.630522 1.30916 3.26525 0.797117 4.22489 0
0.630522 1.30916 3.26525 0.797117 4.22489 0
0.630522 1.30916 3.26525 0.797117 4.22489 0
0.630522 1.30916 3.26525 0.797117 4.22489 0
0.630522 1.30916 3.26525 0.797117 4.22489 0
0.630522 1.30916 3.26525 0.797117 4.22489 0
0.630522 1.30916 3.26525 0.797117 4.22489 0
0.630522 1.30916 3.26525 0.797117 4.22489 0
0.630522 1.30916 3.26525 0.797117 4.22489 0
0.630522 1.30916 3.26525 0.797117 4.22489 0
0.630522 1.30916 3.26525 0.797117 4.22489 0
0.630522 1.30916 3.26525 0.797117 4.22489 0
0.627293 1.30308 3.1308 0.797064 4.22947 0
0.627293 1.30308 3.1308 0.797064 4.22947 0
0.627293 1.30308 3.1308 0.797064 4.22947 0
0.627293 1.30308 3.1308 0.797064 4.22947 0
0.627293 1.30308 3.1308 0.797064 4.22947 0
0.627293 1.30308 3.1308 0.797064 4.22947 0
0.627293 1.30308 3.1308 0.797064 4.22947 0
0.627293 1.30308 3.1308 0.797064 4.22947 0
0.627293 1.30308 3.1308 0.797064 4.22947 0
0.627293 1.30308 3.1308 0.797064 4.22947 0
0.627293 1.30308 3.1308 0.797064 4.22947 0
0.627293 1.30308 3.1308 0.797064 4.22947 0
0.627293 1.30308 3.1308 0.797064 4.22947 0
0.627293 1.30308 3.1308 0.797064 4.22947 0
0.627293 1.30308 3.1308 0.797064 4.22947 0
0.627293 1.30308 3.1308 0.797064 4.22947 0
0.627293 1.30308 3.1308 0.797064 4.22947 0
0.627293 1.30308 3.1308 0.797064 4.22947 0
0.627293 1.30308 3.1308 0.797064 4.22947 0
0.627293 1.30308 3.1308 0.797064 4.22947 0
0.623696 1.29864 2.99293 0.796676 4.24038 0
0.623696 1.29864 2.99293 0.796676 4.24038 0
0.623696 1.29864 2.99293 0.796676 4.24038 0
0.623696 1.29864 2.99293 0.796676 4.24038 0
0.623696 1.29864 2.99293 0.796676 4.24038 0
0.623696 1.29864 2.99293 0.796676 4.24038 0
0.623696 1.29864 2.99293 0.796676 4.24038 0
0.623696 1.29864 2.99293 0.796676 4.24038 0
0.623696 1.29864 2.99293 0.796676 4.24038 0
0.623696 1.29864 2.99293 0.796676 4.24038 0
0.623696 1.29864 2.99293 0.796676 4.24038 0
0.623696 1.29864 2.99293 0.796676 4.24038 0
0.623696 1.29864 2.99293 0.796676 4.24038 0
0.623696 1.29864 2.99293 0.796676 4.24038 0
0.623696 1.29864 2.99293 0.796676 4.24038 0
0.623696 1.29864 2.99293 0.796676 4.24038 0
0.623696 1.29864 2.99293 0.796676 4.24038 0
0.623696 1.29864 2.99293 0.796676 4.24038 0
0.623696 1.29864 2.99293 0.796676 4.24038 0
0.620737 1.29584 2.85637 0.796551 4.24411 0
0.620737 1.29584 2.85637 0.796551 4.24411 0
0.620737 1.29584 2.85637 0.796551 4.24411 0
0.620737 1.29584 2.85637 0.796551 4.24411 0
0.620737 1.29584 2.85637 0.796551 4.24411 0
0.620737 1.29584 2.85637 0.796551 4.24411 0
0.620737 1.29584 2.85637 0.796551 4.24411 0
0.620737 1.29584 2.85637 0.796551 4.24411 0
0.620737 1.29584 2.85637 0.796551 4.24411 0
0.620737 1.29584 2.85637 0.796551 4.24411 0
0.620737 1.29584 2.85637 0.796551 4.24411 0
0.620737 1.29584 2.85637 0.796551 4.24411 0
0.620737 1.29584 2.85637 0.796551 4.24411 0
0.620737 1.29584 2.85637 0.796551 4.24411 0
0.620737 1.29584 2.85637 0.796551 4.24411 0
0.620737 1.29584 2.85637 0.796551 4.24411 0
0.620737 1.29584 2.85637 0.796551 4.24411 0
0.620737 1.29584 2.85637 0.796551 4.24411 0
0.620737 1.29584 2.85637 0.796551 4.24411 0
0.620737 1.29584 2.85637 0.796551 4.24411 0
0.617265 1.29524 2.70378 0.796074 4.25315 0
0.617265 1.29524 2.70378 0.796074 4.25315 0
0.617265 1.29524 2.70378 0.796074 4.25315 0
0.617265 1.29524 2.70378 0.796074 4.25315 0
0.617265 1.29524 2.70378 0.796074 4.25315 0
0.617265 1.29524 2.70378 0.796074 4.25315 0
0.617265 1.29524 2.70378 0.796074 4.25315 0
0.617265 1.29524 2.70378 0.796074 4.25315 0
0.617265 1.29524 2.70378 0.796074 4.25315 0
0.617265 1.29524 2.70378 0.796074 4.25315 0
0.617265 1.29524 2.70378 0.796074 4.25315 0
0.617265 1.29524 2.70378 0.796074 4.25315 0
0.617265 1.29524 2.70378 0.796074 4.25315 0
0.617265 1.29524 2.70378 0.796074 4.25315 0
0.617265 1.29524 2.70378 0.796074 4.25315 0
0.617265 1.29524 2.70378 0.796074 4.25315 0
0.617265 1.29524 2.70378 0.796074 4.25315 0
0.617265 1.29524 2.70378 0.796074 4.25315 0
0.617265 1.29524 2.70378 0.796074 4.25315 0
0.617265 1.29524 2.70378 0.796074 4.25315 0
0.617265 1.29524 2.70378 0.796074 4.25315 0
0.614357 1.29785 2.60959 1.06572 4.25708 0
0.614357 1.29785 2.60959 1.06572 4.25708 0
0.614357 1.29785 2.60959 1.06572 4.25708 0
0.614357 1.29785 2.60959 1.06572 4.25708 0
0.614357 1.29785 2.60959 1.06572 4.25708 0
0.614357 1.29785 2.60959 1.06572 4.25708 0
0.614357 1.29785 2.60959 1.06572 4.25708 0
0.614357 1.29785 2.60959 1.06572 4.25708 0
0.614357 1.29785 2.60959 1.06572 4.25708 0
0.614357 1.29785 2.60959 1.06572 4.25708 0
0.614357 1.29785 2.60959 1.06572 4.25708 0
0.614357 1.29785 2.60959 1.06572 4.25708 0
0.614357 1.29785 2.60959 1.06572 4.25708 0
0.614357 1.29785 2.60959 1.06572 4.25708 0
0.614357 1.29785 2.60959 1.06572 4.25708 0
0.614357 1.29785 2.60959 1.06572 4.25708 0
0.614357 1.29785 2.60959 1.06572 4.25708 0
0.614357 1.29785 2.60959 1.06572 4.25708 0
0.614357 1.29785 2.60959 1.06572 4.25708 0
0.614357 1.29785 2.60959 1.06572 4.25708 0
0.614357 1.29785 2.60959 1.06572 4.25708 0
0.614357 1.29785 2.60959 1.06572 4.25708 0
0.612749 1.30116 2.45623 1.05181 4.26124 0
0.611106 1.31573 2.17802 1.03502 4.26693 0
0.611106 1.31573 2.17802 1.03502 4.26693 0
0.611106 1.31573 2.17802 1.03502 4.26693 0
0.611106 1.31573 2.17802 1.03502 4.26693 0
0.611106 1.31573 2.17802 1.03502 4.26693 0
0.611106 1.31573 2.17802 1.03502 4.26693 0
0.611106 1.31573 2.17802 1.03502 4.26693 0
0.611106 1.31573 2.17802 1.03502 4.26693 0
0.611106 1.31573 2.17802 1.03502 4.26693 0
0.611106 1.31573 2.17802 1.03502 4.26693 0
0.611106 1.31573 2.17802 1.03502 4.26693 0
0.611106 1.31573 2.17802 1.03502 4.26693 0
0.611106 1.31573 2.17802 1.03502 4.26693 0
0.611106 1.31573 2.17802 1.03502 4.26693 0
0.611106 1.31573 2.17802 1.03502 4.26693 0
0.611106 1.31573 2.17802 1.03502 4.26693 0
0.611106 1.31573 2.17802 1.03502 4.26693 0
0.611106 1.31573 2.17802 1.03502 4.26693 0
0.611106 1.31573 2.17802 1.03502 4.26693 0
0.611106 1.31573 2.17802 1.03502 4.26693 0
0.608189 1.31126 2.31542 1.01452 4.27194 0
0.608189 1.31126 2.31542 1.01452 4.27194 0
0.608189 1.31126 2.31542 1.01452 4.27194 0
0.608189 1.31126 2.31542 1.01452 4.27194 0
0.608189 1.31126 2.31542 1.01452 4.27194 0
0.608189 1.31126 2.31542 1.01452 4.27194 0
0.608189 1.31126 2.31542 1.01452 4.27194 0
0.608189 1.31126 2.31542 1.01452 4.27194 0
0.608189 1.31126 2.31542 1.01452 4.27194 0
0.608189 1.31126 2.31542 1.01452 4.27194 0
0.608189 1.31126 2.31542 1.01452 4.27194 0
0.608189 1.31126 2.31542 1.01452 4.27194 0
0.608189 1.31126 2.31542 1.01452 4.27194 0
0.608189 1.31126 2.31542 1.01452 4.27194 0
0.608189 1.31126 2.31542 1.01452 4.27194 0
0.608189 1.31126 2.31542 1.01452 4.27194 0
0.608189 1.31126 2.31542 1.01452 4.27194 0
0.608189 1.31126 2.31542 1.01452 4.27194 0
0.608189 1.31126 2.31542 1.01452 4.27194 0
0.605519 1.35801 1.84797 0.794572 4.27565 0
0.605519 1.35801 1.84797 0.794572 4.27565 0
0.605519 1.35801 1.84797 0.794572 4.27565 0
0.605519 1.35801 1.84797 0.794572 4.27565 0
0.605519 1.35801 1.84797 0.794572 4.27565 0
0.605519 1.35801 1.84797 0.794572 4.27565 0
0.605519 1.35801 1.84797 0.794572 4.27565 0
0.605519 1.35801 1.84797 0.794572 4.27565 0
0.605519 1.35801 1.84797 0.794572 4.27565 0
0.605519 1.35801 1.84797 0.794572 4.27565 0
0.605519 1.35801 1.84797 0.794572 4.27565 0
0.605519 1.35801 1.84797 0.794572 4.27565 0
0.605519 1.35801 1.84797 0.794572 4.27565 0
0.605519 1.35801 1.84797 0.794572 4.27565 0
0.605519 1.35801 1.84797 0.794572 4.27565 0
0.605519 1.35801 1.84797 0.794572 4.27565 0
0.605519 1.35801 1.84797 0.794572 4.27565 0
0.605519 1.35801 1.84797 0.794572 4.27565 0
0.605519 1.35801 1.84797 0.794572 4.27565 0
0.605519 1.35801 1.84797 0.794572 4.27565 0
0.605519 1.35801 1.84797 0.794572 4.27565 0
0.605519 1.41038 1.5286 0.794291 4.26175 0
0.605519 1.41038 1.5286 0.794291 4.26175 0
0.605519 1.41038 1.5286 0.794291 4.26175 0
0.605519 1.41038 1.5286 0.794291 4.26175 0
0.605519 1.41038 1.5286 0.794291 4.26175 0
0.605519 1.41038 1.5286 0.794291 4.26175 0
0.605519 1.41038 1.5286 0.794291 4.26175 0
0.605519 1.41038 1.5286 0.794291 4.26175 0
0.605519 1.41038 1.5286 0.794291 4.26175 0
0.605519 1.41038 1.5286 0.794291 4.26175 0
0.605519 1.41038 1.5286 0.794291 4.26175 0
0.605519 1.41038 1.5286 0.794291 4.26175 0
0.605519 1.41038 1.5286 0.794291 4.26175 0
0.605519 1.41038 1.5286 0.794291 4.26175 0
0.605519 1.41038 1.5286 0.794291 4.26175 0
0.605519 1.41038 1.5286 0.794291 4.26175 0
0.605519 1.41038 1.5286 0.794291 4.26175 0
0.605519 1.41038 1.5286 0.794291 4.26175 0
0.605519 1.41038 1.5286 0.794291 4.26175 0
0.605519 1.41038 1.5286 0.794291 4.26175 0
0.605519 1.37211 1.75157 0.793974 4.25713 0
0.605519 1.35284 1.88654 0.793736 4.25052 0
0.605519 1.35284 1.88654 0.793736 4.25052 0
0.605519 1.35284 1.88654 0.793736 4.25052 0
0.605519 1.35284 1.88654 0.793736 4.25052 0
0.605519 1.35284 1.88654 0.793736 4.25052 0
0.605519 1.35284 1.88654 0.793736 4.25052 0
0.605519 1.35284 1.88654 0.793736 4.25052 0
0.605519 1.35284 1.88654 0.793736 4.25052 0
0.605519 1.35284 1.88654 0.793736 4.25052 0
0.605519 1.35284 1.88654 0.793736 4.25052 0
0.605519 1.35284 1.88654 0.793736 4.25052 0
0.605519 1.35284 1.88654 0.793736 4.25052 0
0.605519 1.35284 1.88654 0.793736 4.25052 0
0.605519 1.35284 1.88654 0.793736 4.25052 0
0.605519 1.35284 1.88654 0.793736 4.25052 0
0.605519 1.35284 1.88654 0.793736 4.25052 0
0.605519 1.35284 1.88654 0.793736 4.25052 0
0.605519 1.35284 1.88654 0.793736 4.25052 0
0.605519 1.35284 1.88654 0.793736 4.25052 0
0.605519 1.35284 1.88654 0.793736 4.25052 0
0.605519 1.30898 2.49407 1.02385 4.23052 0
0.605519 1.30898 2.49407 1.02385 4.23052 0
0.605519 1.30898 2.49407 1.02385 4.23052 0
0.605519 1.30898 2.49407 1.02385 4.23052 0
0.605519 1.30898 2.49407 1.02385 4.23052 0
0.605519 1.30898 2.49407 1.02385 4.23052 0
0.605519 1.30898 2.49407 1.02385 4.23052 0
0.605519 1.30898 2.49407 1.02385 4.23052 0
0.605519 1.30898 2.49407 1.02385 4.23052 0
0.605519 1.30898 2.49407 1.02385 4.23052 0
0.605519 1.30898 2.49407 1.02385 4.23052 0
0.605519 1.30898 2.49407 1.02385 4.23052 0
0.605519 1.30898 2.49407 1.02385 4.23052 0
0.605519 1.30898 2.49407 1.02385 4.23052 0
0.605519 1.30898 2.49407 1.02385 4.23052 0
0.602973 1.31359 2.44045 1.04008 4.23794 0
0.602973 1.31359 2.44045 1.04008 4.23794 0
0.602973 1.31359 2.44045 1.04008 4.23794 0
0.602973 1.31359 2.44045 1.04008 4.23794 0
0.602973 1.31359 2.44045 1.04008 4.23794 0
0.602973 1.31359 2.44045 1.04008 4.23794 0
0.602973 1.31359 2.44045 1.04008 4.23794 0
0.602973 1.31359 2.44045 1.04008 4.23794 0
0.602973 1.31359 2.44045 1.04008 4.23794 0
0.602973 1.31359 2.44045 1.04008 4.23794 0
0.602973 1.31359 2.44045 1.04008 4.23794 0
0.602973 1.31359 2.44045 1.04008 4.23794 0
0.602973 1.31359 2.44045 1.04008 4.23794 0
0.602973 1.31359 2.44045 1.04008 4.23794 0
0.602973 1.31359 2.44045 1.04008 4.23794 0
0.602973 1.31359 2.44045 1.04008 4.23794 0
0.602973 1.31359 2.44045 1.04008 4.23794 0
0.602973 1.31359 2.44045 1.04008 4.23794 0
0.602973 1.31359 2.44045 1.04008 4.23794 0
0.594298 1.32267 2.61618 1.0605 4.30868 0
0.593029 1.32405 2.67584 1.06605 4.31383 0
0.593029 1.32405 2.67584 1.06605 4.31383 0
0.593029 1.32405 2.67584 1.06605 4.31383 0
0.593029 1.32405 2.67584 1.06605 4.31383 0
0.593029 1.32405 2.67584 1.06605 4.31383 0
0.593029 1.32405 2.67584 1.06605 4.31383 0
0.593029 1.32405 2.67584 1.06605 4.31383 0
0.593029 1.32405 2.67584 1.06605 4.31383 0
0.593029 1.32405 2.67584 1.06605 4.31383 0
0.593029 1.32405 2.67584 1.06605 4.31383 0
0.593029 1.32405 2.67584 1.06605 4.31383 0
0.593029 1.32405 2.67584 1.06605 4.31383 0
0.593029 1.32405 2.67584 1.06605 4.31383 0
0.593029 1.32405 2.67584 1.06605 4.31383 0
0.593029 1.32405 2.67584 1.06605 4.31383 0
0.593029 1.32405 2.67584 1.06605 4.31383 0
0.593029 1.32405 2.67584 1.06605 4.31383 0
0.593029 1.32405 2.67584 1.06605 4.31383 0
0.593029 1.32405 2.67584 1.06605 4.31383 0
0.593029 1.32405 2.67584 1.06605 4.31383 0
0.590483 1.32933 2.82725 0.790296 4.32163 0
0.590483 1.32933 2.82725 0.790296 4.32163 0
0.590483 1.32933 2.82725 0.790296 4.32163 0
0.590483 1.32933 2.82725 0.790296 4.32163 0
0.590483 1.32933 2.82725 0.790296 4.32163 0
0.590483 1.32933 2.82725 0.790296 4.32163 0
0.590483 1.32933 2.82725 0.790296 4.32163 0
0.590483 1.32933 2.82725 0.790296 4.32163 0
0.590483 1.32933 2.82725 0.790296 4.32163 0
0.590483 1.32933 2.82725 0.790296 4.32163 0
0.590483 1.32933 2.82725 0.790296 4.32163 0
0.590483 1.32933 2.82725 0.790296 4.32163 0
0.590483 1.32933 2.82725 0.790296 4.32163 0
0.590483 1.32933 2.82725 0.790296 4.32163 0
0.588133 1.33666 2.96985 0.789522 4.32647 0
0.588133 1.33666 2.96985 0.789522 4.32647 0
0.588133 1.33666 2.96985 0.789522 4.32647 0
0.588133 1.33666 2.96985 0.789522 4.32647 0
0.588133 1.33666 2.96985 0.789522 4.32647 0
0.588133 1.33666 2.96985 0.789522 4.32647 0
0.588133 1.33666 2.96985 0.789522 4.32647 0
0.588133 1.33666 2.96985 0.789522 4.32647 0
0.588133 1.33666 2.96985 0.789522 4.32647 0
0.588133 1.33666 2.96985 0.789522 4.32647 0
0.588133 1.33666 2.96985 0.789522 4.32647 0
0.588133 1.33666 2.96985 0.789522 4.32647 0
0.588133 1.33666 2.96985 0.789522 4.32647 0
0.588133 1.33666 2.96985 0.789522 4.32647 0
0.588133 1.33666 2.96985 0.789522 4.32647 0
0.588133 1.33666 2.96985 0.789522 4.32647 0
0.588133 1.33666 2.96985 0.789522 4.32647 0
0.588133 1.33666 2.96985 0.789522 4.32647 0
0.588133 1.33666 2.96985 0.789522 4.32647 0
0.588133 1.33666 2.96985 0.789522 4.32647 0
0.585394 1.34623 3.10951 0.788604 4.3357 0
0.585394 1.34623 3.10951 0.788604 4.3357 0
0.585394 1.34623 3.10951 0.788604 4.3357 0
0.585394 1.34623 3.10951 0.788604 4.3357 0
0.585394 1.34623 3.10951 0.788604 4.3357 0
0.585394 1.34623 3.10951 0.788604 4.3357 0
0.585394 1.34623 3.10951 0.788604 4.3357 0
0.585394 1.34623 3.10951 0.788604 4.3357 0
0.585394 1.34623 3.10951 0.788604 4.3357 0
0.585394 1.34623 3.10951 0.788604 4.3357 0
0.585394 1.34623 3.10951 0.788604 4.3357 0
0.585394 1.34623 3.10951 0.788604 4.3357 0
0.585394 1.34623 3.10951 0.788604 4.3357 0
0.585394 1.34623 3.10951 0.788604 4.3357 0
0.585394 1.34623 3.10951 0.788604 4.3357 0
0.585394 1.34623 3.10951 0.788604 4.3357 0
0.585394 1.34623 3.10951 0.788604 4.3357 0
0.585394 1.34623 3.10951 0.788604 4.3357 0
0.585394 1.34623 3.10951 0.788604 4.3357 0
0.585394 1.34623 3.10951 0.788604 4.3357 0
0.582937 1.35648 3.24206 0.787476 4.34151 0
0.582937 1.35648 3.24206 0.787476 4.34151 0
0.582937 1.35648 3.24206 0.787476 4.34151 0
0.582937 1.35648 3.24206 0.787476 4.34151 0
0.582937 1.35648 3.24206 0.787476 4.34151 0
0.582937 1.35648 3.24206 0.787476 4.34151 0
0.582937 1.35648 3.24206 0.787476 4.34151 0
0.582937 1.35648 3.24206 0.787476 4.34151 0
0.582937 1.35648 3.24206 0.787476 4.34151 0
0.582937 1.35648 3.24206 0.787476 4.34151 0
0.582937 1.35648 3.24206 0.787476 4.34151 0
0.582937 1.35648 3.24206 0.787476 4.34151 0
0.582937 1.35648 3.24206 0.787476 4.34151 0
0.582937 1.35648 3.24206 0.787476 4.34151 0
0.582937 1.35648 3.24206 0.787476 4.34151 0
0.582937 1.35648 3.24206 0.787476 4.34151 0
0.582937 1.35648 3.24206 0.787476 4.34151 0
0.582937 1.35648 3.24206 0.787476 4.34151 0
0.582937 1.35648 3.24206 0.787476 4.34151 0
0.582937 1.35648 3.24206 0.787476 4.34151 0
0.582937 1.35648 3.24206 0.787476 4.34151 0
0.582937 1.35648 3.24206 0.787476 4.34151 0
0.580249 1.36788 3.36794 0.786357 4.35054 0
0.580249 1.36788 3.36794 0.786357 4.35054 0
0.580249 1.36788 3.36794 0.786357 4.35054 0
0.580249 1.36788 3.36794 0.786357 4.35054 0
0.580249 1.36788 3.36794 0.786357 4.35054 0
0.580249 1.36788 3.36794 0.786357 4.35054 0
0.580249 1.36788 3.36794 0.786357 4.35054 0
0.580249 1.36788 3.36794 0.786357 4.35054 0
0.580249 1.36788 3.36794 0.786357 4.35054 0
0.580249 1.36788 3.36794 0.786357 4.35054 0
0.580249 1.36788 3.36794 0.786357 4.35054 0
0.580249 1.36788 3.36794 0.786357 4.35054 0
0.580249 1.36788 3.36794 0.786357 4.35054 0
0.580249 1.36788 3.36794 0.786357 4.35054 0
0.580249 1.36788 3.36794 0.786357 4.35054 0
0.580249 1.36788 3.36794 0.786357 4.35054 0
0.580249 1.36788 3.36794 0.786357 4.35054 0
0.580249 1.36788 3.36794 0.786357 4.35054 0
0.580249 1.36788 3.36794 0.786357 4.35054 0
0.580249 1.36788 3.36794 0.786357 4.35054 0
0.580249 1.36788 3.36794 0.786357 4.35054 0
0.580249 1.36788 3.36794 0.786357 4.35054 0
0.577825 1.38067 3.49764 0.785525 4.35245 0
0.577825 1.38067 3.49764 0.785525 4.35245 0
0.577825 1.38067 3.49764 0.785525 4.35245 0
0.577825 1.38067 3.49764 0.785525 4.35245 0
0.577825 1.38067 3.49764 0.785525 4.35245 0
0.577825 1.38067 3.49764 0.785525 4.35245 0
0.577825 1.38067 3.49764 0.785525 4.35245 0
0.577825 1.38067 3.49764 0.785525 4.35245 0
0.577825 1.38067 3.49764 0.785525 4.35245 0
0.577825 1.38067 3.49764 0.785525 4.35245 0
0.577825 1.38067 3.49764 0.785525 4.35245 0
0.577825 1.38067 3.49764 0.785525 4.35245 0
0.577825 1.38067 3.49764 0.785525 4.35245 0
0.577825 1.38067 3.49764 0.785525 4.35245 0
0.577825 1.38067 3.49764 0.785525 4.35245 0
0.577825 1.38067 3.49764 0.785525 4.35245 0
0.577825 1.38067 3.49764 0.785525 4.35245 0
0.577825 1.38067 3.49764 0.785525 4.35245 0
0.577825 1.38067 3.49764 0.785525 4.35245 0
0.577825 1.38067 3.49764 0.785525 4.35245 0
0.575329 1.3957 3.64143 0.783851 4.35971 0
0.575329 1.3957 3.64143 0.783851 4.35971 0
0.575329 1.3957 3.64143 0.783851 4.35971 0
0.575329 1.3957 3.64143 0.783851 4.35971 0
0.575329 1.3957 3.64143 0.783851 4.35971 0
0.575329 1.3957 3.64143 0.783851 4.35971 0
0.575329 1.3957 3.64143 0.783851 4.35971 0
0.575329 1.3957 3.64143 0.783851 4.35971 0
0.575329 1.3957 3.64143 0.783851 4.35971 0
0.575329 1.3957 3.64143 0.783851 4.35971 0
0.575329 1.3957 3.64143 0.783851 4.35971 0
0.575329 1.3957 3.64143 0.783851 4.35971 0
0.575329 1.3957 3.64143 0.783851 4.35971 0
0.575329 1.3957 3.64143 0.783851 4.35971 0
0.575329 1.3957 3.64143 0.783851 4.35971 0
0.575329 1.3957 3.64143 0.783851 4.35971 0
0.575329 1.3957 3.64143 0.783851 4.35971 0
0.575329 1.3957 3.64143 0.783851 4.35971 0
0.572899 1.40985 3.76765 0.782383 4.36521 0
0.572899 1.40985 3.76765 0.782383 4.36521 0
0.572899 1.40985 3.76765 0.782383 4.36521 0
0.572899 1.40985 3.76765 0.782383 4.36521 0
0.572899 1.40985 3.76765 0.782383 4.36521 0
0.572899 1.40985 3.76765 0.782383 4.36521 0
0.572899 1.40985 3.76765 0.782383 4.36521 0
0.572899 1.40985 3.76765 0.782383 4.36521 0
0.572899 1.40985 3.76765 0.782383 4.36521 0
0.572899 1.40985 3.76765 0.782383 4.36521 0
0.572899 1.40985 3.76765 0.782383 4.36521 0
0.572899 1.40985 3.76765 0.782383 4.36521 0
0.572899 1.40985 3.76765 0.782383 4.36521 0
0.572899 1.40985 3.76765 0.782383 4.36521 0
0.572899 1.40985 3.76765 0.782383 4.36521 0
0.572899 1.40985 3.76765 0.782383 4.36521 0
0.572899 1.40985 3.76765 0.782383 4.36521 0
0.572899 1.40985 3.76765 0.782383 4.36521 0
0.572899 1.40985 3.76765 0.782383 4.36521 0
0.572899 1.40985 3.76765 0.782383 4.36521 0
0.572899 1.40985 3.76765 0.782383 4.36521 0
0.572899 1.40985 3.76765 0.782383 4.36521 0
0.572899 1.40985 3.76765 0.782383 4.36521 0
0.57023 1.4231 3.87827 0.781139 4.37092 0
0.57023 1.4231 3.87827 0.781139 4.37092 0
0.57023 1.4231 3.87827 0.781139 4.37092 0
0.57023 1.4231 3.87827 0.781139 4.37092 0
0.57023 1.4231 3.87827 0.781139 4.37092 0
0.57023 1.4231 3.87827 0.781139 4.37092 0
0.57023 1.4231 3.87827 0.781139 4.37092 0
0.57023 1.4231 3.87827 0.781139 4.37092 0
0.57023 1.4231 3.87827 0.781139 4.37092 0
0.57023 1.4231 3.87827 0.781139 4.37092 0
0.57023 1.4231 3.87827 0.781139 4.37092 0
0.57023 1.4231 3.87827 0.781139 4.37092 0
0.57023 1.4231 3.87827 0.781139 4.37092 0
0.57023 1.4231 3.87827 0.781139 4.37092 0
0.57023 1.4231 3.87827 0.781139 4.37092 0
0.57023 1.4231 3.87827 0.781139 4.37092 0
0.57023 1.4231 3.87827 0.781139 4.37092 0
0.568984 1.42772 3.91257 0.780847 4.37728 0
0.567656 1.43167 3.93938 0.780509 4.38666 0
0.567656 1.43167 3.93938 0.780509 4.38666 0
0.567656 1.43167 3.93938 0.780509 4.38666 0
0.567656 1.43167 3.93938 0.780509 4.38666 0
0.567656 1.43167 3.93938 0.780509 4.38666 0
0.567656 1.43167 3.93938 0.780509 4.38666 0
0.567656 1.43167 3.93938 0.780509 4.38666 0
0.567656 1.43167 3.93938 0.780509 4.38666 0
0.567656 1.43167 3.93938 0.780509 4.38666 0
0.567656 1.43167 3.93938 0.780509 4.38666 0
0.567656 1.43167 3.93938 0.780509 4.38666 0
0.567656 1.43167 3.93938 0.780509 4.38666 0
0.567656 1.43167 3.93938 0.780509 4.38666 0
0.567656 1.43167 3.93938 0.780509 4.38666 0
0.567656 1.43167 3.93938 0.780509 4.38666 0
0.567656 1.43167 3.93938 0.780509 4.38666 0
0.567656 1.43167 3.93938 0.780509 4.38666 0
0.567656 1.43167 3.93938 0.780509 4.38666 0
0.567656 1.43167 3.93938 0.780509 4.38666 0
0.566153 1.43895 3.99968 0.779362 4.39192 0
0.564646 1.44538 4.05042 0.778457 4.39758 0
0.564646 1.44538 4.05042 0.778457 4.39758 0
0.564646 1.44538 4.05042 0.778457 4.39758 0
0.564646 1.44538 4.05042 0.778457 4.39758 0
0.564646 1.44538 4.05042 0.778457 4.39758 0
0.564646 1.44538 4.05042 0.778457 4.39758 0
0.564646 1.44538 4.05042 0.778457 4.39758 0
0.564646 1.44538 4.05042 0.778457 4.39758 0
0.564646 1.44538 4.05042 0.778457 4.39758 0
0.564646 1.44538 4.05042 0.778457 4.39758 0
0.564646 1.44538 4.05042 0.778457 4.39758 0
0.564646 1.44538 4.05042 0.778457 4.39758 0
0.564646 1.44538 4.05042 0.778457 4.39758 0
0.564646 1.44538 4.05042 0.778457 4.39758 0
0.564646 1.44538 4.05042 0.778457 4.39758 0
0.564646 1.44538 4.05042 0.778457 4.39758 0
0.564646 1.44538 4.05042 0.778457 4.39758 0
0.564646 1.44538 4.05042 0.778457 4.39758 0
0.564646 1.44538 4.05042 0.778457 4.39758 0
0.564646 1.44538 4.05042 0.778457 4.39758 0
0.564646 1.44538 4.05042 0.778457 4.39758 0
0.564646 1.44538 4.05042 0.778457 4.39758 0
0.56189 1.45997 4.16922 0.777097 4.3884 0
0.56189 1.45997 4.16922 0.777097 4.3884 0
0.56189 1.45997 4.16922 0.777097 4.3884 0
0.56189 1.45997 4.16922 0.777097 4.3884 0
0.56189 1.45997 4.16922 0.777097 4.3884 0
0.56189 1.45997 4.16922 0.777097 4.3884 0
0.56189 1.45997 4.16922 0.777097 4.3884 0
0.56189 1.45997 4.16922 0.777097 4.3884 0
0.56189 1.45997 4.16922 0.777097 4.3884 0
0.56189 1.45997 4.16922 0.777097 4.3884 0
0.56189 1.45997 4.16922 0.777097 4.3884 0
0.56189 1.45997 4.16922 0.777097 4.3884 0
0.56189 1.45997 4.16922 0.777097 4.3884 0
0.56189 1.45997 4.16922 0.777097 4.3884 0
0.56189 1.45997 4.16922 0.777097 4.3884 0
0.56189 1.45997 4.16922 0.777097 4.3884 0
0.56189 1.45997 4.16922 0.777097 4.3884 0
0.56189 1.45997 4.16922 0.777097 4.3884 0
0.56189 1.45997 4.16922 0.777097 4.3884 0
0.56189 1.45997 4.16922 0.777097 4.3884 0
0.56189 1.45997 4.16922 0.777097 4.3884 0
0.56045 1.4682 4.23539 0.775905 4.38941 0
0.559014 1.47172 4.25742 0.775635 4.39608 0
0.559014 1.47172 4.25742 0.775635 4.39608 0
0.559014 1.47172 4.25742 0.775635 4.39608 0
0.559014 1.47172 4.25742 0.775635 4.39608 0
0.559014 1.47172 4.25742 0.775635 4.39608 0
0.559014 1.47172 4.25742 0.775635 4.39608 0
0.559014 1.47172 4.25742 0.775635 4.39608 0
0.559014 1.47172 4.25742 0.775635 4.39608 0
0.559014 1.47172 4.25742 0.775635 4.39608 0
0.559014 1.47172 4.25742 0.775635 4.39608 0
0.559014 1.47172 4.25742 0.775635 4.39608 0
0.559014 1.47172 4.25742 0.775635 4.39608 0
0.559014 1.47172 4.25742 0.775635 4.39608 0
0.559014 1.47172 4.25742 0.775635 4.39608 0
0.556461 1.48272 4.33957 0.774273 4.40069 0
0.556461 1.48272 4.33957 0.774273 4.40069 0
0.556461 1.48272 4.33957 0.774273 4.40069 0
0.556461 1.48272 4.33957 0.774273 4.40069 0
0.556461 1.48272 4.33957 0.774273 4.40069 0
0.556461 1.48272 4.33957 0.774273 4.40069 0
0.556461 1.48272 4.33957 0.774273 4.40069 0
0.556461 1.48272 4.33957 0.774273 4.40069 0
0.556461 1.48272 4.33957 0.774273 4.40069 0
0.556461 1.48272 4.33957 0.774273 4.40069 0
0.556461 1.48272 4.33957 0.774273 4.40069 0
0.556461 1.48272 4.33957 0.774273 4.40069 0
0.556461 1.48272 4.33957 0.774273 4.40069 0
0.556461 1.48272 4.33957 0.774273 4.40069 0
0.556461 1.48272 4.33957 0.774273 4.40069 0
0.556461 1.48272 4.33957 0.774273 4.40069 0
0.556461 1.48272 4.33957 0.774273 4.40069 0
0.555042 1.48893 4.38552 0.773552 4.40295 0
0.553685 1.4932 4.41616 0.77305 4.4058 0
0.553685 1.4932 4.41616 0.77305 4.4058 0
0.553685 1.4932 4.41616 0.77305 4.4058 0
0.553685 1.4932 4.41616 0.77305 4.4058 0
0.553685 1.4932 4.41616 0.77305 4.4058 0
0.553685 1.4932 4.41616 0.77305 4.4058 0
0.553685 1.4932 4.41616 0.77305 4.4058 0
0.553685 1.4932 4.41616 0.77305 4.4058 0
0.553685 1.4932 4.41616 0.77305 4.4058 0
0.553685 1.4932 4.41616 0.77305 4.4058 0
0.553685 1.4932 4.41616 0.77305 4.4058 0
0.553685 1.4932 4.41616 0.77305 4.4058 0
0.553685 1.4932 4.41616 0.77305 4.4058 0
0.553685 1.4932 4.41616 0.77305 4.4058 0
0.553685 1.4932 4.41616 0.77305 4.4058 0
0.553685 1.4932 4.41616 0.77305 4.4058 0
0.553685 1.4932 4.41616 0.77305 4.4058 0
0.553685 1.4932 4.41616 0.77305 4.4058 0
0.553685 1.4932 4.41616 0.77305 4.4058 0
0.553685 1.4932 4.41616 0.77305 4.4058 0
0.552298 1.49989 4.46593 0.772208 4.40743 0
0.551012 1.5249 4.68939 0.764379 4.39798 0
0.551012 1.5249 4.68939 0.764379 4.39798 0
0.551012 1.5249 4.68939 0.764379 4.39798 0
0.551012 1.5249 4.68939 0.764379 4.39798 0
0.551012 1.5249 4.68939 0.764379 4.39798 0
0.551012 1.5249 4.68939 0.764379 4.39798 0
0.551012 1.5249 4.68939 0.764379 4.39798 0
0.551012 1.5249 4.68939 0.764379 4.39798 0
0.551012 1.5249 4.68939 0.764379 4.39798 0
0.551012 1.5249 4.68939 0.764379 4.39798 0
0.551012 1.5249 4.68939 0.764379 4.39798 0
0.551012 1.5249 4.68939 0.764379 4.39798 0
0.551012 1.5249 4.68939 0.764379 4.39798 0
0.551012 1.5249 4.68939 0.764379 4.39798 0
0.551012 1.5249 4.68939 0.764379 4.39798 0
0.549722 1.52728 4.70244 0.76452 4.40075 0
0.548284 1.52947 4.71211 0.764811 4.4053 0
0.548284 1.52947 4.71211 0.764811 4.4053 0
0.548284 1.52947 4.71211 0.764811 4.4053 0
0.548284 1.52947 4.71211 0.764811 4.4053 0
0.548284 1.52947 4.71211 0.764811 4.4053 0
0.548284 1.52947 4.71211 0.764811 4.4053 0
0.548284 1.52947 4.71211 0.764811 4.4053 0
0.548284 1.52947 4.71211 0.764811 4.4053 0
0.548284 1.52947 4.71211 0.764811 4.4053 0
0.548284 1.52947 4.71211 0.764811 4.4053 0
0.548284 1.52947 4.71211 0.764811 4.4053 0
0.548284 1.52947 4.71211 0.764811 4.4053 0
0.548284 1.52947 4.71211 0.764811 4.4053 0
0.548284 1.52947 4.71211 0.764811 4.4053 0
0.548284 1.52947 4.71211 0.764811 4.4053 0
0.548284 1.52947 4.71211 0.764811 4.4053 0
0.545705 1.53917 4.78446 0.762915 4.40997 0
0.545705 1.53917 4.78446 0.762915 4.40997 0
0.545705 1.53917 4.78446 0.762915 4.40997 0
0.545705 1.53917 4.78446 0.762915 4.40997 0
0.545705 1.53917 4.78446 0.762915 4.40997 0
0.545705 1.53917 4.78446 0.762915 4.40997 0
0.545705 1.53917 4.78446 0.762915 4.40997 0
0.545705 1.53917 4.78446 0.762915 4.40997 0
0.545705 1.53917 4.78446 0.762915 4.40997 0
0.545705 1.53917 4.78446 0.762915 4.40997 0
0.545705 1.53917 4.78446 0.762915 4.40997 0
0.545705 1.53917 4.78446 0.762915 4.40997 0
0.545705 1.53917 4.78446 0.762915 4.40997 0
0.545705 1.53917 4.78446 0.762915 4.40997 0
0.545705 1.53917 4.78446 0.762915 4.40997 0
0.545705 1.53917 4.78446 0.762915 4.40997 0
0.545705 1.53917 4.78446 0.762915 4.40997 0
0.545705 1.53917 4.78446 0.762915 4.40997 0
0.542779 1.5493 4.85809 0.760665 4.42061 0
0.542779 1.5493 4.85809 0.760665 4.42061 0
0.542779 1.5493 4.85809 0.760665 4.42061 0
0.542779 1.5493 4.85809 0.760665 4.42061 0
0.542779 1.5493 4.85809 0.760665 4.42061 0
0.542779 1.5493 4.85809 0.760665 4.42061 0
0.542779 1.5493 4.85809 0.760665 4.42061 0
0.542779 1.5493 4.85809 0.760665 4.42061 0
0.542779 1.5493 4.85809 0.760665 4.42061 0
0.542779 1.5493 4.85809 0.760665 4.42061 0
0.542779 1.5493 4.85809 0.760665 4.42061 0
0.542779 1.5493 4.85809 0.760665 4.42061 0
0.542779 1.5493 4.85809 0.760665 4.42061 0
0.542779 1.5493 4.85809 0.760665 4.42061 0
0.542779 1.5493 4.85809 0.760665 4.42061 0
0.542779 1.5493 4.85809 0.760665 4.42061 0
0.542779 1.5493 4.85809 0.760665 4.42061 0
0.542779 1.5493 4.85809 0.760665 4.42061 0
0.539876 1.55748 4.91647 0.759346 4.4251 0
0.539876 1.55748 4.91647 0.759346 4.4251 0
0.539876 1.55748 4.91647 0.759346 4.4251 0
0.539876 1.55748 4.91647 0.759346 4.4251 0
0.539876 1.55748 4.91647 0.759346 4.4251 0
0.539876 1.55748 4.91647 0.759346 4.4251 0
0.539876 1.55748 4.91647 0.759346 4.4251 0
0.539876 1.55748 4.91647 0.759346 4.4251 0
0.539876 1.55748 4.91647 0.759346 4.4251 0
0.539876 1.55748 4.91647 0.759346 4.4251 0
0.539876 1.55748 4.91647 0.759346 4.4251 0
0.539876 1.55748 4.91647 0.759346 4.4251 0
0.539876 1.55748 4.91647 0.759346 4.4251 0
0.539876 1.55748 4.91647 0.759346 4.4251 0
0.539876 1.55748 4.91647 0.759346 4.4251 0
0.539876 1.55748 4.91647 0.759346 4.4251 0
0.539876 1.55748 4.91647 0.759346 4.4251 0
0.539876 1.55748 4.91647 0.759346 4.4251 0
0.539876 1.55748 4.91647 0.759346 4.4251 0
0.537268 1.56667 4.98457 0.757884 4.4237 0
0.537268 1.56667 4.98457 0.757884 4.4237 0
0.537268 1.56667 4.98457 0.757884 4.4237 0
0.537268 1.56667 4.98457 0.757884 4.4237 0
0.537268 1.56667 4.98457 0.757884 4.4237 0
0.537268 1.56667 4.98457 0.757884 4.4237 0
0.537268 1.56667 4.98457 0.757884 4.4237 0
0.537268 1.56667 4.98457 0.757884 4.4237 0
0.537268 1.56667 4.98457 0.757884 4.4237 0
0.537268 1.56667 4.98457 0.757884 4.4237 0
0.537268 1.56667 4.98457 0.757884 4.4237 0
0.537268 1.56667 4.98457 0.757884 4.4237 0
0.537268 1.56667 4.98457 0.757884 4.4237 0
0.537268 1.56667 4.98457 0.757884 4.4237 0
0.537268 1.56667 4.98457 0.757884 4.4237 0
0.537268 1.56667 4.98457 0.757884 4.4237 0
0.537268 1.56667 4.98457 0.757884 4.4237 0
0.537268 1.56667 4.98457 0.757884 4.4237 0
0.537268 1.56667 4.98457 0.757884 4.4237 0
0.537268 1.56667 4.98457 0.757884 4.4237 0
0.537268 1.56667 4.98457 0.757884 4.4237 0
0.537268 1.56667 4.98457 0.757884 4.4237 0
0.537268 1.56667 4.98457 0.757884 4.4237 0
0.535871 -1.56908 1.88778 0.756546 4.42532 0
0.534544 -1.56504 1.91891 0.755333 4.4286 0
0.534544 -1.56504 1.91891 0.755333 4.4286 0
0.534544 -1.56504 1.91891 0.755333 4.4286 0
0.534544 -1.56504 1.91891 0.755333 4.4286 0
0.534544 -1.56504 1.91891 0.755333 4.4286 0
0.534544 -1.56504 1.91891 0.755333 4.4286 0
0.534544 -1.56504 1.91891 0.755333 4.4286 0
0.534544 -1.56504 1.91891 0.755333 4.4286 0
0.534544 -1.56504 1.91891 0.755333 4.4286 0
0.534544 -1.56504 1.91891 0.755333 4.4286 0
0.534544 -1.56504 1.91891 0.755333 4.4286 0
0.534544 -1.56504 1.91891 0.755333 4.4286 0
0.534544 -1.56504 1.91891 0.755333 4.4286 0
0.534544 -1.56504 1.91891 0.755333 4.4286 0
0.534544 -1.56504 1.91891 0.755333 4.4286 0
0.534544 -1.56504 1.91891 0.755333 4.4286 0
0.534544 -1.56504 1.91891 0.755333 4.4286 0
0.534544 -1.56504 1.91891 0.755333 4.4286 0
0.534544 -1.56504 1.91891 0.755333 4.4286 0
0.534544 -1.56504 1.91891 0.755333 4.4286 0
0.534544 -1.56504 1.91891 0.755333 4.4286 0
0.531684 -1.55783 1.97512 0.75358 4.42927 0
0.531684 -1.55783 1.97512 0.75358 4.42927 0
0.531684 -1.55783 1.97512 0.75358 4.42927 0
0.531684 -1.55783 1.97512 0.75358 4.42927 0
0.531684 -1.55783 1.97512 0.75358 4.42927 0
0.531684 -1.55783 1.97512 0.75358 4.42927 0
0.531684 -1.55783 1.97512 0.75358 4.42927 0
0.531684 -1.55783 1.97512 0.75358 4.42927 0
0.531684 -1.55783 1.97512 0.75358 4.42927 0
0.531684 -1.55783 1.97512 0.75358 4.42927 0
0.531684 -1.55783 1.97512 0.75358 4.42927 0
0.531684 -1.55783 1.97512 0.75358 4.42927 0
0.531684 -1.55783 1.97512 0.75358 4.42927 0
0.531684 -1.55783 1.97512 0.75358 4.42927 0
0.531684 -1.55783 1.97512 0.75358 4.42927 0
0.531684 -1.55783 1.97512 0.75358 4.42927 0
0.531684 -1.55783 1.97512 0.75358 4.42927 0
0.531684 -1.55783 1.97512 0.75358 4.42927 0
0.531684 -1.55783 1.97512 0.75358 4.42927 0
0.531684 -1.55783 1.97512 0.75358 4.42927 0
0.528584 -1.55129 2.02612 0.752533 4.42394 0
0.528584 -1.55129 2.02612 0.752533 4.42394 0
0.528584 -1.55129 2.02612 0.752533 4.42394 0
0.528584 -1.55129 2.02612 0.752533 4.42394 0
0.528584 -1.55129 2.02612 0.752533 4.42394 0
0.528584 -1.55129 2.02612 0.752533 4.42394 0
0.528584 -1.55129 2.02612 0.752533 4.42394 0
0.528584 -1.55129 2.02612 0.752533 4.42394 0
0.528584 -1.55129 2.02612 0.752533 4.42394 0
0.528584 -1.55129 2.02612 0.752533 4.42394 0
0.528584 -1.55129 2.02612 0.752533 4.42394 0
0.528584 -1.55129 2.02612 0.752533 4.42394 0
0.528584 -1.55129 2.02612 0.752533 4.42394 0
0.528584 -1.55129 2.02612 0.752533 4.42394 0
0.528584 -1.55129 2.02612 0.752533 4.42394 0
0.528584 -1.55129 2.02612 0.752533 4.42394 0
0.528584 -1.55129 2.02612 0.752533 4.42394 0
0.528584 -1.55129 2.02612 0.752533 4.42394 0
0.528584 -1.55129 2.02612 0.752533 4.42394 0
0.525753 -1.54611 2.06544 0.751566 4.42253 0
0.525753 -1.54611 2.06544 0.751566 4.42253 0
0.525753 -1.54611 2.06544 0.751566 4.42253 0
0.525753 -1.54611 2.06544 0.751566 4.42253 0
0.525753 -1.54611 2.06544 0.751566 4.42253 0
0.525753 -1.54611 2.06544 0.751566 4.42253 0
0.525753 -1.54611 2.06544 0.751566 4.42253 0
0.525753 -1.54611 2.06544 0.751566 4.42253 0
0.525753 -1.54611 2.06544 0.751566 4.42253 0
0.525753 -1.54611 2.06544 0.751566 4.42253 0
0.525753 -1.54611 2.06544 0.751566 4.42253 0
0.525753 -1.54611 2.06544 0.751566 4.42253 0
0.525753 -1.54611 2.06544 0.751566 4.42253 0
0.525753 -1.54611 2.06544 0.751566 4.42253 0
0.525753 -1.54611 2.06544 0.751566 4.42253 0
0.525753 -1.54611 2.06544 0.751566 4.42253 0
0.525753 -1.54611 2.06544 0.751566 4.42253 0
0.525753 -1.54611 2.06544 0.751566 4.42253 0
0.525753 -1.54611 2.06544 0.751566 4.42253 0
0.525753 -1.54611 2.06544 0.751566 4.42253 0
0.522217 -1.54365 2.08251 0.750573 4.43233 0
0.522217 -1.54365 2.08251 0.750573 4.43233 0
0.522217 -1.54365 2.08251 0.750573 4.43233 0
0.522217 -1.54365 2.08251 0.750573 4.43233 0
0.522217 -1.54365 2.08251 0.750573 4.43233 0
0.522217 -1.54365 2.08251 0.750573 4.43233 0
0.522217 -1.54365 2.08251 0.750573 4.43233 0
0.522217 -1.54365 2.08251 0.750573 4.43233 0
0.522217 -1.54365 2.08251 0.750573 4.43233 0
0.522217 -1.54365 2.08251 0.750573 4.43233 0
0.522217 -1.54365 2.08251 0.750573 4.43233 0
0.522217 -1.54365 2.08251 0.750573 4.43233 0
0.522217 -1.54365 2.08251 0.750573 4.43233 0
0.522217 -1.54365 2.08251 0.750573 4.43233 0
0.522217 -1.54365 2.08251 0.750573 4.43233 0
0.522217 -1.54365 2.08251 0.750573 4.43233 0
0.522217 -1.54365 2.08251 0.750573 4.43233 0
0.518908 -1.5423 2.0903 0.75048 4.43405 0
0.518908 -1.5423 2.0903 0.75048 4.43405 0
0.518908 -1.5423 2.0903 0.75048 4.43405 0
0.518908 -1.5423 2.0903 0.75048 4.43405 0
0.518908 -1.5423 2.0903 0.75048 4.43405 0
0.518908 -1.5423 2.0903 0.75048 4.43405 0
0.518908 -1.5423 2.0903 0.75048 4.43405 0
0.518908 -1.5423 2.0903 0.75048 4.43405 0
0.518908 -1.5423 2.0903 0.75048 4.43405 0
0.518908 -1.5423 2.0903 0.75048 4.43405 0
0.518908 -1.5423 2.0903 0.75048 4.43405 0
0.518908 -1.5423 2.0903 0.75048 4.43405 0
0.518908 -1.5423 2.0903 0.75048 4.43405 0
0.518908 -1.5423 2.0903 0.75048 4.43405 0
0.518908 -1.5423 2.0903 0.75048 4.43405 0
0.518908 -1.5423 2.0903 0.75048 4.43405 0
0.518908 -1.5423 2.0903 0.75048 4.43405 0
0.518908 -1.5423 2.0903 0.75048 4.43405 0
0.518908 -1.5423 2.0903 0.75048 4.43405 0
0.518908 -1.5423 2.0903 0.75048 4.43405 0
0.518908 -1.5423 2.0903 0.75048 4.43405 0
0.518908 -1.5423 2.0903 0.75048 4.43405 0
0.517378 -1.54202 2.0937 0.750697 4.42962 0
0.516064 -1.54265 2.08965 0.750905 4.42688 0
0.516064 -1.54265 2.08965 0.750905 4.42688 0
0.516064 -1.54265 2.08965 0.750905 4.42688 0
0.516064 -1.54265 2.08965 0.750905 4.42688 0
0.516064 -1.54265 2.08965 0.750905 4.42688 0
0.516064 -1.54265 2.08965 0.750905 4.42688 0
0.516064 -1.54265 2.08965 0.750905 4.42688 0
0.516064 -1.54265 2.08965 0.750905 4.42688 0
0.516064 -1.54265 2.08965 0.750905 4.42688 0
0.516064 -1.54265 2.08965 0.750905 4.42688 0
0.516064 -1.54265 2.08965 0.750905 4.42688 0
0.516064 -1.54265 2.08965 0.750905 4.42688 0
0.516064 -1.54265 2.08965 0.750905 4.42688 0
0.516064 -1.54265 2.08965 0.750905 4.42688 0
0.516064 -1.54265 2.08965 0.750905 4.42688 0
0.516064 -1.54265 2.08965 0.750905 4.42688 0
0.516064 -1.54265 2.08965 0.750905 4.42688 0
0.516064 -1.54265 2.08965 0.750905 4.42688 0
0.516064 -1.54265 2.08965 0.750905 4.42688 0
0.516064 -1.54265 2.08965 0.750905 4.42688 0
0.516064 -1.54265 2.08965 0.750905 4.42688 0
0.516063 -1.54153 2.10136 0.751926 4.40301 0
0.516063 -1.54153 2.10136 0.751926 4.40301 0
0.516063 -1.54153 2.10136 0.751926 4.40301 0
0.516063 -1.54153 2.10136 0.751926 4.40301 0
0.516063 -1.54153 2.10136 0.751926 4.40301 0
0.516063 -1.54153 2.10136 0.751926 4.40301 0
0.516063 -1.54153 2.10136 0.751926 4.40301 0
0.516063 -1.54153 2.10136 0.751926 4.40301 0
0.516063 -1.54153 2.10136 0.751926 4.40301 0
0.516063 -1.54153 2.10136 0.751926 4.40301 0
0.516063 -1.54153 2.10136 0.751926 4.40301 0
0.516063 -1.54153 2.10136 0.751926 4.40301 0
0.516063 -1.54153 2.10136 0.751926 4.40301 0
0.516063 -1.54153 2.10136 0.751926 4.40301 0
0.516063 -1.54153 2.10136 0.751926 4.40301 0
0.516063 -1.54153 2.10136 0.751926 4.40301 0
0.516063 -1.54153 2.10136 0.751926 4.40301 0
0.516063 -1.54153 2.10136 0.751926 4.40301 0
0.516063 -1.54153 2.10136 0.751926 4.40301 0
0.516063 -1.54153 2.10136 0.751926 4.40301 0
0.516063 -1.54153 2.10136 0.751926 4.40301 0
0.51305 -1.54189 2.09488 0.752279 4.40638 0
0.51305 -1.54189 2.09488 0.752279 4.40638 0
0.51305 -1.54189 2.09488 0.752279 4.40638 0
0.51305 -1.54189 2.09488 0.752279 4.40638 0
0.51305 -1.54189 2.09488 0.752279 4.40638 0
0.51305 -1.54189 2.09488 0.752279 4.40638 0
0.51305 -1.54189 2.09488 0.752279 4.40638 0
0.51305 -1.54189 2.09488 0.752279 4.40638 0
0.51305 -1.54189 2.09488 0.752279 4.40638 0
0.51305 -1.54189 2.09488 0.752279 4.40638 0
0.51305 -1.54189 2.09488 0.752279 4.40638 0
0.51305 -1.54189 2.09488 0.752279 4.40638 0
0.51305 -1.54189 2.09488 0.752279 4.40638 0
0.51305 -1.54189 2.09488 0.752279 4.40638 0
0.51305 -1.54189 2.09488 0.752279 4.40638 0
0.51305 -1.54189 2.09488 0.752279 4.40638 0
0.51305 -1.54189 2.09488 0.752279 4.40638 0
0.51305 -1.54189 2.09488 0.752279 4.40638 0
0.51305 -1.54189 2.09488 0.752279 4.40638 0
0.51305 -1.54189 2.09488 0.752279 4.40638 0
0.51305 -1.54189 2.09488 0.752279 4.40638 0
0.507521 -1.54721 2.05028 0.752278 4.43066 0
0.507521 -1.54721 2.05028 0.752278 4.43066 0
0.507521 -1.54721 2.05028 0.752278 4.43066 0
0.507521 -1.54721 2.05028 0.752278 4.43066 0
0.507521 -1.54721 2.05028 0.752278 4.43066 0
0.507521 -1.54721 2.05028 0.752278 4.43066 0
0.507521 -1.54721 2.05028 0.752278 4.43066 0
0.507521 -1.54721 2.05028 0.752278 4.43066 0
0.507521 -1.54721 2.05028 0.752278 4.43066 0
0.507521 -1.54721 2.05028 0.752278 4.43066 0
0.507521 -1.54721 2.05028 0.752278 4.43066 0
0.507521 -1.54721 2.05028 0.752278 4.43066 0
0.507521 -1.54721 2.05028 0.752278 4.43066 0
0.507521 -1.54721 2.05028 0.752278 4.43066 0
0.507521 -1.54721 2.05028 0.752278 4.43066 0
0.507521 -1.54721 2.05028 0.752278 4.43066 0
0.507521 -1.54721 2.05028 0.752278 4.43066 0
0.507521 -1.54721 2.05028 0.752278 4.43066 0
0.507521 -1.54721 2.05028 0.752278 4.43066 0
0.507521 -1.54721 2.05028 0.752278 4.43066 0
0.507521 -1.54838 2.03821 0.754315 4.4107 0
0.507521 -1.54838 2.03821 0.754315 4.4107 0
0.507521 -1.54838 2.03821 0.754315 4.4107 0
0.507521 -1.54838 2.03821 0.754315 4.4107 0
0.507521 -1.54838 2.03821 0.754315 4.4107 0
0.507521 -1.54838 2.03821 0.754315 4.4107 0
0.507521 -1.54838 2.03821 0.754315 4.4107 0
0.507521 -1.54838 2.03821 0.754315 4.4107 0
0.507521 -1.54838 2.03821 0.754315 4.4107 0
0.507521 -1.54838 2.03821 0.754315 4.4107 0
0.507521 -1.54838 2.03821 0.754315 4.4107 0
0.507521 -1.54838 2.03821 0.754315 4.4107 0
0.507521 -1.54838 2.03821 0.754315 4.4107 0
0.507521 -1.54838 2.03821 0.754315 4.4107 0
0.507521 -1.54838 2.03821 0.754315 4.4107 0
0.507521 -1.54838 2.03821 0.754315 4.4107 0
0.50502 -1.55093 2.02149 0.753742 4.41774 0
0.50502 -1.55093 2.02149 0.753742 4.41774 0
0.50502 -1.55093 2.02149 0.753742 4.41774 0
0.50502 -1.55093 2.02149 0.753742 4.41774 0
0.50502 -1.55093 2.02149 0.753742 4.41774 0
0.50502 -1.55093 2.02149 0.753742 4.41774 0
0.50502 -1.55093 2.02149 0.753742 4.41774 0
0.50502 -1.55093 2.02149 0.753742 4.41774 0
0.50502 -1.55093 2.02149 0.753742 4.41774 0
0.50502 -1.55093 2.02149 0.753742 4.41774 0
0.50502 -1.55093 2.02149 0.753742 4.41774 0
0.50502 -1.55093 2.02149 0.753742 4.41774 0
0.50502 -1.55093 2.02149 0.753742 4.41774 0
0.50502 -1.55093 2.02149 0.753742 4.41774 0
0.50502 -1.55093 2.02149 0.753742 4.41774 0
0.50502 -1.55093 2.02149 0.753742 4.41774 0
0.50502 -1.55093 2.02149 0.753742 4.41774 0
0.501173 -1.55603 1.98666 0.753002 4.4368 0
0.500026 -1.55837 1.9684 0.753603 4.43534 0
0.500026 -1.55837 1.9684 0.753603 4.43534 0
0.500026 -1.55837 1.9684 0.753603 4.43534 0
0.500026 -1.55837 1.9684 0.753603 4.43534 0
0.500026 -1.55837 1.9684 0.753603 4.43534 0
0.500026 -1.55837 1.9684 0.753603 4.43534 0
0.500026 -1.55837 1.9684 0.753603 4.43534 0
0.500026 -1.55837 1.9684 0.753603 4.43534 0
0.500026 -1.55837 1.9684 0.753603 4.43534 0
0.500026 -1.55837 1.9684 0.753603 4.43534 0
0.500026 -1.55837 1.9684 0.753603 4.43534 0
0.500026 -1.55837 1.9684 0.753603 4.43534 0
0.500026 -1.55837 1.9684 0.753603 4.43534 0
0.500026 -1.55837 1.9684 0.753603 4.43534 0
0.500026 -1.55837 1.9684 0.753603 4.43534 0
0.500026 -1.55837 1.9684 0.753603 4.43534 0
0.500026 -1.55837 1.9684 0.753603 4.43534 0
0.500026 -1.55837 1.9684 0.753603 4.43534 0
0.500026 -1.55837 1.9684 0.753603 4.43534 0
0.498555 -1.56546 1.91182 0.756614 4.42161 0
0.498555 -1.56546 1.91182 0.756614 4.42161 0
0.498555 -1.56546 1.91182 0.756614 4.42161 0
0.498555 -1.56546 1.91182 0.756614 4.42161 0
0.498555 -1.56546 1.91182 0.756614 4.42161 0
0.498555 -1.56546 1.91182 0.756614 4.42161 0
0.498555 -1.56546 1.91182 0.756614 4.42161 0
0.498555 -1.56546 1.91182 0.756614 4.42161 0
0.498555 -1.56546 1.91182 0.756614 4.42161 0
0.498555 -1.56546 1.91182 0.756614 4.42161 0
0.498555 -1.56546 1.91182 0.756614 4.42161 0
0.498555 -1.56546 1.91182 0.756614 4.42161 0
0.498555 -1.56546 1.91182 0.756614 4.42161 0
0.498555 -1.56546 1.91182 0.756614 4.42161 0
0.498555 -1.56546 1.91182 0.756614 4.42161 0
0.498555 -1.56546 1.91182 0.756614 4.42161 0
0.498555 -1.56546 1.91182 0.756614 4.42161 0
0.498555 -1.56546 1.91182 0.756614 4.42161 0
0.498555 -1.56546 1.91182 0.756614 4.42161 0
0.498555 -1.56546 1.91182 0.756614 4.42161 0
0.49739 1.56993 5.00643 0.757874 4.42064 0
0.49739 1.56993 5.00643 0.757874 4.42064 0
0.49739 1.56993 5.00643 0.757874 4.42064 0
0.49739 1.56993 5.00643 0.757874 4.42064 0
0.49739 1.56993 5.00643 0.757874 4.42064 0
0.49739 1.56993 5.00643 0.757874 4.42064 0
0.49739 1.56993 5.00643 0.757874 4.42064 0
0.49739 1.56993 5.00643 0.757874 4.42064 0
0.49739 1.56993 5.00643 0.757874 4.42064 0
0.49739 1.56993 5.00643 0.757874 4.42064 0
0.49739 1.56993 5.00643 0.757874 4.42064 0
0.49739 1.56993 5.00643 0.757874 4.42064 0
0.49739 1.56993 5.00643 0.757874 4.42064 0
0.49739 1.56993 5.00643 0.757874 4.42064 0
0.49739 1.56993 5.00643 0.757874 4.42064 0
0.49739 1.56993 5.00643 0.757874 4.42064 0
0.49739 1.56993 5.00643 0.757874 4.42064 0
0.49739 1.56993 5.00643 0.757874 4.42064 0
0.49739 1.56993 5.00643 0.757874 4.42064 0
0.49739 1.56993 5.00643 0.757874 4.42064 0
0.49739 1.56993 5.00643 0.757874 4.42064 0
0.49739 1.56993 5.00643 0.757874 4.42064 0
0.496356 1.56332 4.9547 0.759647 4.41701 0
0.496356 1.56332 4.9547 0.759647 4.41701 0
0.496356 1.56332 4.9547 0.759647 4.41701 0