0.156914 1.13748 3.55294 0.261745 3.66575 0
0.156914 1.13748 3.55294 0.261745 3.66575 0
0.156914 1.13748 3.55294 0.261745 3.66575 0
0.156914 1.13748 3.55294 0.261745 3.66575 0
0.156914 1.13748 3.55294 0.261745 3.66575 0
0.156914 1.13748 3.55294 0.261745 3.66575 0
0.156914 1.13748 3.55294 0.261745 3.66575 0
0.159232 1.13744 3.55552 0.264109 3.65489 0
0.159232 1.13744 3.55552 0.264109 3.65489 0
0.159232 1.13744 3.55552 0.264109 3.65489 0
0.159232 1.13744 3.55552 0.264109 3.65489 0
0.159232 1.13744 3.55552 0.264109 3.65489 0
0.159232 1.13744 3.55552 0.264109 3.65489 0
0.159232 1.13744 3.55552 0.264109 3.65489 0
0.159232 1.13744 3.55552 0.264109 3.65489 0
0.159232 1.13744 3.55552 0.264109 3.65489 0
0.159232 1.13744 3.55552 0.264109 3.65489 0
0.159232 1.13744 3.55552 0.264109 3.65489 0
0.159232 1.13744 3.55552 0.264109 3.65489 0
0.159232 1.13744 3.55552 0.264109 3.65489 0
0.159232 1.13744 3.55552 0.264109 3.65489 0
0.161173 1.13692 3.55096 0.266073 3.65182 0
0.161173 1.13692 3.55096 0.266073 3.65182 0
0.161173 1.13692 3.55096 0.266073 3.65182 0
0.161173 1.13692 3.55096 0.266073 3.65182 0
0.161173 1.13692 3.55096 0.266073 3.65182 0
0.161173 1.13692 3.55096 0.266073 3.65182 0
0.161173 1.13692 3.55096 0.266073 3.65182 0
0.161173 1.13692 3.55096 0.266073 3.65182 0
0.161173 1.13692 3.55096 0.266073 3.65182 0
0.161173 1.13692 3.55096 0.266073 3.65182 0
0.161173 1.13692 3.55096 0.266073 3.65182 0
0.161173 1.13692 3.55096 0.266073 3.65182 0
0.161173 1.13692 3.55096 0.266073 3.65182 0
0.161173 1.13692 3.55096 0.266073 3.65182 0
0.161173 1.13692 3.55096 0.266073 3.65182 0
0.161173 1.13692 3.55096 0.266073 3.65182 0
0.161173 1.13692 3.55096 0.266073 3.65182 0
0.161173 1.13692 3.55096 0.266073 3.65182 0
0.161984 1.13627 3.54395 0.266851 3.65508 0
0.163167 1.13611 3.54397 0.267562 3.65244 0
0.163167 1.13611 3.54397 0.267562 3.65244 0
0.163167 1.13611 3.54397 0.267562 3.65244 0
0.163167 1.13611 3.54397 0.267562 3.65244 0
0.163167 1.13611 3.54397 0.267562 3.65244 0
0.163167 1.13611 3.54397 0.267562 3.65244 0
0.163167 1.13611 3.54397 0.267562 3.65244 0
0.163167 1.13611 3.54397 0.267562 3.65244 0
0.163167 1.13611 3.54397 0.267562 3.65244 0
0.163167 1.13611 3.54397 0.267562 3.65244 0
0.163167 1.13611 3.54397 0.267562 3.65244 0
0.163167 1.13611 3.54397 0.267562 3.65244 0
0.163167 1.13611 3.54397 0.267562 3.65244 0
0.163167 1.13611 3.54397 0.267562 3.65244 0
0.163167 1.13611 3.54397 0.267562 3.65244 0
0.163167 1.13611 3.54397 0.267562 3.65244 0
0.164509 1.1358 3.5399 0.268973 3.65111 0
0.164509 1.1358 3.5399 0.268973 3.65111 0
0.164509 1.1358 3.5399 0.268973 3.65111 0
0.164509 1.1358 3.5399 0.268973 3.65111 0
0.164509 1.1358 3.5399 0.268973 3.65111 0
0.164509 1.1358 3.5399 0.268973 3.65111 0
0.164509 1.1358 3.5399 0.268973 3.65111 0
0.164509 1.1358 3.5399 0.268973 3.65111 0
0.164509 1.1358 3.5399 0.268973 3.65111 0
0.164509 1.1358 3.5399 0.268973 3.65111 0
0.164509 1.1358 3.5399 0.268973 3.65111 0
0.164509 1.1358 3.5399 0.268973 3.65111 0
0.164509 1.1358 3.5399 0.268973 3.65111 0
0.164509 1.1358 3.5399 0.268973 3.65111 0
0.164509 1.1358 3.5399 0.268973 3.65111 0
0.164509 1.1358 3.5399 0.268973 3.65111 0
0.166978 1.13645 3.54582 0.270893 3.63968 0
0.166978 1.13645 3.54582 0.270893 3.63968 0
0.166978 1.13645 3.54582 0.270893 3.63968 0
0.166978 1.13645 3.54582 0.270893 3.63968 0
0.166978 1.13645 3.54582 0.270893 3.63968 0
0.166978 1.13645 3.54582 0.270893 3.63968 0
0.166978 1.13645 3.54582 0.270893 3.63968 0
0.166978 1.13645 3.54582 0.270893 3.63968 0
0.166978 1.13645 3.54582 0.270893 3.63968 0
0.166978 1.13645 3.54582 0.270893 3.63968 0
0.166978 1.13645 3.54582 0.270893 3.63968 0
0.169401 1.1366 3.54901 0.272293 3.63223 0
0.169401 1.1366 3.54901 0.272293 3.63223 0
0.169401 1.1366 3.54901 0.272293 3.63223 0
0.169401 1.1366 3.54901 0.272293 3.63223 0
0.169401 1.1366 3.54901 0.272293 3.63223 0
0.169401 1.1366 3.54901 0.272293 3.63223 0
0.169401 1.1366 3.54901 0.272293 3.63223 0
0.169401 1.1366 3.54901 0.272293 3.63223 0
0.169401 1.1366 3.54901 0.272293 3.63223 0
0.169401 1.1366 3.54901 0.272293 3.63223 0
0.169401 1.1366 3.54901 0.272293 3.63223 0
0.169401 1.1366 3.54901 0.272293 3.63223 0
0.169401 1.1366 3.54901 0.272293 3.63223 0
0.169401 1.1366 3.54901 0.272293 3.63223 0
0.170477 1.13618 3.54354 0.272872 3.6349 0
0.172052 1.13614 3.54406 0.273621 3.63192 0
0.172052 1.13614 3.54406 0.273621 3.63192 0
0.172052 1.13614 3.54406 0.273621 3.63192 0
0.172052 1.13614 3.54406 0.273621 3.63192 0
0.172052 1.13614 3.54406 0.273621 3.63192 0
0.172052 1.13614 3.54406 0.273621 3.63192 0
0.172052 1.13614 3.54406 0.273621 3.63192 0
0.172052 1.13614 3.54406 0.273621 3.63192 0
0.172052 1.13614 3.54406 0.273621 3.63192 0
0.172052 1.13614 3.54406 0.273621 3.63192 0
0.172052 1.13614 3.54406 0.273621 3.63192 0
0.172052 1.13614 3.54406 0.273621 3.63192 0
0.172052 1.13614 3.54406 0.273621 3.63192 0
0.172052 1.13614 3.54406 0.273621 3.63192 0
0.176254 1.13676 3.55042 0.27623 3.61827 0
0.176254 1.13676 3.55042 0.27623 3.61827 0
0.176254 1.13676 3.55042 0.27623 3.61827 0
0.176254 1.13676 3.55042 0.27623 3.61827 0
0.176254 1.13676 3.55042 0.27623 3.61827 0
0.176254 1.13676 3.55042 0.27623 3.61827 0
0.176254 1.13676 3.55042 0.27623 3.61827 0
0.176254 1.13676 3.55042 0.27623 3.61827 0
0.176254 1.13676 3.55042 0.27623 3.61827 0
0.176254 1.13676 3.55042 0.27623 3.61827 0
0.176254 1.13676 3.55042 0.27623 3.61827 0
0.176254 1.13676 3.55042 0.27623 3.61827 0
0.176254 1.13676 3.55042 0.27623 3.61827 0
0.176254 1.13676 3.55042 0.27623 3.61827 0
0.176254 1.13676 3.55042 0.27623 3.61827 0
0.176254 1.13676 3.55042 0.27623 3.61827 0
0.176254 1.13676 3.55042 0.27623 3.61827 0
0.176254 1.13676 3.55042 0.27623 3.61827 0
0.176254 1.13219 3.50693 0.276102 3.65392 0
0.176254 1.13219 3.50693 0.276102 3.65392 0
0.176254 1.13219 3.50693 0.276102 3.65392 0
0.176254 1.13219 3.50693 0.276102 3.65392 0
0.176254 1.13219 3.50693 0.276102 3.65392 0
0.176254 1.13219 3.50693 0.276102 3.65392 0
0.176254 1.13219 3.50693 0.276102 3.65392 0
0.176254 1.13219 3.50693 0.276102 3.65392 0
0.178856 1.13189 3.5047 0.277874 3.64972 0
0.182315 1.13125 3.50107 0.279534 3.64691 0
0.182315 1.13125 3.50107 0.279534 3.64691 0
0.182315 1.13125 3.50107 0.279534 3.64691 0
0.182315 1.13125 3.50107 0.279534 3.64691 0
0.182315 1.13125 3.50107 0.279534 3.64691 0
0.182315 1.13125 3.50107 0.279534 3.64691 0
0.182315 1.13125 3.50107 0.279534 3.64691 0
0.182315 1.13125 3.50107 0.279534 3.64691 0
0.182315 1.13125 3.50107 0.279534 3.64691 0
0.182315 1.13125 3.50107 0.279534 3.64691 0
0.182315 1.13125 3.50107 0.279534 3.64691 0
0.182315 1.13125 3.50107 0.279534 3.64691 0
0.182315 1.13125 3.50107 0.279534 3.64691 0
0.182315 1.13125 3.50107 0.279534 3.64691 0
0.196721 1.13535 3.5414 0.288014 3.58864 0
0.196721 1.13535 3.5414 0.288014 3.58864 0
0.196721 1.13535 3.5414 0.288014 3.58864 0
0.196721 1.13535 3.5414 0.288014 3.58864 0
0.196721 1.13535 3.5414 0.288014 3.58864 0
0.196721 1.13535 3.5414 0.288014 3.58864 0
0.196721 1.13535 3.5414 0.288014 3.58864 0
0.196721 1.13535 3.5414 0.288014 3.58864 0
0.196721 1.13535 3.5414 0.288014 3.58864 0
0.196721 1.13535 3.5414 0.288014 3.58864 0
0.196721 1.13535 3.5414 0.288014 3.58864 0
0.196721 1.13535 3.5414 0.288014 3.58864 0
0.196721 1.13535 3.5414 0.288014 3.58864 0
0.196721 1.13535 3.5414 0.288014 3.58864 0
0.196721 1.13535 3.5414 0.288014 3.58864 0
0.196721 1.13535 3.5414 0.288014 3.58864 0
0.196721 1.13535 3.5414 0.288014 3.58864 0
0.196721 1.13535 3.5414 0.288014 3.58864 0
0.196721 1.13535 3.5414 0.288014 3.58864 0
0.206676 1.13424 3.53239 0.292653 3.58173 0
0.206676 1.13424 3.53239 0.292653 3.58173 0
0.206676 1.13424 3.53239 0.292653 3.58173 0
0.206676 1.13424 3.53239 0.292653 3.58173 0
0.206676 1.13424 3.53239 0.292653 3.58173 0
0.206676 1.13424 3.53239 0.292653 3.58173 0
0.206676 1.13424 3.53239 0.292653 3.58173 0
0.206676 1.13424 3.53239 0.292653 3.58173 0
0.206676 1.13424 3.53239 0.292653 3.58173 0
0.206676 1.13424 3.53239 0.292653 3.58173 0
0.206676 1.13424 3.53239 0.292653 3.58173 0
0.206676 1.13424 3.53239 0.292653 3.58173 0
0.218022 1.13202 3.50975 0.297438 3.58479 0
0.218022 1.13202 3.50975 0.297438 3.58479 0
0.218022 1.13202 3.50975 0.297438 3.58479 0
0.218022 1.13202 3.50975 0.297438 3.58479 0
0.218022 1.13202 3.50975 0.297438 3.58479 0
0.218022 1.13202 3.50975 0.297438 3.58479 0
0.218022 1.13202 3.50975 0.297438 3.58479 0
0.218022 1.13202 3.50975 0.297438 3.58479 0
0.218022 1.13202 3.50975 0.297438 3.58479 0
0.218022 1.13202 3.50975 0.297438 3.58479 0
0.218022 1.13202 3.50975 0.297438 3.58479 0
0.218022 1.13202 3.50975 0.297438 3.58479 0
0.218022 1.13202 3.50975 0.297438 3.58479 0
0.218022 1.13202 3.50975 0.297438 3.58479 0
0.230306 1.13048 3.49433 0.302428 3.58195 0
0.230306 1.13048 3.49433 0.302428 3.58195 0
0.230306 1.13048 3.49433 0.302428 3.58195 0
0.230306 1.13048 3.49433 0.302428 3.58195 0
0.230306 1.13048 3.49433 0.302428 3.58195 0
0.230306 1.13048 3.49433 0.302428 3.58195 0
0.230306 1.13048 3.49433 0.302428 3.58195 0
0.230306 1.13048 3.49433 0.302428 3.58195 0
0.230306 1.13048 3.49433 0.302428 3.58195 0
0.230306 1.13048 3.49433 0.302428 3.58195 0
0.230306 1.13048 3.49433 0.302428 3.58195 0
0.230306 1.13048 3.49433 0.302428 3.58195 0
0.230306 1.13048 3.49433 0.302428 3.58195 0
0.230306 1.13048 3.49433 0.302428 3.58195 0
0.230306 1.13048 3.49433 0.302428 3.58195 0
0.230306 1.13048 3.49433 0.302428 3.58195 0
0.230306 1.13048 3.49433 0.302428 3.58195 0
0.230306 1.13048 3.49433 0.302428 3.58195 0
0.230306 1.13048 3.49433 0.302428 3.58195 0
0.243071 1.12844 3.47265 0.3079 3.58244 0
0.243071 1.12844 3.47265 0.3079 3.58244 0
0.243071 1.12844 3.47265 0.3079 3.58244 0
0.243071 1.12844 3.47265 0.3079 3.58244 0
0.243071 1.12844 3.47265 0.3079 3.58244 0
0.243071 1.12844 3.47265 0.3079 3.58244 0
0.243071 1.12844 3.47265 0.3079 3.58244 0
0.243071 1.12844 3.47265 0.3079 3.58244 0
0.243071 1.12844 3.47265 0.3079 3.58244 0
0.243071 1.12844 3.47265 0.3079 3.58244 0
0.243071 1.12844 3.47265 0.3079 3.58244 0
0.243071 1.12844 3.47265 0.3079 3.58244 0
0.243071 1.12844 3.47265 0.3079 3.58244 0
0.243071 1.12844 3.47265 0.3079 3.58244 0
0.243071 1.12844 3.47265 0.3079 3.58244 0
0.243071 1.12844 3.47265 0.3079 3.58244 0
0.243071 1.12844 3.47265 0.3079 3.58244 0
0.243071 1.12844 3.47265 0.3079 3.58244 0
0.243071 1.12844 3.47265 0.3079 3.58244 0
0.243071 1.12844 3.47265 0.3079 3.58244 0
0.256676 1.12648 3.45004 0.313747 3.58268 0
0.256676 1.12648 3.45004 0.313747 3.58268 0
0.256676 1.12648 3.45004 0.313747 3.58268 0
0.256676 1.12648 3.45004 0.313747 3.58268 0
0.256676 1.12648 3.45004 0.313747 3.58268 0
0.256676 1.12648 3.45004 0.313747 3.58268 0
0.256676 1.12648 3.45004 0.313747 3.58268 0
0.256676 1.12648 3.45004 0.313747 3.58268 0
0.256676 1.12648 3.45004 0.313747 3.58268 0
0.256676 1.12648 3.45004 0.313747 3.58268 0
0.256676 1.12648 3.45004 0.313747 3.58268 0
0.256676 1.12648 3.45004 0.313747 3.58268 0
0.256676 1.12648 3.45004 0.313747 3.58268 0
0.256676 1.12648 3.45004 0.313747 3.58268 0
0.256676 1.12648 3.45004 0.313747 3.58268 0
0.256676 1.12648 3.45004 0.313747 3.58268 0
0.256676 1.12648 3.45004 0.313747 3.58268 0
0.256676 1.12648 3.45004 0.313747 3.58268 0
0.256676 1.12648 3.45004 0.313747 3.58268 0
0.256676 1.12648 3.45004 0.313747 3.58268 0
0.256676 1.12648 3.45004 0.313747 3.58268 0
0.27001 1.12341 3.41586 0.318889 3.59286 0
0.27001 1.12341 3.41586 0.318889 3.59286 0
0.27001 1.12341 3.41586 0.318889 3.59286 0
0.27001 1.12341 3.41586 0.318889 3.59286 0
0.27001 1.12341 3.41586 0.318889 3.59286 0
0.27001 1.12341 3.41586 0.318889 3.59286 0
0.27001 1.12341 3.41586 0.318889 3.59286 0
0.27001 1.12341 3.41586 0.318889 3.59286 0
0.27001 1.12341 3.41586 0.318889 3.59286 0
0.27001 1.12341 3.41586 0.318889 3.59286 0
0.27001 1.12341 3.41586 0.318889 3.59286 0
0.27001 1.12341 3.41586 0.318889 3.59286 0
0.27001 1.12341 3.41586 0.318889 3.59286 0
0.27001 1.12341 3.41586 0.318889 3.59286 0
0.27001 1.12341 3.41586 0.318889 3.59286 0
0.27001 1.12341 3.41586 0.318889 3.59286 0
0.283577 1.12158 3.39548 0.325057 3.59045 0
0.283577 1.12158 3.39548 0.325057 3.59045 0
0.283577 1.12158 3.39548 0.325057 3.59045 0
0.283577 1.12158 3.39548 0.325057 3.59045 0
0.283577 1.12158 3.39548 0.325057 3.59045 0
0.283577 1.12158 3.39548 0.325057 3.59045 0
0.283577 1.12158 3.39548 0.325057 3.59045 0
0.283577 1.12158 3.39548 0.325057 3.59045 0
0.283577 1.12158 3.39548 0.325057 3.59045 0
0.283577 1.12158 3.39548 0.325057 3.59045 0
0.283577 1.12158 3.39548 0.325057 3.59045 0
0.283577 1.12158 3.39548 0.325057 3.59045 0
0.283577 1.12158 3.39548 0.325057 3.59045 0
0.283577 1.12158 3.39548 0.325057 3.59045 0
0.283577 1.12158 3.39548 0.325057 3.59045 0
0.283577 1.12158 3.39548 0.325057 3.59045 0
0.283577 1.12158 3.39548 0.325057 3.59045 0
0.283577 1.12158 3.39548 0.325057 3.59045 0
0.283577 1.12158 3.39548 0.325057 3.59045 0
0.283577 1.12158 3.39548 0.325057 3.59045 0
0.298146 1.11984 3.37587 0.332103 3.58511 0
0.298146 1.11984 3.37587 0.332103 3.58511 0
0.298146 1.11984 3.37587 0.332103 3.58511 0
0.298146 1.11984 3.37587 0.332103 3.58511 0
0.298146 1.11984 3.37587 0.332103 3.58511 0
0.298146 1.11984 3.37587 0.332103 3.58511 0
0.298146 1.11984 3.37587 0.332103 3.58511 0
0.298146 1.11984 3.37587 0.332103 3.58511 0
0.298146 1.11984 3.37587 0.332103 3.58511 0
0.298146 1.11984 3.37587 0.332103 3.58511 0
0.298146 1.11984 3.37587 0.332103 3.58511 0
0.298146 1.11984 3.37587 0.332103 3.58511 0
0.298146 1.11984 3.37587 0.332103 3.58511 0
0.298146 1.11984 3.37587 0.332103 3.58511 0
0.298146 1.11984 3.37587 0.332103 3.58511 0
0.298146 1.11984 3.37587 0.332103 3.58511 0
0.298146 1.11984 3.37587 0.332103 3.58511 0
0.305111 1.11836 3.36036 0.335576 3.58645 0
0.311837 1.11654 3.34051 0.338754 3.59149 0
0.311837 1.11654 3.34051 0.338754 3.59149 0
0.311837 1.11654 3.34051 0.338754 3.59149 0
0.311837 1.11654 3.34051 0.338754 3.59149 0
0.311837 1.11654 3.34051 0.338754 3.59149 0
0.311837 1.11654 3.34051 0.338754 3.59149 0
0.311837 1.11654 3.34051 0.338754 3.59149 0
0.311837 1.11654 3.34051 0.338754 3.59149 0
0.311837 1.11654 3.34051 0.338754 3.59149 0
0.311837 1.11654 3.34051 0.338754 3.59149 0
0.311837 1.11654 3.34051 0.338754 3.59149 0
0.311837 1.11654 3.34051 0.338754 3.59149 0
0.311837 1.11654 3.34051 0.338754 3.59149 0
0.311837 1.11654 3.34051 0.338754 3.59149 0
0.311837 1.11654 3.34051 0.338754 3.59149 0
0.325798 1.11426 3.31657 0.345821 3.58893 0
0.325798 1.11426 3.31657 0.345821 3.58893 0
0.325798 1.11426 3.31657 0.345821 3.58893 0
0.325798 1.11426 3.31657 0.345821 3.58893 0
0.325798 1.11426 3.31657 0.345821 3.58893 0
0.325798 1.11426 3.31657 0.345821 3.58893 0
0.325798 1.11426 3.31657 0.345821 3.58893 0
0.325798 1.11426 3.31657 0.345821 3.58893 0
0.325798 1.11426 3.31657 0.345821 3.58893 0
0.325798 1.11426 3.31657 0.345821 3.58893 0
0.325798 1.11426 3.31657 0.345821 3.58893 0
0.33318 1.11446 3.31633 0.349993 3.57859 0
0.340728 1.1137 3.30802 0.353689 3.57466 0
0.340728 1.1137 3.30802 0.353689 3.57466 0
0.340728 1.1137 3.30802 0.353689 3.57466 0
0.340728 1.1137 3.30802 0.353689 3.57466 0
0.340728 1.1137 3.30802 0.353689 3.57466 0
0.340728 1.1137 3.30802 0.353689 3.57466 0
0.340728 1.1137 3.30802 0.353689 3.57466 0
0.340728 1.1137 3.30802 0.353689 3.57466 0
0.340728 1.1137 3.30802 0.353689 3.57466 0
0.34822 1.11271 3.29605 0.357301 3.57345 0
0.355862 1.1118 3.2864 0.361104 3.57019 0
0.355862 1.1118 3.2864 0.361104 3.57019 0
0.355862 1.1118 3.2864 0.361104 3.57019 0
0.355862 1.1118 3.2864 0.361104 3.57019 0
0.355862 1.1118 3.2864 0.361104 3.57019 0
0.355862 1.1118 3.2864 0.361104 3.57019 0
0.355862 1.1118 3.2864 0.361104 3.57019 0
0.355862 1.1118 3.2864 0.361104 3.57019 0
0.355862 1.1118 3.2864 0.361104 3.57019 0
0.355862 1.1118 3.2864 0.361104 3.57019 0
0.355862 1.1118 3.2864 0.361104 3.57019 0
0.355862 1.1118 3.2864 0.361104 3.57019 0
0.355862 1.1118 3.2864 0.361104 3.57019 0
0.355862 1.1118 3.2864 0.361104 3.57019 0
0.355862 1.1118 3.2864 0.361104 3.57019 0
0.355862 1.1118 3.2864 0.361104 3.57019 0
0.36351 1.11094 3.27816 0.36503 3.56576 0
0.370937 1.1094 3.26206 0.368654 3.56697 0
0.370937 1.1094 3.26206 0.368654 3.56697 0
0.370937 1.1094 3.26206 0.368654 3.56697 0
0.370937 1.1094 3.26206 0.368654 3.56697 0
0.370937 1.1094 3.26206 0.368654 3.56697 0
0.370937 1.1094 3.26206 0.368654 3.56697 0
0.370937 1.1094 3.26206 0.368654 3.56697 0
0.370937 1.1094 3.26206 0.368654 3.56697 0
0.370937 1.1094 3.26206 0.368654 3.56697 0
0.370937 1.1094 3.26206 0.368654 3.56697 0
0.370937 1.1094 3.26206 0.368654 3.56697 0
0.370937 1.1094 3.26206 0.368654 3.56697 0
0.370937 1.1094 3.26206 0.368654 3.56697 0
0.370937 1.1094 3.26206 0.368654 3.56697 0
0.370937 1.1094 3.26206 0.368654 3.56697 0
0.370937 1.1094 3.26206 0.368654 3.56697 0
0.370937 1.1094 3.26206 0.368654 3.56697 0
0.378392 1.11489 3.31202 0.373935 3.52503 0
0.386609 1.12098 3.37031 0.379156 3.48045 0
0.386609 1.12098 3.37031 0.379156 3.48045 0
0.386609 1.12098 3.37031 0.379156 3.48045 0
0.386609 1.12098 3.37031 0.379156 3.48045 0
0.386609 1.12098 3.37031 0.379156 3.48045 0
0.386609 1.12098 3.37031 0.379156 3.48045 0
0.386609 1.12098 3.37031 0.379156 3.48045 0
0.386609 1.12098 3.37031 0.379156 3.48045 0
0.386609 1.12098 3.37031 0.379156 3.48045 0
0.386609 1.12098 3.37031 0.379156 3.48045 0
0.386609 1.12098 3.37031 0.379156 3.48045 0
0.386609 1.12098 3.37031 0.379156 3.48045 0
0.386609 1.12098 3.37031 0.379156 3.48045 0
0.386609 1.12098 3.37031 0.379156 3.48045 0
0.386609 1.12098 3.37031 0.379156 3.48045 0
0.386609 1.12098 3.37031 0.379156 3.48045 0
0.386609 1.12098 3.37031 0.379156 3.48045 0
0.386609 1.12098 3.37031 0.379156 3.48045 0
0.386609 1.12098 3.37031 0.379156 3.48045 0
0.394244 1.11897 3.35108 0.382604 3.48414 0
0.40284 1.11803 3.3411 0.386748 3.48132 0
0.40284 1.11803 3.3411 0.386748 3.48132 0
0.40284 1.11803 3.3411 0.386748 3.48132 0
0.40284 1.11803 3.3411 0.386748 3.48132 0
0.40284 1.11803 3.3411 0.386748 3.48132 0
0.40284 1.11803 3.3411 0.386748 3.48132 0
0.40284 1.11803 3.3411 0.386748 3.48132 0
0.40284 1.11803 3.3411 0.386748 3.48132 0
0.40284 1.11803 3.3411 0.386748 3.48132 0
0.40284 1.11803 3.3411 0.386748 3.48132 0
0.40284 1.11803 3.3411 0.386748 3.48132 0
0.40284 1.11803 3.3411 0.386748 3.48132 0
0.40284 1.11803 3.3411 0.386748 3.48132 0
0.417669 1.09769 3.13518 0.390714 3.59119 0
0.417669 1.09769 3.13518 0.390714 3.59119 0
0.417669 1.09769 3.13518 0.390714 3.59119 0
0.417669 1.09769 3.13518 0.390714 3.59119 0
0.417669 1.09769 3.13518 0.390714 3.59119 0
0.417669 1.09769 3.13518 0.390714 3.59119 0
0.417669 1.09769 3.13518 0.390714 3.59119 0
0.417669 1.09769 3.13518 0.390714 3.59119 0
0.417669 1.09769 3.13518 0.390714 3.59119 0
0.417669 1.09769 3.13518 0.390714 3.59119 0
0.417669 1.09769 3.13518 0.390714 3.59119 0
0.417669 1.09769 3.13518 0.390714 3.59119 0
0.417669 1.09769 3.13518 0.390714 3.59119 0
0.417669 1.09769 3.13518 0.390714 3.59119 0
0.417669 1.09769 3.13518 0.390714 3.59119 0
0.417669 1.09769 3.13518 0.390714 3.59119 0
0.417669 1.09769 3.13518 0.390714 3.59119 0
0.417669 1.09769 3.13518 0.390714 3.59119 0
0.417669 1.09769 3.13518 0.390714 3.59119 0
0.417669 1.09769 3.13518 0.390714 3.59119 0
0.417669 1.09769 3.13518 0.390714 3.59119 0
0.435033 1.09596 3.12071 0.39937 3.57884 0
0.435033 1.09596 3.12071 0.39937 3.57884 0
0.435033 1.09596 3.12071 0.39937 3.57884 0
0.435033 1.09596 3.12071 0.39937 3.57884 0
0.435033 1.09596 3.12071 0.39937 3.57884 0
0.435033 1.09596 3.12071 0.39937 3.57884 0
0.435033 1.09596 3.12071 0.39937 3.57884 0
0.435033 1.09596 3.12071 0.39937 3.57884 0
0.435033 1.09596 3.12071 0.39937 3.57884 0
0.435033 1.09596 3.12071 0.39937 3.57884 0
0.435033 1.09596 3.12071 0.39937 3.57884 0
0.435033 1.09596 3.12071 0.39937 3.57884 0
0.435033 1.09596 3.12071 0.39937 3.57884 0
0.435033 1.09596 3.12071 0.39937 3.57884 0
0.435033 1.09596 3.12071 0.39937 3.57884 0
0.435033 1.09596 3.12071 0.39937 3.57884 0
0.435033 1.09596 3.12071 0.39937 3.57884 0
0.435033 1.09596 3.12071 0.39937 3.57884 0
0.443562 1.09471 3.10989 0.403459 3.57542 0
0.451526 1.09262 3.08884 0.406848 3.57963 0
0.451526 1.09262 3.08884 0.406848 3.57963 0
0.451526 1.09262 3.08884 0.406848 3.57963 0
0.451526 1.09262 3.08884 0.406848 3.57963 0
0.451526 1.09262 3.08884 0.406848 3.57963 0
0.451526 1.09262 3.08884 0.406848 3.57963 0
0.451526 1.09262 3.08884 0.406848 3.57963 0
0.451526 1.09262 3.08884 0.406848 3.57963 0
0.451526 1.09262 3.08884 0.406848 3.57963 0
0.451526 1.09262 3.08884 0.406848 3.57963 0
0.451526 1.09262 3.08884 0.406848 3.57963 0
0.45935 1.09039 3.06539 0.410294 3.58506 0
0.467392 1.08891 3.05284 0.413549 3.5844 0
0.467392 1.08891 3.05284 0.413549 3.5844 0
0.467392 1.08891 3.05284 0.413549 3.5844 0
0.467392 1.08891 3.05284 0.413549 3.5844 0
0.467392 1.08891 3.05284 0.413549 3.5844 0
0.467392 1.08891 3.05284 0.413549 3.5844 0
0.467392 1.08891 3.05284 0.413549 3.5844 0
0.467392 1.08891 3.05284 0.413549 3.5844 0
0.483161 1.08624 3.02838 0.420213 3.5826 0
0.483161 1.08624 3.02838 0.420213 3.5826 0
0.483161 1.08624 3.02838 0.420213 3.5826 0
0.483161 1.08624 3.02838 0.420213 3.5826 0
0.483161 1.08624 3.02838 0.420213 3.5826 0
0.483161 1.08624 3.02838 0.420213 3.5826 0
0.483161 1.08624 3.02838 0.420213 3.5826 0
0.483161 1.08624 3.02838 0.420213 3.5826 0
0.483161 1.08624 3.02838 0.420213 3.5826 0
0.483161 1.08624 3.02838 0.420213 3.5826 0
0.483161 1.08624 3.02838 0.420213 3.5826 0
0.483161 1.08624 3.02838 0.420213 3.5826 0
0.483161 1.08624 3.02838 0.420213 3.5826 0
0.483161 1.08624 3.02838 0.420213 3.5826 0
0.483161 1.08624 3.02838 0.420213 3.5826 0
0.483161 1.08624 3.02838 0.420213 3.5826 0
0.498116 1.08207 2.98631 0.425766 3.59325 0
0.498116 1.08207 2.98631 0.425766 3.59325 0
0.498116 1.08207 2.98631 0.425766 3.59325 0
0.498116 1.08207 2.98631 0.425766 3.59325 0
0.498116 1.08207 2.98631 0.425766 3.59325 0
0.498116 1.08207 2.98631 0.425766 3.59325 0
0.498116 1.08207 2.98631 0.425766 3.59325 0
0.498116 1.08207 2.98631 0.425766 3.59325 0
0.498116 1.08207 2.98631 0.425766 3.59325 0
0.498116 1.08207 2.98631 0.425766 3.59325 0
0.498116 1.08207 2.98631 0.425766 3.59325 0
0.498116 1.08207 2.98631 0.425766 3.59325 0
0.498116 1.08207 2.98631 0.425766 3.59325 0
0.498116 1.08207 2.98631 0.425766 3.59325 0
0.498116 1.08207 2.98631 0.425766 3.59325 0
0.498116 1.08207 2.98631 0.425766 3.59325 0
0.498116 1.08207 2.98631 0.425766 3.59325 0
0.498116 1.08207 2.98631 0.425766 3.59325 0
0.498116 1.08207 2.98631 0.425766 3.59325 0
0.498116 1.08207 2.98631 0.425766 3.59325 0
0.498116 1.08207 2.98631 0.425766 3.59325 0
0.498116 1.08207 2.98631 0.425766 3.59325 0
0.498116 1.08207 2.98631 0.425766 3.59325 0
0.505531 1.08458 3.01597 0.429583 3.56808 0
0.512519 1.08677 3.04 0.43325 3.54717 0
0.512519 1.08677 3.04 0.43325 3.54717 0
0.512519 1.08677 3.04 0.43325 3.54717 0
0.512519 1.08677 3.04 0.43325 3.54717 0
0.512519 1.08677 3.04 0.43325 3.54717 0
0.512519 1.08677 3.04 0.43325 3.54717 0
0.526179 1.08188 2.99095 0.438305 3.56221 0
0.526179 1.08188 2.99095 0.438305 3.56221 0
0.526179 1.08188 2.99095 0.438305 3.56221 0
0.526179 1.08188 2.99095 0.438305 3.56221 0
0.526179 1.08188 2.99095 0.438305 3.56221 0
0.526179 1.08188 2.99095 0.438305 3.56221 0
0.526179 1.08188 2.99095 0.438305 3.56221 0
0.526179 1.08188 2.99095 0.438305 3.56221 0
0.526179 1.08188 2.99095 0.438305 3.56221 0
0.526179 1.08188 2.99095 0.438305 3.56221 0
0.526179 1.08188 2.99095 0.438305 3.56221 0
0.526179 1.08188 2.99095 0.438305 3.56221 0
0.540412 1.07095 2.87519 0.441844 3.61703 0
0.540412 1.07095 2.87519 0.441844 3.61703 0
0.540412 1.07095 2.87519 0.441844 3.61703 0
0.540412 1.07095 2.87519 0.441844 3.61703 0
0.540412 1.07095 2.87519 0.441844 3.61703 0
0.540412 1.07095 2.87519 0.441844 3.61703 0
0.540412 1.07095 2.87519 0.441844 3.61703 0
0.540412 1.07095 2.87519 0.441844 3.61703 0
0.540412 1.07095 2.87519 0.441844 3.61703 0
0.540412 1.07095 2.87519 0.441844 3.61703 0
0.540412 1.07095 2.87519 0.441844 3.61703 0
0.540412 1.07095 2.87519 0.441844 3.61703 0
0.540412 1.07095 2.87519 0.441844 3.61703 0
0.540412 1.07095 2.87519 0.441844 3.61703 0
0.540412 1.07095 2.87519 0.441844 3.61703 0
0.540412 1.07095 2.87519 0.441844 3.61703 0
0.540412 1.07095 2.87519 0.441844 3.61703 0
0.555302 1.06825 2.8578 0.447241 3.61306 0
0.555302 1.06825 2.8578 0.447241 3.61306 0
0.555302 1.06825 2.8578 0.447241 3.61306 0
0.555302 1.06825 2.8578 0.447241 3.61306 0
0.555302 1.06825 2.8578 0.447241 3.61306 0
0.555302 1.06825 2.8578 0.447241 3.61306 0
0.555302 1.06825 2.8578 0.447241 3.61306 0
0.555302 1.06825 2.8578 0.447241 3.61306 0
0.555302 1.06825 2.8578 0.447241 3.61306 0
0.555302 1.06825 2.8578 0.447241 3.61306 0
0.555302 1.06825 2.8578 0.447241 3.61306 0
0.555302 1.06825 2.8578 0.447241 3.61306 0
0.555302 1.06825 2.8578 0.447241 3.61306 0
0.555302 1.06825 2.8578 0.447241 3.61306 0
0.555302 1.06825 2.8578 0.447241 3.61306 0
0.555302 1.06825 2.8578 0.447241 3.61306 0
0.555302 1.06825 2.8578 0.447241 3.61306 0
0.555302 1.06825 2.8578 0.447241 3.61306 0
0.555302 1.06825 2.8578 0.447241 3.61306 0
0.562676 1.06679 2.84764 0.450113 3.61147 0
0.569903 1.06504 2.8326 0.452546 3.61372 0
0.569903 1.06504 2.8326 0.452546 3.61372 0
0.569903 1.06504 2.8326 0.452546 3.61372 0
0.569903 1.06504 2.8326 0.452546 3.61372 0
0.569903 1.06504 2.8326 0.452546 3.61372 0
0.569903 1.06504 2.8326 0.452546 3.61372 0
0.569903 1.06504 2.8326 0.452546 3.61372 0
0.569903 1.06504 2.8326 0.452546 3.61372 0
0.569903 1.06504 2.8326 0.452546 3.61372 0
0.569903 1.06504 2.8326 0.452546 3.61372 0
0.569903 1.06504 2.8326 0.452546 3.61372 0
0.569903 1.06504 2.8326 0.452546 3.61372 0
0.569903 1.06504 2.8326 0.452546 3.61372 0
0.569903 1.06504 2.8326 0.452546 3.61372 0
0.569903 1.06504 2.8326 0.452546 3.61372 0
0.569903 1.06504 2.8326 0.452546 3.61372 0
0.569903 1.06504 2.8326 0.452546 3.61372 0
0.569903 1.06504 2.8326 0.452546 3.61372 0
0.569903 1.06504 2.8326 0.452546 3.61372 0
0.569903 1.06504 2.8326 0.452546 3.61372 0
0.569903 1.06504 2.8326 0.452546 3.61372 0
0.584527 1.06139 2.80115 0.457193 3.61937 0
0.584527 1.06139 2.80115 0.457193 3.61937 0
0.584527 1.06139 2.80115 0.457193 3.61937 0
0.584527 1.06139 2.80115 0.457193 3.61937 0
0.584527 1.06139 2.80115 0.457193 3.61937 0
0.584527 1.06139 2.80115 0.457193 3.61937 0
0.584527 1.06139 2.80115 0.457193 3.61937 0
0.584527 1.06139 2.80115 0.457193 3.61937 0
0.584527 1.06139 2.80115 0.457193 3.61937 0
0.584527 1.06139 2.80115 0.457193 3.61937 0
0.584527 1.06139 2.80115 0.457193 3.61937 0
0.584527 1.06139 2.80115 0.457193 3.61937 0
0.584527 1.06139 2.80115 0.457193 3.61937 0
0.584527 1.06139 2.80115 0.457193 3.61937 0
0.584527 1.06139 2.80115 0.457193 3.61937 0
0.584527 1.06139 2.80115 0.457193 3.61937 0
0.584527 1.06139 2.80115 0.457193 3.61937 0
0.584527 1.06139 2.80115 0.457193 3.61937 0
0.584527 1.06139 2.80115 0.457193 3.61937 0
0.584527 1.06139 2.80115 0.457193 3.61937 0
0.584527 1.06139 2.80115 0.457193 3.61937 0
0.584527 1.06139 2.80115 0.457193 3.61937 0
0.597931 1.05686 2.75946 0.460916 3.63278 0
0.597931 1.05686 2.75946 0.460916 3.63278 0
0.597931 1.05686 2.75946 0.460916 3.63278 0
0.597931 1.05686 2.75946 0.460916 3.63278 0
0.597931 1.05686 2.75946 0.460916 3.63278 0
0.597931 1.05686 2.75946 0.460916 3.63278 0
0.597931 1.05686 2.75946 0.460916 3.63278 0
0.597931 1.05686 2.75946 0.460916 3.63278 0
0.597931 1.05686 2.75946 0.460916 3.63278 0
0.597931 1.05686 2.75946 0.460916 3.63278 0
0.597931 1.05686 2.75946 0.460916 3.63278 0
0.597931 1.05686 2.75946 0.460916 3.63278 0
0.597931 1.05686 2.75946 0.460916 3.63278 0
0.597931 1.05686 2.75946 0.460916 3.63278 0
0.597931 1.05686 2.75946 0.460916 3.63278 0
0.597931 1.05686 2.75946 0.460916 3.63278 0
0.597931 1.05686 2.75946 0.460916 3.63278 0
0.597931 1.05686 2.75946 0.460916 3.63278 0
0.610006 1.05066 2.69925 0.463172 3.66007 0
0.610006 1.05066 2.69925 0.463172 3.66007 0
0.610006 1.05066 2.69925 0.463172 3.66007 0
0.610006 1.05066 2.69925 0.463172 3.66007 0
0.610006 1.05066 2.69925 0.463172 3.66007 0
0.610006 1.05066 2.69925 0.463172 3.66007 0
0.610006 1.05066 2.69925 0.463172 3.66007 0
0.610006 1.05066 2.69925 0.463172 3.66007 0
0.610006 1.05066 2.69925 0.463172 3.66007 0
0.610006 1.05066 2.69925 0.463172 3.66007 0
0.610006 1.05066 2.69925 0.463172 3.66007 0
0.610006 1.05066 2.69925 0.463172 3.66007 0
0.610006 1.05066 2.69925 0.463172 3.66007 0
0.610006 1.05066 2.69925 0.463172 3.66007 0
0.610006 1.05066 2.69925 0.463172 3.66007 0
0.610006 1.05066 2.69925 0.463172 3.66007 0
0.610006 1.05066 2.69925 0.463172 3.66007 0
0.610006 1.05066 2.69925 0.463172 3.66007 0
0.610006 1.05066 2.69925 0.463172 3.66007 0
0.614778 1.04737 2.6646 0.463414 3.67892 0
0.619132 1.04455 2.63642 0.463383 3.69503 0
0.619132 1.04455 2.63642 0.463383 3.69503 0
0.619132 1.04455 2.63642 0.463383 3.69503 0
0.619132 1.04455 2.63642 0.463383 3.69503 0
0.619132 1.04455 2.63642 0.463383 3.69503 0
0.619132 1.04455 2.63642 0.463383 3.69503 0
0.619132 1.04455 2.63642 0.463383 3.69503 0
0.619132 1.04455 2.63642 0.463383 3.69503 0
0.619132 1.04455 2.63642 0.463383 3.69503 0
0.619132 1.04455 2.63642 0.463383 3.69503 0
0.619132 1.04455 2.63642 0.463383 3.69503 0
0.619132 1.04455 2.63642 0.463383 3.69503 0
0.619132 1.04455 2.63642 0.463383 3.69503 0
0.619132 1.04455 2.63642 0.463383 3.69503 0
0.619132 1.04455 2.63642 0.463383 3.69503 0
0.619132 1.04455 2.63642 0.463383 3.69503 0
0.623108 1.04284 2.61931 0.463677 3.70409 0
0.627005 1.04176 2.61333 0.463697 3.70721 0
0.627005 1.04176 2.61333 0.463697 3.70721 0
0.627005 1.04176 2.61333 0.463697 3.70721 0
0.627005 1.04176 2.61333 0.463697 3.70721 0
0.627005 1.04176 2.61333 0.463697 3.70721 0
0.627005 1.04176 2.61333 0.463697 3.70721 0
0.627005 1.04176 2.61333 0.463697 3.70721 0
0.627005 1.04176 2.61333 0.463697 3.70721 0
0.627005 1.04176 2.61333 0.463697 3.70721 0
0.627005 1.04176 2.61333 0.463697 3.70721 0
0.627005 1.04176 2.61333 0.463697 3.70721 0
0.627005 1.04176 2.61333 0.463697 3.70721 0
0.627005 1.04176 2.61333 0.463697 3.70721 0
0.627005 1.04176 2.61333 0.463697 3.70721 0
0.627005 1.04176 2.61333 0.463697 3.70721 0
0.627005 1.04176 2.61333 0.463697 3.70721 0
0.627005 1.04176 2.61333 0.463697 3.70721 0
0.627005 1.04176 2.61333 0.463697 3.70721 0
0.627005 1.04176 2.61333 0.463697 3.70721 0
0.632991 1.03865 2.58593 0.461401 3.72961 0
0.632991 1.03865 2.58593 0.461401 3.72961 0
0.632991 1.03865 2.58593 0.461401 3.72961 0
0.632991 1.03865 2.58593 0.461401 3.72961 0
0.632991 1.03865 2.58593 0.461401 3.72961 0
0.632991 1.03865 2.58593 0.461401 3.72961 0
0.632991 1.03865 2.58593 0.461401 3.72961 0
0.632991 1.03865 2.58593 0.461401 3.72961 0
0.632991 1.03865 2.58593 0.461401 3.72961 0
0.632991 1.03865 2.58593 0.461401 3.72961 0
0.632991 1.03865 2.58593 0.461401 3.72961 0
0.632991 1.03865 2.58593 0.461401 3.72961 0
0.632991 1.03865 2.58593 0.461401 3.72961 0
0.632991 1.03865 2.58593 0.461401 3.72961 0
0.632991 1.03865 2.58593 0.461401 3.72961 0
0.632991 1.03865 2.58593 0.461401 3.72961 0
0.632991 1.03865 2.58593 0.461401 3.72961 0
0.632991 1.03865 2.58593 0.461401 3.72961 0
0.63557 1.03861 2.59204 0.461175 3.72669 0
0.637947 1.03842 2.59987 0.460564 3.72359 0
0.637947 1.03842 2.59987 0.460564 3.72359 0
0.637947 1.03842 2.59987 0.460564 3.72359 0
0.637947 1.03842 2.59987 0.460564 3.72359 0
0.637947 1.03842 2.59987 0.460564 3.72359 0
0.637947 1.03842 2.59987 0.460564 3.72359 0
0.637947 1.03842 2.59987 0.460564 3.72359 0
0.637947 1.03842 2.59987 0.460564 3.72359 0
0.637947 1.03842 2.59987 0.460564 3.72359 0
0.637947 1.03842 2.59987 0.460564 3.72359 0
0.637947 1.03842 2.59987 0.460564 3.72359 0
0.637947 1.03842 2.59987 0.460564 3.72359 0
0.637947 1.03842 2.59987 0.460564 3.72359 0
0.637947 1.03842 2.59987 0.460564 3.72359 0
0.637947 1.03842 2.59987 0.460564 3.72359 0
0.637947 1.03842 2.59987 0.460564 3.72359 0
0.637947 1.03842 2.59987 0.460564 3.72359 0
0.637947 1.03842 2.59987 0.460564 3.72359 0
0.637947 1.03842 2.59987 0.460564 3.72359 0
0.637947 1.03842 2.59987 0.460564 3.72359 0
0.637947 1.03842 2.59987 0.460564 3.72359 0
0.637947 1.03842 2.59987 0.460564 3.72359 0
0.63987 1.03454 2.55557 0.454164 3.7699 0
0.63987 1.03454 2.55557 0.454164 3.7699 0
0.63987 1.03454 2.55557 0.454164 3.7699 0
0.63987 1.03454 2.55557 0.454164 3.7699 0
0.63987 1.03454 2.55557 0.454164 3.7699 0
0.63987 1.03454 2.55557 0.454164 3.7699 0
0.63987 1.03454 2.55557 0.454164 3.7699 0
0.63987 1.03454 2.55557 0.454164 3.7699 0
0.63987 1.03454 2.55557 0.454164 3.7699 0
0.63987 1.03454 2.55557 0.454164 3.7699 0
0.63987 1.03454 2.55557 0.454164 3.7699 0
0.63987 1.03454 2.55557 0.454164 3.7699 0
0.63987 1.03454 2.55557 0.454164 3.7699 0
0.63987 1.03454 2.55557 0.454164 3.7699 0
0.63987 1.03454 2.55557 0.454164 3.7699 0
0.63987 1.03454 2.55557 0.454164 3.7699 0
0.63987 1.03454 2.55557 0.454164 3.7699 0
0.640705 1.03 2.503 0.444816 3.83365 0
0.640705 1.03 2.503 0.444816 3.83365 0
0.640705 1.03 2.503 0.444816 3.83365 0
0.640705 1.03 2.503 0.444816 3.83365 0
0.640705 1.03 2.503 0.444816 3.83365 0
0.640705 1.03 2.503 0.444816 3.83365 0
0.640705 1.03 2.503 0.444816 3.83365 0
0.640705 1.03 2.503 0.444816 3.83365 0
0.640705 1.03 2.503 0.444816 3.83365 0
0.640705 1.03 2.503 0.444816 3.83365 0
0.640705 1.03 2.503 0.444816 3.83365 0
0.640705 1.03 2.503 0.444816 3.83365 0
0.640705 1.03 2.503 0.444816 3.83365 0
0.640705 1.03 2.503 0.444816 3.83365 0
0.640705 1.03 2.503 0.444816 3.83365 0
0.640705 1.03 2.503 0.444816 3.83365 0
0.640705 1.03 2.503 0.444816 3.83365 0
0.640705 1.03 2.503 0.444816 3.83365 0
0.640705 1.03 2.503 0.444816 3.83365 0
0.640705 1.03 2.503 0.444816 3.83365 0
0.640705 1.03 2.503 0.444816 3.83365 0
0.640705 1.03 2.503 0.444816 3.83365 0
0.641235 1.02972 2.51154 0.443055 3.83286 0
0.641371 1.02955 2.52133 0.441065 3.83203 0
0.641371 1.02955 2.52133 0.441065 3.83203 0
0.641371 1.02955 2.52133 0.441065 3.83203 0
0.641371 1.02955 2.52133 0.441065 3.83203 0
0.641371 1.02955 2.52133 0.441065 3.83203 0
0.641371 1.02955 2.52133 0.441065 3.83203 0
0.641371 1.02955 2.52133 0.441065 3.83203 0
0.641371 1.02955 2.52133 0.441065 3.83203 0
0.641371 1.02955 2.52133 0.441065 3.83203 0
0.641371 1.02955 2.52133 0.441065 3.83203 0
0.641371 1.02955 2.52133 0.441065 3.83203 0
0.641371 1.02955 2.52133 0.441065 3.83203 0
0.641371 1.02955 2.52133 0.441065 3.83203 0
0.641371 1.02955 2.52133 0.441065 3.83203 0
0.641371 1.02955 2.52133 0.441065 3.83203 0
0.640255 1.02904 2.53152 0.436592 3.83903 0
0.640255 1.02904 2.53152 0.436592 3.83903 0
0.640255 1.02904 2.53152 0.436592 3.83903 0
0.640255 1.02904 2.53152 0.436592 3.83903 0
0.640255 1.02904 2.53152 0.436592 3.83903 0
0.640255 1.02904 2.53152 0.436592 3.83903 0
0.640255 1.02904 2.53152 0.436592 3.83903 0
0.640255 1.02904 2.53152 0.436592 3.83903 0
0.640255 1.02904 2.53152 0.436592 3.83903 0
0.640255 1.02904 2.53152 0.436592 3.83903 0
0.640255 1.02904 2.53152 0.436592 3.83903 0
0.640255 1.02904 2.53152 0.436592 3.83903 0
0.640255 1.02904 2.53152 0.436592 3.83903 0
0.640255 1.02904 2.53152 0.436592 3.83903 0
0.640255 1.02904 2.53152 0.436592 3.83903 0
0.640255 1.02904 2.53152 0.436592 3.83903 0
0.640255 1.02904 2.53152 0.436592 3.83903 0
0.640255 1.02904 2.53152 0.436592 3.83903 0
0.639824 1.0291 2.54423 0.43491 3.83496 0
0.638974 1.02927 2.55717 0.433225 3.83082 0
0.638974 1.02927 2.55717 0.433225 3.83082 0
0.638974 1.02927 2.55717 0.433225 3.83082 0
0.638974 1.02927 2.55717 0.433225 3.83082 0
0.638974 1.02927 2.55717 0.433225 3.83082 0
0.638974 1.02927 2.55717 0.433225 3.83082 0
0.638974 1.02927 2.55717 0.433225 3.83082 0
0.638974 1.02927 2.55717 0.433225 3.83082 0
0.638974 1.02927 2.55717 0.433225 3.83082 0
0.638974 1.02927 2.55717 0.433225 3.83082 0
0.638974 1.02927 2.55717 0.433225 3.83082 0
0.638974 1.02927 2.55717 0.433225 3.83082 0
0.638974 1.02927 2.55717 0.433225 3.83082 0
0.638974 1.02927 2.55717 0.433225 3.83082 0
0.638974 1.02927 2.55717 0.433225 3.83082 0
0.638974 1.02927 2.55717 0.433225 3.83082 0
0.638974 1.02927 2.55717 0.433225 3.83082 0
0.638974 1.02927 2.55717 0.433225 3.83082 0
0.637366 1.02876 2.55396 0.431617 3.83836 0
0.63593 1.02819 2.55119 0.430204 3.84495 0
0.63593 1.02819 2.55119 0.430204 3.84495 0
0.63593 1.02819 2.55119 0.430204 3.84495 0
0.63593 1.02819 2.55119 0.430204 3.84495 0
0.63593 1.02819 2.55119 0.430204 3.84495 0
0.63593 1.02819 2.55119 0.430204 3.84495 0
0.63593 1.02819 2.55119 0.430204 3.84495 0
0.63593 1.02819 2.55119 0.430204 3.84495 0
0.63593 1.02819 2.55119 0.430204 3.84495 0
0.63593 1.02819 2.55119 0.430204 3.84495 0
0.63593 1.02819 2.55119 0.430204 3.84495 0
0.63593 1.02819 2.55119 0.430204 3.84495 0
0.63593 1.02819 2.55119 0.430204 3.84495 0
0.63593 1.02819 2.55119 0.430204 3.84495 0
0.63593 1.02819 2.55119 0.430204 3.84495 0
0.63593 1.02819 2.55119 0.430204 3.84495 0
0.63593 1.02819 2.55119 0.430204 3.84495 0
0.63593 1.02819 2.55119 0.430204 3.84495 0
0.63593 1.02819 2.55119 0.430204 3.84495 0
0.63593 1.02819 2.55119 0.430204 3.84495 0
0.634312 1.02889 2.57741 0.428116 3.83232 0
0.634312 1.02889 2.57741 0.428116 3.83232 0
0.634312 1.02889 2.57741 0.428116 3.83232 0
0.634312 1.02889 2.57741 0.428116 3.83232 0
0.634312 1.02889 2.57741 0.428116 3.83232 0
0.634312 1.02889 2.57741 0.428116 3.83232 0
0.634312 1.02889 2.57741 0.428116 3.83232 0
0.634312 1.02889 2.57741 0.428116 3.83232 0
0.634312 1.02889 2.57741 0.428116 3.83232 0
0.634312 1.02889 2.57741 0.428116 3.83232 0
0.634312 1.02889 2.57741 0.428116 3.83232 0
0.634312 1.02889 2.57741 0.428116 3.83232 0
0.634312 1.02889 2.57741 0.428116 3.83232 0
0.634312 1.02889 2.57741 0.428116 3.83232 0
0.634312 1.02889 2.57741 0.428116 3.83232 0
0.634312 1.02889 2.57741 0.428116 3.83232 0
0.634312 1.02889 2.57741 0.428116 3.83232 0
0.634312 1.02889 2.57741 0.428116 3.83232 0
0.634312 1.02889 2.57741 0.428116 3.83232 0
0.634312 1.02889 2.57741 0.428116 3.83232 0
0.634312 1.02889 2.57741 0.428116 3.83232 0
0.634312 1.02889 2.57741 0.428116 3.83232 0
0.631497 1.03079 2.60604 0.427208 3.8146 0
0.631497 1.03079 2.60604 0.427208 3.8146 0
0.631497 1.03079 2.60604 0.427208 3.8146 0
0.631497 1.03079 2.60604 0.427208 3.8146 0
0.631497 1.03079 2.60604 0.427208 3.8146 0
0.631497 1.03079 2.60604 0.427208 3.8146 0
0.631497 1.03079 2.60604 0.427208 3.8146 0
0.631497 1.03079 2.60604 0.427208 3.8146 0
0.631497 1.03079 2.60604 0.427208 3.8146 0
0.631497 1.03079 2.60604 0.427208 3.8146 0
0.631497 1.03079 2.60604 0.427208 3.8146 0
0.631497 1.03079 2.60604 0.427208 3.8146 0
0.631497 1.03079 2.60604 0.427208 3.8146 0
0.631497 1.03079 2.60604 0.427208 3.8146 0
0.631497 1.03079 2.60604 0.427208 3.8146 0
0.631497 1.03079 2.60604 0.427208 3.8146 0
0.631498 1.03177 2.61971 0.427757 3.8031 0
0.631497 1.03306 2.63741 0.428555 3.78824 0
0.631497 1.03306 2.63741 0.428555 3.78824 0
0.631497 1.03306 2.63741 0.428555 3.78824 0
0.631497 1.03306 2.63741 0.428555 3.78824 0
0.631497 1.03306 2.63741 0.428555 3.78824 0
0.631497 1.03306 2.63741 0.428555 3.78824 0
0.631497 1.03306 2.63741 0.428555 3.78824 0
0.631497 1.03306 2.63741 0.428555 3.78824 0
0.631497 1.03306 2.63741 0.428555 3.78824 0
0.631497 1.03306 2.63741 0.428555 3.78824 0
0.631497 1.03306 2.63741 0.428555 3.78824 0
0.631497 1.03306 2.63741 0.428555 3.78824 0
0.631497 1.03306 2.63741 0.428555 3.78824 0
0.631497 1.03306 2.63741 0.428555 3.78824 0
0.631497 1.03306 2.63741 0.428555 3.78824 0
0.631497 1.03306 2.63741 0.428555 3.78824 0
0.631497 1.03306 2.63741 0.428555 3.78824 0
0.631497 1.03306 2.63741 0.428555 3.78824 0
0.631497 1.03306 2.63741 0.428555 3.78824 0
0.631497 1.03306 2.63741 0.428555 3.78824 0
0.628857 1.03378 2.64654 0.428769 3.78128 0
0.628857 1.03378 2.64654 0.428769 3.78128 0
0.628857 1.03378 2.64654 0.428769 3.78128 0
0.628857 1.03378 2.64654 0.428769 3.78128 0
0.628857 1.03378 2.64654 0.428769 3.78128 0
0.628857 1.03378 2.64654 0.428769 3.78128 0
0.628857 1.03378 2.64654 0.428769 3.78128 0
0.628857 1.03378 2.64654 0.428769 3.78128 0
0.628857 1.03378 2.64654 0.428769 3.78128 0
0.628857 1.03378 2.64654 0.428769 3.78128 0
0.628857 1.03378 2.64654 0.428769 3.78128 0
0.628857 1.03378 2.64654 0.428769 3.78128 0
0.628857 1.03378 2.64654 0.428769 3.78128 0
0.628857 1.03378 2.64654 0.428769 3.78128 0
0.628857 1.03378 2.64654 0.428769 3.78128 0
0.628857 1.03378 2.64654 0.428769 3.78128 0
0.623713 1.03243 2.61347 0.426753 3.81148 0
0.622296 1.03308 2.61696 0.427235 3.8077 0
0.622296 1.03308 2.61696 0.427235 3.8077 0
0.622296 1.03308 2.61696 0.427235 3.8077 0
0.622296 1.03308 2.61696 0.427235 3.8077 0
0.622296 1.03308 2.61696 0.427235 3.8077 0
0.622296 1.03308 2.61696 0.427235 3.8077 0
0.622296 1.03308 2.61696 0.427235 3.8077 0
0.622296 1.03308 2.61696 0.427235 3.8077 0
0.622296 1.03308 2.61696 0.427235 3.8077 0
0.622296 1.03308 2.61696 0.427235 3.8077 0
0.622296 1.03308 2.61696 0.427235 3.8077 0
0.622296 1.03308 2.61696 0.427235 3.8077 0
0.622296 1.03308 2.61696 0.427235 3.8077 0
0.622296 1.03308 2.61696 0.427235 3.8077 0
0.622296 1.03308 2.61696 0.427235 3.8077 0
0.622296 1.03308 2.61696 0.427235 3.8077 0
0.622296 1.03308 2.61696 0.427235 3.8077 0
0.622296 1.03308 2.61696 0.427235 3.8077 0
0.622296 1.03308 2.61696 0.427235 3.8077 0
0.622296 1.03308 2.61696 0.427235 3.8077 0
0.620919 1.03413 2.62195 0.428386 3.8009 0
0.619492 1.03521 2.6264 0.429873 3.79355 0
0.619492 1.03521 2.6264 0.429873 3.79355 0
0.619492 1.03521 2.6264 0.429873 3.79355 0
0.619492 1.03521 2.6264 0.429873 3.79355 0
0.619492 1.03521 2.6264 0.429873 3.79355 0
0.619492 1.03521 2.6264 0.429873 3.79355 0
0.619492 1.03521 2.6264 0.429873 3.79355 0
0.619492 1.03521 2.6264 0.429873 3.79355 0
0.619492 1.03521 2.6264 0.429873 3.79355 0
0.619492 1.03521 2.6264 0.429873 3.79355 0
0.619492 1.03521 2.6264 0.429873 3.79355 0
0.619492 1.03521 2.6264 0.429873 3.79355 0
0.619492 1.03521 2.6264 0.429873 3.79355 0
0.619492 1.03521 2.6264 0.429873 3.79355 0
0.619492 1.03521 2.6264 0.429873 3.79355 0
0.619492 1.03521 2.6264 0.429873 3.79355 0
0.619492 1.03521 2.6264 0.429873 3.79355 0
0.616661 1.03693 2.62058 0.433691 3.78692 0
0.616661 1.03693 2.62058 0.433691 3.78692 0
0.616661 1.03693 2.62058 0.433691 3.78692 0
0.616661 1.03693 2.62058 0.433691 3.78692 0
0.616661 1.03693 2.62058 0.433691 3.78692 0
0.616661 1.03693 2.62058 0.433691 3.78692 0
0.616661 1.03693 2.62058 0.433691 3.78692 0
0.616661 1.03693 2.62058 0.433691 3.78692 0
0.616661 1.03693 2.62058 0.433691 3.78692 0
0.616661 1.03693 2.62058 0.433691 3.78692 0
0.616661 1.03693 2.62058 0.433691 3.78692 0
0.616661 1.03693 2.62058 0.433691 3.78692 0
0.616661 1.03693 2.62058 0.433691 3.78692 0
0.616661 1.03693 2.62058 0.433691 3.78692 0
0.616661 1.03693 2.62058 0.433691 3.78692 0
0.616661 1.03693 2.62058 0.433691 3.78692 0
0.616661 1.03693 2.62058 0.433691 3.78692 0
0.616661 1.03693 2.62058 0.433691 3.78692 0
0.616661 1.03693 2.62058 0.433691 3.78692 0
0.616661 1.03693 2.62058 0.433691 3.78692 0
0.616661 1.03693 2.62058 0.433691 3.78692 0
0.616661 1.03693 2.62058 0.433691 3.78692 0
0.616661 1.03693 2.62058 0.433691 3.78692 0
0.616661 1.03693 2.62058 0.433691 3.78692 0
0.616661 1.03693 2.62058 0.433691 3.78692 0
0.61535 1.03772 2.61412 0.436283 3.78397 0
0.614105 1.03843 2.60535 0.439098 3.78196 0
0.614105 1.03843 2.60535 0.439098 3.78196 0
0.614105 1.03843 2.60535 0.439098 3.78196 0
0.614105 1.03843 2.60535 0.439098 3.78196 0
0.614105 1.03843 2.60535 0.439098 3.78196 0
0.614105 1.03843 2.60535 0.439098 3.78196 0
0.614105 1.03843 2.60535 0.439098 3.78196 0
0.614105 1.03843 2.60535 0.439098 3.78196 0
0.614105 1.03843 2.60535 0.439098 3.78196 0
0.614105 1.03843 2.60535 0.439098 3.78196 0
0.614105 1.03843 2.60535 0.439098 3.78196 0
0.614105 1.03843 2.60535 0.439098 3.78196 0
0.614105 1.03843 2.60535 0.439098 3.78196 0
0.614105 1.03843 2.60535 0.439098 3.78196 0
0.614105 1.03843 2.60535 0.439098 3.78196 0
0.614105 1.03843 2.60535 0.439098 3.78196 0
0.614105 1.03843 2.60535 0.439098 3.78196 0
0.614105 1.03843 2.60535 0.439098 3.78196 0
0.614105 1.03843 2.60535 0.439098 3.78196 0
0.614105 1.03843 2.60535 0.439098 3.78196 0
0.611768 1.03992 2.58645 0.446003 3.775 0
0.611768 1.03992 2.58645 0.446003 3.775 0
0.611768 1.03992 2.58645 0.446003 3.775 0
0.611768 1.03992 2.58645 0.446003 3.775 0
0.611768 1.03992 2.58645 0.446003 3.775 0
0.611768 1.03992 2.58645 0.446003 3.775 0
0.611768 1.03992 2.58645 0.446003 3.775 0
0.611768 1.03992 2.58645 0.446003 3.775 0
0.611768 1.03992 2.58645 0.446003 3.775 0
0.611768 1.03992 2.58645 0.446003 3.775 0
0.611768 1.03992 2.58645 0.446003 3.775 0
0.611768 1.03992 2.58645 0.446003 3.775 0
0.611768 1.03992 2.58645 0.446003 3.775 0
0.611768 1.03992 2.58645 0.446003 3.775 0
0.611768 1.03992 2.58645 0.446003 3.775 0
0.611768 1.03992 2.58645 0.446003 3.775 0
0.611768 1.03992 2.58645 0.446003 3.775 0
0.611768 1.03992 2.58645 0.446003 3.775 0
0.61 1.0417 2.56378 0.451481 3.7744 0
0.61 1.0417 2.56378 0.451481 3.7744 0
0.61 1.0417 2.56378 0.451481 3.7744 0
0.61 1.0417 2.56378 0.451481 3.7744 0
0.61 1.0417 2.56378 0.451481 3.7744 0
0.61 1.0417 2.56378 0.451481 3.7744 0
0.61 1.0417 2.56378 0.451481 3.7744 0
0.61 1.0417 2.56378 0.451481 3.7744 0
0.61 1.0417 2.56378 0.451481 3.7744 0
0.61 1.0417 2.56378 0.451481 3.7744 0
0.61 1.0417 2.56378 0.451481 3.7744 0
0.61 1.0417 2.56378 0.451481 3.7744 0
0.61 1.0417 2.56378 0.451481 3.7744 0
0.61 1.0417 2.56378 0.451481 3.7744 0
0.61 1.0417 2.56378 0.451481 3.7744 0
0.61 1.0417 2.56378 0.451481 3.7744 0
0.61 1.0417 2.56378 0.451481 3.7744 0
0.608579 1.04408 2.54868 0.461502 3.75581 0
0.608579 1.04408 2.54868 0.461502 3.75581 0
0.608579 1.04408 2.54868 0.461502 3.75581 0
0.608579 1.04408 2.54868 0.461502 3.75581 0
0.608579 1.04408 2.54868 0.461502 3.75581 0
0.608579 1.04408 2.54868 0.461502 3.75581 0
0.608579 1.04408 2.54868 0.461502 3.75581 0
0.608579 1.04408 2.54868 0.461502 3.75581 0
0.608579 1.04408 2.54868 0.461502 3.75581 0
0.608579 1.04408 2.54868 0.461502 3.75581 0
0.608579 1.04408 2.54868 0.461502 3.75581 0
0.608579 1.04408 2.54868 0.461502 3.75581 0
0.608579 1.04408 2.54868 0.461502 3.75581 0
0.608579 1.04408 2.54868 0.461502 3.75581 0
0.608579 1.04408 2.54868 0.461502 3.75581 0
0.608579 1.04408 2.54868 0.461502 3.75581 0
0.608579 1.04408 2.54868 0.461502 3.75581 0
0.608579 1.04408 2.54868 0.461502 3.75581 0
0.608579 1.04408 2.54868 0.461502 3.75581 0
0.606667 1.04686 2.5286 0.475643 3.7306 0
0.606667 1.04686 2.5286 0.475643 3.7306 0
0.606667 1.04686 2.5286 0.475643 3.7306 0
0.606667 1.04686 2.5286 0.475643 3.7306 0
0.606667 1.04686 2.5286 0.475643 3.7306 0
0.606667 1.04686 2.5286 0.475643 3.7306 0
0.606667 1.04686 2.5286 0.475643 3.7306 0
0.606667 1.04686 2.5286 0.475643 3.7306 0
0.606667 1.04686 2.5286 0.475643 3.7306 0
0.606667 1.04686 2.5286 0.475643 3.7306 0
0.606667 1.04686 2.5286 0.475643 3.7306 0
0.606667 1.04686 2.5286 0.475643 3.7306 0
0.606667 1.04686 2.5286 0.475643 3.7306 0
0.606667 1.04686 2.5286 0.475643 3.7306 0
0.606667 1.04686 2.5286 0.475643 3.7306 0
0.606667 1.04686 2.5286 0.475643 3.7306 0
0.606667 1.04686 2.5286 0.475643 3.7306 0
0.606667 1.04686 2.5286 0.475643 3.7306 0
0.606667 1.04686 2.5286 0.475643 3.7306 0
0.606667 1.04686 2.5286 0.475643 3.7306 0
0.606667 1.04686 2.5286 0.475643 3.7306 0
0.605567 1.05004 2.52213 0.486803 3.70525 0
0.605567 1.05004 2.52213 0.486803 3.70525 0
0.605567 1.05004 2.52213 0.486803 3.70525 0
0.605567 1.05004 2.52213 0.486803 3.70525 0
0.605567 1.05004 2.52213 0.486803 3.70525 0
0.605567 1.05004 2.52213 0.486803 3.70525 0
0.605567 1.05004 2.52213 0.486803 3.70525 0
0.605567 1.05004 2.52213 0.486803 3.70525 0
0.605567 1.05004 2.52213 0.486803 3.70525 0
0.605567 1.05004 2.52213 0.486803 3.70525 0
0.605567 1.05004 2.52213 0.486803 3.70525 0
0.605567 1.05004 2.52213 0.486803 3.70525 0
0.605567 1.05004 2.52213 0.486803 3.70525 0
0.605567 1.05004 2.52213 0.486803 3.70525 0
0.605567 1.05004 2.52213 0.486803 3.70525 0
0.605567 1.05004 2.52213 0.486803 3.70525 0
0.605567 1.05004 2.52213 0.486803 3.70525 0
0.605567 1.05004 2.52213 0.486803 3.70525 0
0.605567 1.05004 2.52213 0.486803 3.70525 0
0.605567 1.05004 2.52213 0.486803 3.70525 0
0.605567 1.05004 2.52213 0.486803 3.70525 0
0.603638 1.05295 2.49733 0.497296 3.6936 0
0.603638 1.05295 2.49733 0.497296 3.6936 0
0.603638 1.05295 2.49733 0.497296 3.6936 0
0.603638 1.05295 2.49733 0.497296 3.6936 0
0.603638 1.05295 2.49733 0.497296 3.6936 0
0.603638 1.05295 2.49733 0.497296 3.6936 0
0.603638 1.05295 2.49733 0.497296 3.6936 0
0.603638 1.05295 2.49733 0.497296 3.6936 0
0.603638 1.05295 2.49733 0.497296 3.6936 0
0.603638 1.05295 2.49733 0.497296 3.6936 0
0.603638 1.05295 2.49733 0.497296 3.6936 0
0.603638 1.05295 2.49733 0.497296 3.6936 0
0.603638 1.05295 2.49733 0.497296 3.6936 0
0.603638 1.05295 2.49733 0.497296 3.6936 0
0.603638 1.05295 2.49733 0.497296 3.6936 0
0.603638 1.05295 2.49733 0.497296 3.6936 0
0.603638 1.05295 2.49733 0.497296 3.6936 0
0.603638 1.05295 2.49733 0.497296 3.6936 0
0.603638 1.05295 2.49733 0.497296 3.6936 0
0.601866 1.05613 2.46978 0.507642 3.68413 0
0.601866 1.05613 2.46978 0.507642 3.68413 0
0.601866 1.05613 2.46978 0.507642 3.68413 0
0.601866 1.05613 2.46978 0.507642 3.68413 0
0.601866 1.05613 2.46978 0.507642 3.68413 0
0.601866 1.05613 2.46978 0.507642 3.68413 0
0.601866 1.05613 2.46978 0.507642 3.68413 0
0.601866 1.05613 2.46978 0.507642 3.68413 0
0.601866 1.05613 2.46978 0.507642 3.68413 0
0.601866 1.05613 2.46978 0.507642 3.68413 0
0.601866 1.05613 2.46978 0.507642 3.68413 0
0.601866 1.05613 2.46978 0.507642 3.68413 0
0.601866 1.05613 2.46978 0.507642 3.68413 0
0.601866 1.05613 2.46978 0.507642 3.68413 0
0.601866 1.05613 2.46978 0.507642 3.68413 0
0.601866 1.05613 2.46978 0.507642 3.68413 0
0.601866 1.05613 2.46978 0.507642 3.68413 0
0.601866 1.05613 2.46978 0.507642 3.68413 0
0.601866 1.05613 2.46978 0.507642 3.68413 0
0.599027 1.05906 2.42796 0.51731 3.68446 0
0.599027 1.05906 2.42796 0.51731 3.68446 0
0.599027 1.05906 2.42796 0.51731 3.68446 0
0.599027 1.05906 2.42796 0.51731 3.68446 0
0.599027 1.05906 2.42796 0.51731 3.68446 0
0.599027 1.05906 2.42796 0.51731 3.68446 0
0.599027 1.05906 2.42796 0.51731 3.68446 0
0.599027 1.05906 2.42796 0.51731 3.68446 0
0.599027 1.05906 2.42796 0.51731 3.68446 0
0.599027 1.05906 2.42796 0.51731 3.68446 0
0.599027 1.05906 2.42796 0.51731 3.68446 0
0.599027 1.05906 2.42796 0.51731 3.68446 0
0.599027 1.05906 2.42796 0.51731 3.68446 0
0.599027 1.05906 2.42796 0.51731 3.68446 0
0.599027 1.05906 2.42796 0.51731 3.68446 0
0.599027 1.05906 2.42796 0.51731 3.68446 0
0.599027 1.05906 2.42796 0.51731 3.68446 0
0.599027 1.05906 2.42796 0.51731 3.68446 0
0.599027 1.05906 2.42796 0.51731 3.68446 0
0.599027 1.05906 2.42796 0.51731 3.68446 0
0.599027 1.05906 2.42796 0.51731 3.68446 0
0.595942 1.06277 2.3811 0.527232 3.68708 0
0.595942 1.06277 2.3811 0.527232 3.68708 0
0.595942 1.06277 2.3811 0.527232 3.68708 0
0.595942 1.06277 2.3811 0.527232 3.68708 0
0.595942 1.06277 2.3811 0.527232 3.68708 0
0.595942 1.06277 2.3811 0.527232 3.68708 0
0.595942 1.06277 2.3811 0.527232 3.68708 0
0.595942 1.06277 2.3811 0.527232 3.68708 0
0.595942 1.06277 2.3811 0.527232 3.68708 0
0.595942 1.06277 2.3811 0.527232 3.68708 0
0.595942 1.06277 2.3811 0.527232 3.68708 0
0.595942 1.06277 2.3811 0.527232 3.68708 0
0.595942 1.06277 2.3811 0.527232 3.68708 0
0.595942 1.06277 2.3811 0.527232 3.68708 0
0.595942 1.06277 2.3811 0.527232 3.68708 0
0.595942 1.06277 2.3811 0.527232 3.68708 0
0.592933 1.06679 2.34249 0.537153 3.68461 0
0.592933 1.06679 2.34249 0.537153 3.68461 0
0.592933 1.06679 2.34249 0.537153 3.68461 0
0.592933 1.06679 2.34249 0.537153 3.68461 0
0.592933 1.06679 2.34249 0.537153 3.68461 0
0.592933 1.06679 2.34249 0.537153 3.68461 0
0.592933 1.06679 2.34249 0.537153 3.68461 0
0.592933 1.06679 2.34249 0.537153 3.68461 0
0.592933 1.06679 2.34249 0.537153 3.68461 0
0.592933 1.06679 2.34249 0.537153 3.68461 0
0.592933 1.06679 2.34249 0.537153 3.68461 0
0.592933 1.06679 2.34249 0.537153 3.68461 0
0.592933 1.06679 2.34249 0.537153 3.68461 0
0.592933 1.06679 2.34249 0.537153 3.68461 0
0.592933 1.06679 2.34249 0.537153 3.68461 0
0.592933 1.06679 2.34249 0.537153 3.68461 0
0.592933 1.06679 2.34249 0.537153 3.68461 0
0.592933 1.06679 2.34249 0.537153 3.68461 0
0.592933 1.06679 2.34249 0.537153 3.68461 0
0.592933 1.06679 2.34249 0.537153 3.68461 0
0.588948 1.07136 2.27354 0.546325 3.70116 0
0.588948 1.07136 2.27354 0.546325 3.70116 0
0.588948 1.07136 2.27354 0.546325 3.70116 0
0.588948 1.07136 2.27354 0.546325 3.70116 0
0.588948 1.07136 2.27354 0.546325 3.70116 0
0.588948 1.07136 2.27354 0.546325 3.70116 0
0.588948 1.07136 2.27354 0.546325 3.70116 0
0.588948 1.07136 2.27354 0.546325 3.70116 0
0.588948 1.07136 2.27354 0.546325 3.70116 0
0.588948 1.07136 2.27354 0.546325 3.70116 0
0.588948 1.07136 2.27354 0.546325 3.70116 0
0.588948 1.07136 2.27354 0.546325 3.70116 0
0.588948 1.07136 2.27354 0.546325 3.70116 0
0.588948 1.07136 2.27354 0.546325 3.70116 0
0.588948 1.07136 2.27354 0.546325 3.70116 0
0.588948 1.07136 2.27354 0.546325 3.70116 0
0.588948 1.07136 2.27354 0.546325 3.70116 0
0.588948 1.07136 2.27354 0.546325 3.70116 0
0.586954 1.07433 2.24974 0.551527 3.70187 0
0.584717 1.07741 2.22698 0.556512 3.70245 0
0.584717 1.07741 2.22698 0.556512 3.70245 0
0.584717 1.07741 2.22698 0.556512 3.70245 0
0.584717 1.07741 2.22698 0.556512 3.70245 0
0.584717 1.07741 2.22698 0.556512 3.70245 0
0.584717 1.07741 2.22698 0.556512 3.70245 0
0.584717 1.07741 2.22698 0.556512 3.70245 0
0.584717 1.07741 2.22698 0.556512 3.70245 0
0.584717 1.07741 2.22698 0.556512 3.70245 0
0.584717 1.07741 2.22698 0.556512 3.70245 0
0.584717 1.07741 2.22698 0.556512 3.70245 0
0.584717 1.07741 2.22698 0.556512 3.70245 0
0.584717 1.07741 2.22698 0.556512 3.70245 0
0.584717 1.07741 2.22698 0.556512 3.70245 0
0.584717 1.07741 2.22698 0.556512 3.70245 0
0.584717 1.07741 2.22698 0.556512 3.70245 0
0.584717 1.07741 2.22698 0.556512 3.70245 0
0.584717 1.07741 2.22698 0.556512 3.70245 0
0.584717 1.07741 2.22698 0.556512 3.70245 0
0.584717 1.07741 2.22698 0.556512 3.70245 0
0.584717 1.07741 2.22698 0.556512 3.70245 0
0.577967 1.08568 2.14233 0.564776 3.73161 0
0.577967 1.08568 2.14233 0.564776 3.73161 0
0.577967 1.08568 2.14233 0.564776 3.73161 0
0.577967 1.08568 2.14233 0.564776 3.73161 0
0.577967 1.08568 2.14233 0.564776 3.73161 0
0.577967 1.08568 2.14233 0.564776 3.73161 0
0.577967 1.08568 2.14233 0.564776 3.73161 0
0.577967 1.08568 2.14233 0.564776 3.73161 0
0.577967 1.08568 2.14233 0.564776 3.73161 0
0.577967 1.08568 2.14233 0.564776 3.73161 0
0.577967 1.08568 2.14233 0.564776 3.73161 0
0.577967 1.08568 2.14233 0.564776 3.73161 0
0.577967 1.08568 2.14233 0.564776 3.73161 0
0.577967 1.08568 2.14233 0.564776 3.73161 0
0.577967 1.08568 2.14233 0.564776 3.73161 0
0.577967 1.08568 2.14233 0.564776 3.73161 0
0.577967 1.08568 2.14233 0.564776 3.73161 0
0.577967 1.08568 2.14233 0.564776 3.73161 0
0.577967 1.08568 2.14233 0.564776 3.73161 0
0.577967 1.08568 2.14233 0.564776 3.73161 0
0.573177 1.0942 2.10469 0.573927 3.73105 0
0.573177 1.0942 2.10469 0.573927 3.73105 0
0.573177 1.0942 2.10469 0.573927 3.73105 0
0.573177 1.0942 2.10469 0.573927 3.73105 0
0.573177 1.0942 2.10469 0.573927 3.73105 0
0.573177 1.0942 2.10469 0.573927 3.73105 0
0.573177 1.0942 2.10469 0.573927 3.73105 0
0.573177 1.0942 2.10469 0.573927 3.73105 0
0.573177 1.0942 2.10469 0.573927 3.73105 0
0.573177 1.0942 2.10469 0.573927 3.73105 0
0.573177 1.0942 2.10469 0.573927 3.73105 0
0.573177 1.0942 2.10469 0.573927 3.73105 0
0.573177 1.0942 2.10469 0.573927 3.73105 0
0.573177 1.0942 2.10469 0.573927 3.73105 0
0.573177 1.0942 2.10469 0.573927 3.73105 0
0.573177 1.0942 2.10469 0.573927 3.73105 0
0.573177 1.0942 2.10469 0.573927 3.73105 0
0.573177 1.0942 2.10469 0.573927 3.73105 0
0.573177 1.0942 2.10469 0.573927 3.73105 0
0.573177 1.0942 2.10469 0.573927 3.73105 0
0.566454 1.10424 2.03261 0.583907 3.74741 0
0.566454 1.10424 2.03261 0.583907 3.74741 0
0.566454 1.10424 2.03261 0.583907 3.74741 0
0.566454 1.10424 2.03261 0.583907 3.74741 0
0.566454 1.10424 2.03261 0.583907 3.74741 0
0.566454 1.10424 2.03261 0.583907 3.74741 0
0.566454 1.10424 2.03261 0.583907 3.74741 0
0.566454 1.10424 2.03261 0.583907 3.74741 0
0.566454 1.10424 2.03261 0.583907 3.74741 0
0.566454 1.10424 2.03261 0.583907 3.74741 0
0.566454 1.10424 2.03261 0.583907 3.74741 0
0.566454 1.10424 2.03261 0.583907 3.74741 0
0.566454 1.10424 2.03261 0.583907 3.74741 0
0.566454 1.10424 2.03261 0.583907 3.74741 0
0.559768 1.11525 1.96528 0.595075 3.75673 0
0.559768 1.11525 1.96528 0.595075 3.75673 0
0.559768 1.11525 1.96528 0.595075 3.75673 0
0.559768 1.11525 1.96528 0.595075 3.75673 0
0.559768 1.11525 1.96528 0.595075 3.75673 0
0.559768 1.11525 1.96528 0.595075 3.75673 0
0.559768 1.11525 1.96528 0.595075 3.75673 0
0.559768 1.11525 1.96528 0.595075 3.75673 0
0.559768 1.11525 1.96528 0.595075 3.75673 0
0.559768 1.11525 1.96528 0.595075 3.75673 0
0.559768 1.11525 1.96528 0.595075 3.75673 0
0.559768 1.11525 1.96528 0.595075 3.75673 0
0.559768 1.11525 1.96528 0.595075 3.75673 0
0.559768 1.11525 1.96528 0.595075 3.75673 0
0.559768 1.11525 1.96528 0.595075 3.75673 0
0.559768 1.11525 1.96528 0.595075 3.75673 0
0.559768 1.11525 1.96528 0.595075 3.75673 0
0.559768 1.11525 1.96528 0.595075 3.75673 0
0.559768 1.11525 1.96528 0.595075 3.75673 0
0.559768 1.11525 1.96528 0.595075 3.75673 0
0.559768 1.11525 1.96528 0.595075 3.75673 0
0.559768 1.11525 1.96528 0.595075 3.75673 0
0.559768 1.11525 1.96528 0.595075 3.75673 0
0.55347 1.12749 1.89784 0.600865 3.78633 0
0.55347 1.12749 1.89784 0.600865 3.78633 0
0.55347 1.12749 1.89784 0.600865 3.78633 0
0.55347 1.12749 1.89784 0.600865 3.78633 0
0.55347 1.12749 1.89784 0.600865 3.78633 0
0.55347 1.12749 1.89784 0.600865 3.78633 0
0.55347 1.12749 1.89784 0.600865 3.78633 0
0.55347 1.12749 1.89784 0.600865 3.78633 0
0.55347 1.12749 1.89784 0.600865 3.78633 0
0.55347 1.12749 1.89784 0.600865 3.78633 0
0.55347 1.12749 1.89784 0.600865 3.78633 0
0.55347 1.12749 1.89784 0.600865 3.78633 0
0.55347 1.12749 1.89784 0.600865 3.78633 0
0.55347 1.12749 1.89784 0.600865 3.78633 0
0.55347 1.12749 1.89784 0.600865 3.78633 0
0.55347 1.12749 1.89784 0.600865 3.78633 0
0.55347 1.12749 1.89784 0.600865 3.78633 0
0.55347 1.12749 1.89784 0.600865 3.78633 0
0.55347 1.12749 1.89784 0.600865 3.78633 0
0.550161 1.13381 1.87184 0.606947 3.78457 0
0.547188 1.13977 1.84804 0.613008 3.78101 0
0.547188 1.13977 1.84804 0.613008 3.78101 0
0.547188 1.13977 1.84804 0.613008 3.78101 0
0.547188 1.13977 1.84804 0.613008 3.78101 0
0.547188 1.13977 1.84804 0.613008 3.78101 0
0.547188 1.13977 1.84804 0.613008 3.78101 0
0.547188 1.13977 1.84804 0.613008 3.78101 0
0.547188 1.13977 1.84804 0.613008 3.78101 0
0.547188 1.13977 1.84804 0.613008 3.78101 0
0.547188 1.13977 1.84804 0.613008 3.78101 0
0.547188 1.13977 1.84804 0.613008 3.78101 0
0.547188 1.13977 1.84804 0.613008 3.78101 0
0.547188 1.13977 1.84804 0.613008 3.78101 0
0.547188 1.13977 1.84804 0.613008 3.78101 0
0.547188 1.13977 1.84804 0.613008 3.78101 0
0.547188 1.13977 1.84804 0.613008 3.78101 0
0.547188 1.13977 1.84804 0.613008 3.78101 0
0.547188 1.13977 1.84804 0.613008 3.78101 0
0.544507 1.14387 1.8466 0.625382 3.73917 0
0.541744 1.14884 1.83297 0.631805 3.72775 0
0.541744 1.14884 1.83297 0.631805 3.72775 0
0.541744 1.14884 1.83297 0.631805 3.72775 0
0.541744 1.14884 1.83297 0.631805 3.72775 0
0.541744 1.14884 1.83297 0.631805 3.72775 0
0.541744 1.14884 1.83297 0.631805 3.72775 0
0.541744 1.14884 1.83297 0.631805 3.72775 0
0.541744 1.14884 1.83297 0.631805 3.72775 0
0.541744 1.14884 1.83297 0.631805 3.72775 0
0.541744 1.14884 1.83297 0.631805 3.72775 0
0.541744 1.14884 1.83297 0.631805 3.72775 0
0.541744 1.14884 1.83297 0.631805 3.72775 0
0.541744 1.14884 1.83297 0.631805 3.72775 0
0.541744 1.14884 1.83297 0.631805 3.72775 0
0.541744 1.14884 1.83297 0.631805 3.72775 0
0.541744 1.14884 1.83297 0.631805 3.72775 0
0.541744 1.14884 1.83297 0.631805 3.72775 0
0.535509 1.16155 1.78312 0.643781 3.72005 0
0.535509 1.16155 1.78312 0.643781 3.72005 0
0.535509 1.16155 1.78312 0.643781 3.72005 0
0.535509 1.16155 1.78312 0.643781 3.72005 0
0.535509 1.16155 1.78312 0.643781 3.72005 0
0.535509 1.16155 1.78312 0.643781 3.72005 0
0.535509 1.16155 1.78312 0.643781 3.72005 0
0.535509 1.16155 1.78312 0.643781 3.72005 0
0.535509 1.16155 1.78312 0.643781 3.72005 0
0.535509 1.16155 1.78312 0.643781 3.72005 0
0.535509 1.16155 1.78312 0.643781 3.72005 0
0.535509 1.16155 1.78312 0.643781 3.72005 0
0.535509 1.16155 1.78312 0.643781 3.72005 0
0.535509 1.16155 1.78312 0.643781 3.72005 0
0.535509 1.16155 1.78312 0.643781 3.72005 0
0.535509 1.16155 1.78312 0.643781 3.72005 0
0.535509 1.16155 1.78312 0.643781 3.72005 0
0.535509 1.16155 1.78312 0.643781 3.72005 0
0.535509 1.16155 1.78312 0.643781 3.72005 0
0.535509 1.16155 1.78312 0.643781 3.72005 0
0.535509 1.16155 1.78312 0.643781 3.72005 0
0.535509 1.16155 1.78312 0.643781 3.72005 0
0.530076 1.1741 1.73925 0.656164 3.70649 0
0.530076 1.1741 1.73925 0.656164 3.70649 0
0.530076 1.1741 1.73925 0.656164 3.70649 0
0.530076 1.1741 1.73925 0.656164 3.70649 0
0.530076 1.1741 1.73925 0.656164 3.70649 0
0.530076 1.1741 1.73925 0.656164 3.70649 0
0.530076 1.1741 1.73925 0.656164 3.70649 0
0.530076 1.1741 1.73925 0.656164 3.70649 0
0.530076 1.1741 1.73925 0.656164 3.70649 0
0.530076 1.1741 1.73925 0.656164 3.70649 0
0.530076 1.1741 1.73925 0.656164 3.70649 0
0.530076 1.1741 1.73925 0.656164 3.70649 0
0.530076 1.1741 1.73925 0.656164 3.70649 0
0.530076 1.1741 1.73925 0.656164 3.70649 0
0.530076 1.1741 1.73925 0.656164 3.70649 0
0.530076 1.1741 1.73925 0.656164 3.70649 0
0.530076 1.1741 1.73925 0.656164 3.70649 0
0.530076 1.1741 1.73925 0.656164 3.70649 0
0.524211 1.1885 1.68691 0.667925 3.69868 0
0.524211 1.1885 1.68691 0.667925 3.69868 0
0.524211 1.1885 1.68691 0.667925 3.69868 0
0.524211 1.1885 1.68691 0.667925 3.69868 0
0.524211 1.1885 1.68691 0.667925 3.69868 0
0.524211 1.1885 1.68691 0.667925 3.69868 0
0.524211 1.1885 1.68691 0.667925 3.69868 0
0.524211 1.1885 1.68691 0.667925 3.69868 0
0.524211 1.1885 1.68691 0.667925 3.69868 0
0.524211 1.1885 1.68691 0.667925 3.69868 0
0.524211 1.1885 1.68691 0.667925 3.69868 0
0.524211 1.1885 1.68691 0.667925 3.69868 0
0.524211 1.1885 1.68691 0.667925 3.69868 0
0.524211 1.1885 1.68691 0.667925 3.69868 0
0.524211 1.1885 1.68691 0.667925 3.69868 0
0.524211 1.1885 1.68691 0.667925 3.69868 0
0.524211 1.1885 1.68691 0.667925 3.69868 0
0.524211 1.1885 1.68691 0.667925 3.69868 0
0.524211 1.1885 1.68691 0.667925 3.69868 0
0.519584 1.20127 1.64784 0.680152 3.68021 0
0.519584 1.20127 1.64784 0.680152 3.68021 0
0.519584 1.20127 1.64784 0.680152 3.68021 0
0.519584 1.20127 1.64784 0.680152 3.68021 0
0.519584 1.20127 1.64784 0.680152 3.68021 0
0.519584 1.20127 1.64784 0.680152 3.68021 0
0.519584 1.20127 1.64784 0.680152 3.68021 0
0.519584 1.20127 1.64784 0.680152 3.68021 0
0.519584 1.20127 1.64784 0.680152 3.68021 0
0.519584 1.20127 1.64784 0.680152 3.68021 0
0.519584 1.20127 1.64784 0.680152 3.68021 0
0.519584 1.20127 1.64784 0.680152 3.68021 0
0.519584 1.20127 1.64784 0.680152 3.68021 0
0.519584 1.20127 1.64784 0.680152 3.68021 0
0.519584 1.20127 1.64784 0.680152 3.68021 0
0.519584 1.20127 1.64784 0.680152 3.68021 0
0.519584 1.20127 1.64784 0.680152 3.68021 0
0.519584 1.20127 1.64784 0.680152 3.68021 0
0.519584 1.20127 1.64784 0.680152 3.68021 0
0.519584 1.20127 1.64784 0.680152 3.68021 0
0.519584 1.20127 1.64784 0.680152 3.68021 0
0.519584 1.20127 1.64784 0.680152 3.68021 0
0.519584 1.20127 1.64784 0.680152 3.68021 0
0.514936 1.21422 1.60856 0.692127 3.66118 0
0.514936 1.21422 1.60856 0.692127 3.66118 0
0.514936 1.21422 1.60856 0.692127 3.66118 0
0.514936 1.21422 1.60856 0.692127 3.66118 0
0.514936 1.21422 1.60856 0.692127 3.66118 0
0.514936 1.21422 1.60856 0.692127 3.66118 0
0.514936 1.21422 1.60856 0.692127 3.66118 0
0.514936 1.21422 1.60856 0.692127 3.66118 0
0.514936 1.21422 1.60856 0.692127 3.66118 0
0.514936 1.21422 1.60856 0.692127 3.66118 0
0.514936 1.21422 1.60856 0.692127 3.66118 0
0.514936 1.21422 1.60856 0.692127 3.66118 0
0.514936 1.21422 1.60856 0.692127 3.66118 0
0.514936 1.21422 1.60856 0.692127 3.66118 0
0.514936 1.21422 1.60856 0.692127 3.66118 0
0.510657 1.22552 1.58097 0.704413 3.63347 0
0.510657 1.22552 1.58097 0.704413 3.63347 0
0.510657 1.22552 1.58097 0.704413 3.63347 0
0.510657 1.22552 1.58097 0.704413 3.63347 0
0.510657 1.22552 1.58097 0.704413 3.63347 0
0.510657 1.22552 1.58097 0.704413 3.63347 0
0.510657 1.22552 1.58097 0.704413 3.63347 0
0.510657 1.22552 1.58097 0.704413 3.63347 0
0.510657 1.22552 1.58097 0.704413 3.63347 0
0.510657 1.22552 1.58097 0.704413 3.63347 0
0.510657 1.22552 1.58097 0.704413 3.63347 0
0.510657 1.22552 1.58097 0.704413 3.63347 0
0.510657 1.22552 1.58097 0.704413 3.63347 0
0.510657 1.22552 1.58097 0.704413 3.63347 0
0.510657 1.22552 1.58097 0.704413 3.63347 0
0.510657 1.22552 1.58097 0.704413 3.63347 0
0.510657 1.22552 1.58097 0.704413 3.63347 0
0.510657 1.22552 1.58097 0.704413 3.63347 0
0.510657 1.22552 1.58097 0.704413 3.63347 0
0.510657 1.22552 1.58097 0.704413 3.63347 0
0.510657 1.22552 1.58097 0.704413 3.63347 0
0.510657 1.22552 1.58097 0.704413 3.63347 0
0.510657 1.22552 1.58097 0.704413 3.63347 0
0.506475 1.23604 1.55452 0.71645 3.60428 0
0.506475 1.23604 1.55452 0.71645 3.60428 0
0.506475 1.23604 1.55452 0.71645 3.60428 0
0.506475 1.23604 1.55452 0.71645 3.60428 0
0.506475 1.23604 1.55452 0.71645 3.60428 0
0.506475 1.23604 1.55452 0.71645 3.60428 0
0.506475 1.23604 1.55452 0.71645 3.60428 0
0.506475 1.23604 1.55452 0.71645 3.60428 0
0.506475 1.23604 1.55452 0.71645 3.60428 0
0.506475 1.23604 1.55452 0.71645 3.60428 0
0.506475 1.23604 1.55452 0.71645 3.60428 0
0.506475 1.23604 1.55452 0.71645 3.60428 0
0.506475 1.23604 1.55452 0.71645 3.60428 0
0.506475 1.23604 1.55452 0.71645 3.60428 0
0.506475 1.23604 1.55452 0.71645 3.60428 0
0.506475 1.23604 1.55452 0.71645 3.60428 0
0.506475 1.23604 1.55452 0.71645 3.60428 0
0.506475 1.23604 1.55452 0.71645 3.60428 0
0.506475 1.23604 1.55452 0.71645 3.60428 0
0.506475 1.23604 1.55452 0.71645 3.60428 0
0.506475 1.23604 1.55452 0.71645 3.60428 0
0.502711 1.24776 1.52409 0.72776 3.5788 0
0.502711 1.24776 1.52409 0.72776 3.5788 0
0.502711 1.24776 1.52409 0.72776 3.5788 0
0.502711 1.24776 1.52409 0.72776 3.5788 0
0.502711 1.24776 1.52409 0.72776 3.5788 0
0.502711 1.24776 1.52409 0.72776 3.5788 0
0.502711 1.24776 1.52409 0.72776 3.5788 0
0.502711 1.24776 1.52409 0.72776 3.5788 0
0.502711 1.24776 1.52409 0.72776 3.5788 0
0.502711 1.24776 1.52409 0.72776 3.5788 0
0.502711 1.24776 1.52409 0.72776 3.5788 0
0.502711 1.24776 1.52409 0.72776 3.5788 0
0.502711 1.24776 1.52409 0.72776 3.5788 0
0.502711 1.24776 1.52409 0.72776 3.5788 0
0.502711 1.24776 1.52409 0.72776 3.5788 0
0.502711 1.24776 1.52409 0.72776 3.5788 0
0.502711 1.24776 1.52409 0.72776 3.5788 0
0.502711 1.24776 1.52409 0.72776 3.5788 0
0.502711 1.24776 1.52409 0.72776 3.5788 0
0.502711 1.24776 1.52409 0.72776 3.5788 0
0.502711 1.24776 1.52409 0.72776 3.5788 0
0.502711 1.24776 1.52409 0.72776 3.5788 0
0.502711 1.24776 1.52409 0.72776 3.5788 0
0.499356 1.25812 1.49835 0.738027 3.55284 0
0.499356 1.25812 1.49835 0.738027 3.55284 0
0.499356 1.25812 1.49835 0.738027 3.55284 0
0.499356 1.25812 1.49835 0.738027 3.55284 0
0.499356 1.25812 1.49835 0.738027 3.55284 0
0.499356 1.25812 1.49835 0.738027 3.55284 0
0.499356 1.25812 1.49835 0.738027 3.55284 0
0.499356 1.25812 1.49835 0.738027 3.55284 0
0.499356 1.25812 1.49835 0.738027 3.55284 0
0.499356 1.25812 1.49835 0.738027 3.55284 0
0.499356 1.25812 1.49835 0.738027 3.55284 0
0.499356 1.25812 1.49835 0.738027 3.55284 0
0.499356 1.25812 1.49835 0.738027 3.55284 0
0.499356 1.25812 1.49835 0.738027 3.55284 0
0.499356 1.25812 1.49835 0.738027 3.55284 0
0.499356 1.25812 1.49835 0.738027 3.55284 0
0.499356 1.25812 1.49835 0.738027 3.55284 0
0.499356 1.25812 1.49835 0.738027 3.55284 0
0.499356 1.25812 1.49835 0.738027 3.55284 0
0.495073 1.27238 1.45373 0.747198 3.53858 0
0.495073 1.27238 1.45373 0.747198 3.53858 0
0.495073 1.27238 1.45373 0.747198 3.53858 0
0.495073 1.27238 1.45373 0.747198 3.53858 0
0.495073 1.27238 1.45373 0.747198 3.53858 0
0.495073 1.27238 1.45373 0.747198 3.53858 0
0.495073 1.27238 1.45373 0.747198 3.53858 0
0.495073 1.27238 1.45373 0.747198 3.53858 0
0.495073 1.27238 1.45373 0.747198 3.53858 0
0.495073 1.27238 1.45373 0.747198 3.53858 0
0.495073 1.27238 1.45373 0.747198 3.53858 0
0.495073 1.27238 1.45373 0.747198 3.53858 0
0.495073 1.27238 1.45373 0.747198 3.53858 0
0.495073 1.27238 1.45373 0.747198 3.53858 0
0.495073 1.27238 1.45373 0.747198 3.53858 0
0.495073 1.27238 1.45373 0.747198 3.53858 0
0.495073 1.27238 1.45373 0.747198 3.53858 0
0.495073 1.27238 1.45373 0.747198 3.53858 0
0.495073 1.27238 1.45373 0.747198 3.53858 0
0.495073 1.27238 1.45373 0.747198 3.53858 0
0.491611 1.28219 1.43166 0.756076 3.51382 0
0.491611 1.28219 1.43166 0.756076 3.51382 0
0.491611 1.28219 1.43166 0.756076 3.51382 0
0.491611 1.28219 1.43166 0.756076 3.51382 0
0.491611 1.28219 1.43166 0.756076 3.51382 0
0.491611 1.28219 1.43166 0.756076 3.51382 0
0.491611 1.28219 1.43166 0.756076 3.51382 0
0.491611 1.28219 1.43166 0.756076 3.51382 0
0.491611 1.28219 1.43166 0.756076 3.51382 0
0.491611 1.28219 1.43166 0.756076 3.51382 0
0.491611 1.28219 1.43166 0.756076 3.51382 0
0.491611 1.28219 1.43166 0.756076 3.51382 0
0.491611 1.28219 1.43166 0.756076 3.51382 0
0.491611 1.28219 1.43166 0.756076 3.51382 0
0.491611 1.28219 1.43166 0.756076 3.51382 0
0.491611 1.28219 1.43166 0.756076 3.51382 0
0.491611 1.28219 1.43166 0.756076 3.51382 0
0.491611 1.28219 1.43166 0.756076 3.51382 0
0.491611 1.28219 1.43166 0.756076 3.51382 0
0.491611 1.28219 1.43166 0.756076 3.51382 0
0.491611 1.28219 1.43166 0.756076 3.51382 0
0.489369 1.29003 1.40362 0.759687 3.51125 0
0.486783 1.29977 1.36435 0.762543 3.51605 0
0.486783 1.29977 1.36435 0.762543 3.51605 0
0.486783 1.29977 1.36435 0.762543 3.51605 0
0.486783 1.29977 1.36435 0.762543 3.51605 0
0.486783 1.29977 1.36435 0.762543 3.51605 0
0.486783 1.29977 1.36435 0.762543 3.51605 0
0.486783 1.29977 1.36435 0.762543 3.51605 0
0.486783 1.29977 1.36435 0.762543 3.51605 0
0.486783 1.29977 1.36435 0.762543 3.51605 0
0.486783 1.29977 1.36435 0.762543 3.51605 0
0.486783 1.29977 1.36435 0.762543 3.51605 0
0.486783 1.29977 1.36435 0.762543 3.51605 0
0.486783 1.29977 1.36435 0.762543 3.51605 0
0.486783 1.29977 1.36435 0.762543 3.51605 0
0.486783 1.29977 1.36435 0.762543 3.51605 0
0.486783 1.29977 1.36435 0.762543 3.51605 0
0.486783 1.29977 1.36435 0.762543 3.51605 0
0.486783 1.29977 1.36435 0.762543 3.51605 0
0.484968 1.30353 1.35629 0.766318 3.50334 0
0.483505 1.30231 1.37205 0.770236 3.47992 0
0.483505 1.30231 1.37205 0.770236 3.47992 0
0.483505 1.30231 1.37205 0.770236 3.47992 0
0.483505 1.30231 1.37205 0.770236 3.47992 0
0.483505 1.30231 1.37205 0.770236 3.47992 0
0.483505 1.30231 1.37205 0.770236 3.47992 0
0.483505 1.30231 1.37205 0.770236 3.47992 0
0.483505 1.30231 1.37205 0.770236 3.47992 0
0.483505 1.30231 1.37205 0.770236 3.47992 0
0.483505 1.30231 1.37205 0.770236 3.47992 0
0.483505 1.30231 1.37205 0.770236 3.47992 0
0.483505 1.30231 1.37205 0.770236 3.47992 0
0.483505 1.30231 1.37205 0.770236 3.47992 0
0.483505 1.30231 1.37205 0.770236 3.47992 0
0.483505 1.30231 1.37205 0.770236 3.47992 0
0.478823 1.30452 1.37922 0.777365 3.44573 0
0.478823 1.30452 1.37922 0.777365 3.44573 0
0.478823 1.30452 1.37922 0.777365 3.44573 0
0.478823 1.30452 1.37922 0.777365 3.44573 0
0.478823 1.30452 1.37922 0.777365 3.44573 0
0.478823 1.30452 1.37922 0.777365 3.44573 0
0.478823 1.30452 1.37922 0.777365 3.44573 0
0.478823 1.30452 1.37922 0.777365 3.44573 0
0.478823 1.30452 1.37922 0.777365 3.44573 0
0.478823 1.30452 1.37922 0.777365 3.44573 0
0.478823 1.30452 1.37922 0.777365 3.44573 0
0.478823 1.30452 1.37922 0.777365 3.44573 0
0.478823 1.30452 1.37922 0.777365 3.44573 0
0.478823 1.30452 1.37922 0.777365 3.44573 0
0.478823 1.30452 1.37922 0.777365 3.44573 0
0.478823 1.30452 1.37922 0.777365 3.44573 0
0.478823 1.30452 1.37922 0.777365 3.44573 0
0.478823 1.30452 1.37922 0.777365 3.44573 0
0.478823 1.30452 1.37922 0.777365 3.44573 0
0.478823 1.30452 1.37922 0.777365 3.44573 0
0.478823 1.30452 1.37922 0.777365 3.44573 0
0.478823 1.30452 1.37922 0.777365 3.44573 0
0.478823 1.30452 1.37922 0.777365 3.44573 0
0.475038 1.29735 1.43855 0.78491 3.39131 0
0.475038 1.29735 1.43855 0.78491 3.39131 0
0.475038 1.29735 1.43855 0.78491 3.39131 0
0.475038 1.29735 1.43855 0.78491 3.39131 0
0.475038 1.29735 1.43855 0.78491 3.39131 0
0.475038 1.29735 1.43855 0.78491 3.39131 0
0.475038 1.29735 1.43855 0.78491 3.39131 0
0.475038 1.29735 1.43855 0.78491 3.39131 0
0.475038 1.29735 1.43855 0.78491 3.39131 0
0.475038 1.29735 1.43855 0.78491 3.39131 0
0.475038 1.29735 1.43855 0.78491 3.39131 0
0.475038 1.29735 1.43855 0.78491 3.39131 0
0.475038 1.29735 1.43855 0.78491 3.39131 0
0.475038 1.29735 1.43855 0.78491 3.39131 0
0.475038 1.29735 1.43855 0.78491 3.39131 0
0.475038 1.29735 1.43855 0.78491 3.39131 0
0.475038 1.29735 1.43855 0.78491 3.39131 0
0.475038 1.29735 1.43855 0.78491 3.39131 0
0.475038 1.29735 1.43855 0.78491 3.39131 0
0.475038 1.29735 1.43855 0.78491 3.39131 0
0.475038 1.29735 1.43855 0.78491 3.39131 0
0.475038 1.29735 1.43855 0.78491 3.39131 0
0.475038 1.29735 1.43855 0.78491 3.39131 0
0.470502 1.29815 1.45365 0.790536 3.36172 0
0.470502 1.29815 1.45365 0.790536 3.36172 0
0.470502 1.29815 1.45365 0.790536 3.36172 0
0.470502 1.29815 1.45365 0.790536 3.36172 0
0.470502 1.29815 1.45365 0.790536 3.36172 0
0.470502 1.29815 1.45365 0.790536 3.36172 0
0.470502 1.29815 1.45365 0.790536 3.36172 0
0.470502 1.29815 1.45365 0.790536 3.36172 0
0.470502 1.29815 1.45365 0.790536 3.36172 0
0.470502 1.29815 1.45365 0.790536 3.36172 0
0.470502 1.29815 1.45365 0.790536 3.36172 0
0.470502 1.29815 1.45365 0.790536 3.36172 0
0.470502 1.29815 1.45365 0.790536 3.36172 0
0.470502 1.29815 1.45365 0.790536 3.36172 0
0.470502 1.29815 1.45365 0.790536 3.36172 0
0.470502 1.29815 1.45365 0.790536 3.36172 0
0.470502 1.29815 1.45365 0.790536 3.36172 0
0.470502 1.29815 1.45365 0.790536 3.36172 0
0.470502 1.29815 1.45365 0.790536 3.36172 0
0.470502 1.29815 1.45365 0.790536 3.36172 0
0.46834 1.29891 1.45864 0.792969 3.34945 0
0.466367 1.2996 1.4619 0.79495 3.33958 0
0.466367 1.2996 1.4619 0.79495 3.33958 0
0.466367 1.2996 1.4619 0.79495 3.33958 0
0.466367 1.2996 1.4619 0.79495 3.33958 0
0.466367 1.2996 1.4619 0.79495 3.33958 0
0.466367 1.2996 1.4619 0.79495 3.33958 0
0.466367 1.2996 1.4619 0.79495 3.33958 0
0.466367 1.2996 1.4619 0.79495 3.33958 0
0.466367 1.2996 1.4619 0.79495 3.33958 0
0.466367 1.2996 1.4619 0.79495 3.33958 0
0.466367 1.2996 1.4619 0.79495 3.33958 0
0.466367 1.2996 1.4619 0.79495 3.33958 0
0.466367 1.2996 1.4619 0.79495 3.33958 0
0.466367 1.2996 1.4619 0.79495 3.33958 0
0.466367 1.2996 1.4619 0.79495 3.33958 0
0.466367 1.2996 1.4619 0.79495 3.33958 0
0.466367 1.2996 1.4619 0.79495 3.33958 0
0.466367 1.2996 1.4619 0.79495 3.33958 0
0.466367 1.2996 1.4619 0.79495 3.33958 0
0.466367 1.2996 1.4619 0.79495 3.33958 0
0.464054 1.30315 1.4494 0.796554 3.33646 0
0.461793 1.30594 1.44207 0.79801 3.33263 0
0.461793 1.30594 1.44207 0.79801 3.33263 0
0.461793 1.30594 1.44207 0.79801 3.33263 0
0.461793 1.30594 1.44207 0.79801 3.33263 0
0.461793 1.30594 1.44207 0.79801 3.33263 0
0.461793 1.30594 1.44207 0.79801 3.33263 0
0.461793 1.30594 1.44207 0.79801 3.33263 0
0.461793 1.30594 1.44207 0.79801 3.33263 0
0.461793 1.30594 1.44207 0.79801 3.33263 0
0.461793 1.30594 1.44207 0.79801 3.33263 0
0.461793 1.30594 1.44207 0.79801 3.33263 0
0.461793 1.30594 1.44207 0.79801 3.33263 0
0.461793 1.30594 1.44207 0.79801 3.33263 0
0.461793 1.30594 1.44207 0.79801 3.33263 0
0.461793 1.30594 1.44207 0.79801 3.33263 0
0.461793 1.30594 1.44207 0.79801 3.33263 0
0.461793 1.30594 1.44207 0.79801 3.33263 0
0.461793 1.30594 1.44207 0.79801 3.33263 0
0.461793 1.30594 1.44207 0.79801 3.33263 0
0.461793 1.30594 1.44207 0.79801 3.33263 0
0.461793 1.30594 1.44207 0.79801 3.33263 0
0.461793 1.28659 1.56491 0.802425 3.27548 0
0.461793 1.28659 1.56491 0.802425 3.27548 0
0.461793 1.28659 1.56491 0.802425 3.27548 0
0.461793 1.28659 1.56491 0.802425 3.27548 0
0.461793 1.28659 1.56491 0.802425 3.27548 0
0.461793 1.28659 1.56491 0.802425 3.27548 0
0.461793 1.28659 1.56491 0.802425 3.27548 0
0.461793 1.28659 1.56491 0.802425 3.27548 0
0.461793 1.28659 1.56491 0.802425 3.27548 0
0.461793 1.28659 1.56491 0.802425 3.27548 0
0.461793 1.28659 1.56491 0.802425 3.27548 0
0.461793 1.28659 1.56491 0.802425 3.27548 0
0.461793 1.28659 1.56491 0.802425 3.27548 0
0.461793 1.28659 1.56491 0.802425 3.27548 0
0.461793 1.28659 1.56491 0.802425 3.27548 0
0.461793 1.28659 1.56491 0.802425 3.27548 0
0.461793 1.28659 1.56491 0.802425 3.27548 0
0.461793 1.28659 1.56491 0.802425 3.27548 0
0.461793 1.28659 1.56491 0.802425 3.27548 0
0.458261 1.29137 1.5474 0.804064 3.27397 0
0.458261 1.29137 1.5474 0.804064 3.27397 0
0.458261 1.29137 1.5474 0.804064 3.27397 0
0.458261 1.29137 1.5474 0.804064 3.27397 0
0.458261 1.29137 1.5474 0.804064 3.27397 0
0.458261 1.29137 1.5474 0.804064 3.27397 0
0.458261 1.29137 1.5474 0.804064 3.27397 0
0.458261 1.29137 1.5474 0.804064 3.27397 0
0.458261 1.29137 1.5474 0.804064 3.27397 0
0.458261 1.29137 1.5474 0.804064 3.27397 0
0.458261 1.29137 1.5474 0.804064 3.27397 0
0.458261 1.29137 1.5474 0.804064 3.27397 0
0.458261 1.29137 1.5474 0.804064 3.27397 0
0.458261 1.29137 1.5474 0.804064 3.27397 0
0.458261 1.29137 1.5474 0.804064 3.27397 0
0.458261 1.29137 1.5474 0.804064 3.27397 0
0.458261 1.29137 1.5474 0.804064 3.27397 0
0.458261 1.29137 1.5474 0.804064 3.27397 0
0.458261 1.29137 1.5474 0.804064 3.27397 0
0.458261 1.29137 1.5474 0.804064 3.27397 0
0.458261 1.29137 1.5474 0.804064 3.27397 0
0.450802 1.31688 1.41002 0.803006 3.32073 0
0.450802 1.31688 1.41002 0.803006 3.32073 0
0.450802 1.31688 1.41002 0.803006 3.32073 0
0.450802 1.31688 1.41002 0.803006 3.32073 0
0.450802 1.31688 1.41002 0.803006 3.32073 0
0.450802 1.31688 1.41002 0.803006 3.32073 0
0.450802 1.31688 1.41002 0.803006 3.32073 0
0.450802 1.31688 1.41002 0.803006 3.32073 0
0.450802 1.31688 1.41002 0.803006 3.32073 0
0.450802 1.31688 1.41002 0.803006 3.32073 0
0.450802 1.31688 1.41002 0.803006 3.32073 0
0.450802 1.31688 1.41002 0.803006 3.32073 0
0.450802 1.31688 1.41002 0.803006 3.32073 0
0.450802 1.31688 1.41002 0.803006 3.32073 0
0.450802 1.31688 1.41002 0.803006 3.32073 0
0.450802 1.31688 1.41002 0.803006 3.32073 0
0.450802 1.31688 1.41002 0.803006 3.32073 0
0.450802 1.31688 1.41002 0.803006 3.32073 0
0.450802 1.31688 1.41002 0.803006 3.32073 0
0.450802 1.31688 1.41002 0.803006 3.32073 0
0.450802 1.31688 1.41002 0.803006 3.32073 0
0.450802 1.31688 1.41002 0.803006 3.32073 0
0.449265 1.31796 1.40651 0.803279 3.32068 0
0.447709 1.31895 1.40324 0.803468 3.32097 0
0.447709 1.31895 1.40324 0.803468 3.32097 0
0.447709 1.31895 1.40324 0.803468 3.32097 0
0.447709 1.31895 1.40324 0.803468 3.32097 0
0.447709 1.31895 1.40324 0.803468 3.32097 0
0.447709 1.31895 1.40324 0.803468 3.32097 0
0.447709 1.31895 1.40324 0.803468 3.32097 0
0.447709 1.31895 1.40324 0.803468 3.32097 0
0.447709 1.31895 1.40324 0.803468 3.32097 0
0.447709 1.31895 1.40324 0.803468 3.32097 0
0.447709 1.31895 1.40324 0.803468 3.32097 0
0.447709 1.31895 1.40324 0.803468 3.32097 0
0.447709 1.31895 1.40324 0.803468 3.32097 0
0.447709 1.31895 1.40324 0.803468 3.32097 0
0.447709 1.31895 1.40324 0.803468 3.32097 0
0.447709 1.31895 1.40324 0.803468 3.32097 0
0.447709 1.31895 1.40324 0.803468 3.32097 0
0.447709 1.31895 1.40324 0.803468 3.32097 0
0.446336 1.31985 1.40053 0.803528 3.32173 0
0.44498 1.32078 1.39564 0.803194 3.32483 0
0.44498 1.32078 1.39564 0.803194 3.32483 0
0.44498 1.32078 1.39564 0.803194 3.32483 0
0.44498 1.32078 1.39564 0.803194 3.32483 0
0.44498 1.32078 1.39564 0.803194 3.32483 0
0.44498 1.32078 1.39564 0.803194 3.32483 0
0.44498 1.32078 1.39564 0.803194 3.32483 0
0.44498 1.32078 1.39564 0.803194 3.32483 0
0.44498 1.32078 1.39564 0.803194 3.32483 0
0.44498 1.32078 1.39564 0.803194 3.32483 0
0.44498 1.32078 1.39564 0.803194 3.32483 0
0.44498 1.32078 1.39564 0.803194 3.32483 0
0.44498 1.32078 1.39564 0.803194 3.32483 0
0.44498 1.32078 1.39564 0.803194 3.32483 0
0.44498 1.32078 1.39564 0.803194 3.32483 0
0.44498 1.32078 1.39564 0.803194 3.32483 0
0.44498 1.32078 1.39564 0.803194 3.32483 0
0.44498 1.32078 1.39564 0.803194 3.32483 0
0.44498 1.32078 1.39564 0.803194 3.32483 0
0.44498 1.32078 1.39564 0.803194 3.32483 0
0.44498 1.32078 1.39564 0.803194 3.32483 0
0.443655 1.32231 1.38654 0.802594 3.33056 0
0.442321 1.3238 1.3776 0.801914 3.33663 0
0.442321 1.3238 1.3776 0.801914 3.33663 0
0.442321 1.3238 1.3776 0.801914 3.33663 0
0.442321 1.3238 1.3776 0.801914 3.33663 0
0.442321 1.3238 1.3776 0.801914 3.33663 0
0.442321 1.3238 1.3776 0.801914 3.33663 0
0.442321 1.3238 1.3776 0.801914 3.33663 0
0.442321 1.3238 1.3776 0.801914 3.33663 0
0.442321 1.3238 1.3776 0.801914 3.33663 0
0.442321 1.3238 1.3776 0.801914 3.33663 0
0.442321 1.3238 1.3776 0.801914 3.33663 0
0.442321 1.3238 1.3776 0.801914 3.33663 0
0.442321 1.3238 1.3776 0.801914 3.33663 0
0.442321 1.3238 1.3776 0.801914 3.33663 0
0.442321 1.3238 1.3776 0.801914 3.33663 0
0.442321 1.3238 1.3776 0.801914 3.33663 0
0.442321 1.3238 1.3776 0.801914 3.33663 0
0.442321 1.3238 1.3776 0.801914 3.33663 0
0.442321 1.3238 1.3776 0.801914 3.33663 0
0.442321 1.3238 1.3776 0.801914 3.33663 0
0.442321 1.3238 1.3776 0.801914 3.33663 0
0.43949 1.33147 1.33098 0.799883 3.3601 0
0.43949 1.33147 1.33098 0.799883 3.3601 0
0.43949 1.33147 1.33098 0.799883 3.3601 0
0.43949 1.33147 1.33098 0.799883 3.3601 0
0.43949 1.33147 1.33098 0.799883 3.3601 0
0.43949 1.33147 1.33098 0.799883 3.3601 0
0.43949 1.33147 1.33098 0.799883 3.3601 0
0.43949 1.33147 1.33098 0.799883 3.3601 0
0.43949 1.33147 1.33098 0.799883 3.3601 0
0.43949 1.33147 1.33098 0.799883 3.3601 0
0.43949 1.33147 1.33098 0.799883 3.3601 0
0.43949 1.33147 1.33098 0.799883 3.3601 0
0.43949 1.33147 1.33098 0.799883 3.3601 0
0.43949 1.33147 1.33098 0.799883 3.3601 0
0.43949 1.33147 1.33098 0.799883 3.3601 0
0.43949 1.33147 1.33098 0.799883 3.3601 0
0.43949 1.33147 1.33098 0.799883 3.3601 0
0.43949 1.33147 1.33098 0.799883 3.3601 0
0.43949 1.33147 1.33098 0.799883 3.3601 0
0.43949 1.33147 1.33098 0.799883 3.3601 0
0.43949 1.33147 1.33098 0.799883 3.3601 0
0.43949 1.33147 1.33098 0.799883 3.3601 0
0.436936 1.3383 1.28809 0.797584 3.38384 0
0.436936 1.3383 1.28809 0.797584 3.38384 0
0.436936 1.3383 1.28809 0.797584 3.38384 0
0.436936 1.3383 1.28809 0.797584 3.38384 0
0.436936 1.3383 1.28809 0.797584 3.38384 0
0.436936 1.3383 1.28809 0.797584 3.38384 0
0.436936 1.3383 1.28809 0.797584 3.38384 0
0.436936 1.3383 1.28809 0.797584 3.38384 0
0.436936 1.3383 1.28809 0.797584 3.38384 0
0.436936 1.3383 1.28809 0.797584 3.38384 0
0.436936 1.3383 1.28809 0.797584 3.38384 0
0.436936 1.3383 1.28809 0.797584 3.38384 0
0.436936 1.3383 1.28809 0.797584 3.38384 0
0.436936 1.3383 1.28809 0.797584 3.38384 0
0.436936 1.3383 1.28809 0.797584 3.38384 0
0.436936 1.3383 1.28809 0.797584 3.38384 0
0.436936 1.3383 1.28809 0.797584 3.38384 0
0.436936 1.3383 1.28809 0.797584 3.38384 0
0.436936 1.3383 1.28809 0.797584 3.38384 0
0.436936 1.3383 1.28809 0.797584 3.38384 0
0.436936 1.3383 1.28809 0.797584 3.38384 0
0.436936 1.3383 1.28809 0.797584 3.38384 0
0.436936 1.3383 1.28809 0.797584 3.38384 0
0.434952 1.33396 1.30451 0.795776 3.38645 0
0.434952 1.33396 1.30451 0.795776 3.38645 0
0.434952 1.33396 1.30451 0.795776 3.38645 0
0.434952 1.33396 1.30451 0.795776 3.38645 0
0.434952 1.33396 1.30451 0.795776 3.38645 0
0.434952 1.33396 1.30451 0.795776 3.38645 0
0.434952 1.33396 1.30451 0.795776 3.38645 0
0.434952 1.33396 1.30451 0.795776 3.38645 0
0.434952 1.33396 1.30451 0.795776 3.38645 0
0.434952 1.33396 1.30451 0.795776 3.38645 0
0.434952 1.33396 1.30451 0.795776 3.38645 0
0.434952 1.33396 1.30451 0.795776 3.38645 0
0.434952 1.33396 1.30451 0.795776 3.38645 0
0.434952 1.33396 1.30451 0.795776 3.38645 0
0.434952 1.33396 1.30451 0.795776 3.38645 0
0.434952 1.33396 1.30451 0.795776 3.38645 0
0.434952 1.33396 1.30451 0.795776 3.38645 0
0.434952 1.33396 1.30451 0.795776 3.38645 0
0.434952 1.33396 1.30451 0.795776 3.38645 0
0.434952 1.33396 1.30451 0.795776 3.38645 0
0.434952 1.33396 1.30451 0.795776 3.38645 0
0.434952 1.33396 1.30451 0.795776 3.38645 0
0.432672 1.32109 1.37211 0.793563 3.37718 0
0.432672 1.32109 1.37211 0.793563 3.37718 0
0.432672 1.32109 1.37211 0.793563 3.37718 0
0.432672 1.32109 1.37211 0.793563 3.37718 0
0.432672 1.32109 1.37211 0.793563 3.37718 0
0.432672 1.32109 1.37211 0.793563 3.37718 0
0.432672 1.32109 1.37211 0.793563 3.37718 0
0.432672 1.32109 1.37211 0.793563 3.37718 0
0.432672 1.32109 1.37211 0.793563 3.37718 0
0.432672 1.32109 1.37211 0.793563 3.37718 0
0.432672 1.32109 1.37211 0.793563 3.37718 0
0.432672 1.32109 1.37211 0.793563 3.37718 0
0.432672 1.32109 1.37211 0.793563 3.37718 0
0.432672 1.32109 1.37211 0.793563 3.37718 0
0.432672 1.32109 1.37211 0.793563 3.37718 0
0.432672 1.32109 1.37211 0.793563 3.37718 0
0.432672 1.32109 1.37211 0.793563 3.37718 0
0.432672 1.32109 1.37211 0.793563 3.37718 0
0.432672 1.32109 1.37211 0.793563 3.37718 0
0.432672 1.32109 1.37211 0.793563 3.37718 0
0.430791 1.31852 1.38107 0.791766 3.38231 0
0.430791 1.31852 1.38107 0.791766 3.38231 0
0.430791 1.31852 1.38107 0.791766 3.38231 0
0.430791 1.31852 1.38107 0.791766 3.38231 0
0.430791 1.31852 1.38107 0.791766 3.38231 0
0.430791 1.31852 1.38107 0.791766 3.38231 0
0.430791 1.31852 1.38107 0.791766 3.38231 0
0.430791 1.31852 1.38107 0.791766 3.38231 0
0.430791 1.31852 1.38107 0.791766 3.38231 0
0.430791 1.31852 1.38107 0.791766 3.38231 0
0.430791 1.31852 1.38107 0.791766 3.38231 0
0.430791 1.31852 1.38107 0.791766 3.38231 0
0.430791 1.31852 1.38107 0.791766 3.38231 0
0.430791 1.31852 1.38107 0.791766 3.38231 0
0.430791 1.31852 1.38107 0.791766 3.38231 0