Epoch	AverageEpRet	StdEpRet	MaxEpRet	MinEpRet	EpLen	AverageVVals	StdVVals	MaxVVals	MinVVals	TotalEnvInteracts	LossPi	LossV	DeltaLossPi	DeltaLossV	Entropy	KL	ClipFrac	StopIter	Time
0	-646.5391	30.219698	-602.75574	-699.7637	1000.0	0.04056977	0.0977247	0.47530445	-0.3742211	40000	1.3783574e-07	3570.1323	-0.042582788	-592.6474	0.9189385	0.015070913	0.25147498	16.0	97.55895018577576
1	-632.0384	30.128145	-588.4584	-689.77515	1000.0	-5.450275	0.47058266	-0.91500765	-6.474554	80000	-3.054738e-07	2851.882	-0.039993364	-414.79395	0.9185014	0.015370969	0.253025	19.0	228.2470314502716
2	-615.166	29.138805	-580.38464	-673.30524	1000.0	-9.680099	0.35529324	-2.8536696	-10.165454	120000	5.9604645e-08	2295.474	-0.042247806	-267.11447	0.9178901	0.015267174	0.27775002	21.0	364.8872170448303
3	-598.8097	30.342186	-564.9662	-665.0313	1000.0	-12.705449	0.36326087	-4.5101204	-13.133029	160000	1.5646219e-07	1901.9438	-0.04398239	-215.08737	0.9172253	0.015335167	0.280825	22.0	507.9133002758026
4	-582.6763	31.048363	-553.69586	-644.86707	1000.0	-15.382037	0.38223463	-6.092029	-15.780679	200000	-5.2154064e-08	1574.4008	-0.0470252	-179.32538	0.91623056	0.01504738	0.28477502	24.0	643.5523798465729
5	-571.96356	34.59592	-541.96936	-636.26025	1000.0	-17.8355	0.40677378	-7.650762	-18.208998	240000	9.983778e-07	1329.1971	-0.04840476	-153.97768	0.9156071	0.0151508115	0.2942	26.0	791.1058797836304
6	-557.23846	33.6782	-529.5055	-619.9665	1000.0	-20.130209	0.4309987	-9.225046	-20.459127	280000	8.940697e-08	1089.0508	-0.052951835	-129.66446	0.9150714	0.015086081	0.32369998	32.0	938.9747807979584
7	-542.5697	32.682796	-510.33337	-601.4233	1000.0	-22.26848	0.46330908	-10.780871	-22.582354	320000	-8.940697e-08	880.0012	-0.053272597	-108.25839	0.9144889	0.015137921	0.32454997	32.0	1074.142585515976
8	-531.6974	33.105328	-502.3042	-593.39966	1000.0	-24.255615	0.50477725	-12.302568	-24.660158	360000	-2.3841858e-07	720.7666	-0.05438777	-91.19339	0.9135356	0.015277282	0.333275	32.0	1210.2787065505981
9	-519.1233	28.635227	-489.3065	-573.04504	1000.0	-26.108654	0.5495285	-13.809783	-26.618866	400000	3.874302e-07	573.76935	-0.023053173	-75.233215	0.9131268	0.015512586	0.27934998	8.0	1338.7643356323242
10	-500.17194	30.938591	-474.75235	-567.3148	1000.0	-27.826254	0.5812915	-15.300229	-28.419252	440000	1.0430813e-07	427.29816	-0.017514728	-58.304443	0.9129064	0.01745981	0.27934998	6.0	1474.8775441646576
11	-482.12003	28.843208	-452.10645	-537.81964	1000.0	-29.370544	0.62068725	-16.699362	-30.078857	480000	-1.937151e-07	307.88226	-0.014659237	-43.549015	0.9127201	0.017106012	0.294025	5.0	1608.5766208171844
12	-463.78638	26.01802	-437.09393	-517.98627	1000.0	-30.733362	0.6638208	-18.001734	-31.56174	520000	1.1920929e-07	213.40988	-0.012128729	-31.398933	0.912638	0.018705223	0.306275	5.0	1752.6073815822601
13	-446.27832	22.920902	-423.89404	-494.36142	1000.0	-31.915688	0.7013024	-19.201132	-32.856018	560000	2.0861626e-07	141.15468	-0.012165159	-21.666805	0.91254085	0.01832541	0.30877498	5.0	1895.6262753009796
14	-432.14536	17.907135	-408.60495	-471.6602	1000.0	-32.920704	0.73070663	-20.287209	-33.953236	600000	7.4505806e-08	92.27299	-0.012119636	-14.76457	0.91237664	0.018904138	0.30462497	5.0	2032.3540127277374
15	-418.96924	14.518052	-400.98892	-449.7852	1000.0	-33.769608	0.7453735	-21.249805	-34.85177	640000	-1.7136335e-07	58.056202	-0.012540324	-9.604794	0.912162	0.017694421	0.27105	4.0	2160.056322336197
16	-407.37872	14.394011	-385.5929	-439.02664	1000.0	-34.47149	0.7520276	-22.071196	-35.58082	680000	2.9802322e-08	35.316948	-0.008885591	-5.9640536	0.91194344	0.017041828	0.29587498	4.0	2304.520395755768
17	-398.11603	10.517606	-383.19827	-418.2523	1000.0	-35.03642	0.7588636	-22.705551	-36.16977	720000	1.8626451e-07	20.782673	-0.009644182	-3.6089573	0.9117062	0.018181372	0.281725	4.0	2446.020958185196
18	-388.46173	11.9430065	-367.8774	-416.35596	1000.0	-35.485237	0.7496836	-23.250605	-36.61176	760000	-7.450581e-09	11.133856	-0.009188967	-1.9060313	0.9115002	0.019524194	0.289425	4.0	2572.102910757065
19	-377.43063	11.762686	-355.45267	-398.90234	1000.0	-35.81897	0.7552253	-23.687674	-36.954174	800000	0.0	4.57205	-0.008149131	-0.7098684	0.9113531	0.017961275	0.29114997	4.0	2711.9019844532013
20	-367.33463	10.173	-350.62192	-387.54288	1000.0	-36.027573	0.7701185	-24.0028	-37.17955	840000	2.2351742e-08	1.6236274	-0.00950072	-0.13031042	0.91120976	0.017539743	0.2846	4.0	2846.5475840568542
21	-359.90424	12.347359	-339.9429	-383.7983	1000.0	-36.119022	0.7838322	-24.243977	-37.281273	880000	7.450581e-09	1.3615642	-0.008510932	-0.046782315	0.9110842	0.019870393	0.30944997	4.0	2975.9311656951904
22	-352.11688	12.830745	-332.7271	-378.92838	1000.0	-36.120808	0.8107402	-24.394192	-37.30813	920000	-1.4901161e-08	2.0988505	-0.0075152777	-0.17242295	0.91092265	0.019891	0.286775	4.0	3126.493777990341
23	-343.82416	13.533286	-320.7527	-367.06042	1000.0	-36.038555	0.8502452	-24.463583	-37.275402	960000	-2.9802322e-08	3.783035	-0.008403102	-0.531052	0.9107758	0.019316874	0.291475	4.0	3267.2396697998047
24	-335.13785	14.500187	-309.21158	-358.85065	1000.0	-35.870655	0.8997201	-24.47337	-37.167904	1000000	1.4901161e-08	6.3723993	-0.0075819604	-1.0989475	0.91061735	0.016151577	0.28864998	4.0	3403.319086790085
25	-325.47983	15.373205	-298.58542	-350.8915	1000.0	-35.615646	0.95569104	-24.440832	-36.986084	1040000	-8.940697e-08	9.905683	-0.009228641	-1.8771279	0.9104553	0.017280342	0.312275	5.0	3525.70800614357
26	-317.8305	15.558626	-284.37952	-342.69806	1000.0	-35.270836	1.0227993	-24.335018	-36.72619	1080000	8.195639e-08	11.803989	-0.01037031	-2.4370444	0.91025156	0.017300628	0.285875	5.0	3660.3932988643646
27	-313.73163	17.562656	-282.3234	-336.47626	1000.0	-34.86355	1.087689	-24.17644	-36.39813	1120000	-7.4505806e-08	12.1749935	-0.009375159	-2.5944571	0.9099598	0.01815911	0.25595	4.0	3808.271228790283
28	-307.1065	16.235426	-268.7413	-336.4973	1000.0	-34.435818	1.1626842	-23.915071	-36.043667	1160000	1.4901161e-08	13.450284	-0.0071027083	-2.9353752	0.9096868	0.018402584	0.28812498	4.0	3951.8166632652283
29	-299.80023	17.374144	-267.0	-325.79898	1000.0	-33.971954	1.2225896	-23.542091	-35.63872	1200000	-7.4505806e-08	15.285358	-0.0068538226	-3.5048444	0.90945375	0.018012548	0.29184997	4.0	4094.5357134342194
30	-292.75726	17.073545	-259.96686	-321.20847	1000.0	-33.459286	1.2921503	-23.117035	-35.196957	1240000	-4.284084e-08	16.618467	-0.007170383	-3.9011688	0.90925723	0.020316048	0.293525	4.0	4245.071174144745
31	-287.669	17.139069	-252.1929	-306.37408	1000.0	-32.90682	1.3527142	-22.664236	-34.70472	1280000	7.0780516e-08	16.118889	-0.008493416	-3.892047	0.9090451	0.015828548	0.234175	3.0	4392.477542877197
32	-281.99408	15.893778	-246.78636	-301.9096	1000.0	-32.345776	1.4016366	-22.195658	-34.162693	1320000	-1.359731e-07	16.024738	-0.00415951	-3.9449818	0.90887064	0.02080002	0.308025	3.0	4540.793255805969
33	-274.7984	17.160732	-240.80118	-295.8604	1000.0	-31.771206	1.437612	-21.7466	-33.600193	1360000	-7.8231096e-08	17.186367	-0.0047463328	-4.3468876	0.90871125	0.019067049	0.2873	3.0	4675.718411445618
34	-267.5004	16.266672	-231.58376	-288.4672	1000.0	-31.165003	1.4747791	-21.257923	-33.00072	1400000	-1.0617077e-07	17.633026	-0.00455584	-4.5900035	0.9085631	0.02031327	0.32274997	3.0	4820.357883453369
35	-261.65274	16.166203	-230.20084	-280.9651	1000.0	-30.527143	1.5109307	-20.768578	-32.40514	1440000	2.9802322e-08	17.662924	-0.004260923	-4.711971	0.90843797	0.019623276	0.3024	3.0	4974.8711750507355
36	-254.7823	14.544015	-226.0686	-271.92596	1000.0	-29.873075	1.5330555	-20.277159	-31.766682	1480000	6.7055225e-08	17.715069	-0.0034739582	-4.843508	0.9083279	0.017833766	0.293425	3.0	5107.22439455986
37	-251.16133	14.289153	-223.76004	-266.258	1000.0	-29.204775	1.5293336	-19.803654	-31.073673	1520000	2.9802322e-08	15.5827675	-0.0037433053	-4.366326	0.9082116	0.022208935	0.303975	3.0	5252.920672178268
38	-245.76767	12.358335	-220.89458	-262.78757	1000.0	-28.557943	1.5203447	-19.361197	-30.39522	1560000	-5.9604645e-08	14.547148	-0.004056856	-4.1304584	0.9080933	0.017954413	0.29055	3.0	5398.230069160461
39	-241.50891	13.092518	-217.82259	-260.37296	1000.0	-27.9215	1.4928617	-18.966402	-29.729498	1600000	5.9604645e-08	13.163386	-0.0033846535	-3.8124497	0.9079768	0.018014308	0.2726	3.0	5528.968687057495
40	-235.43872	12.527723	-213.9033	-255.11366	1000.0	-27.302063	1.467794	-18.579714	-29.083323	1640000	-6.7055225e-08	13.275145	-0.002873905	-3.8495064	0.9078686	0.017424349	0.275825	3.0	5668.525133132935
41	-230.95456	11.612839	-208.20232	-247.53885	1000.0	-26.675594	1.4388304	-18.196001	-28.42697	1680000	-2.0861626e-07	11.95594	-0.0039001815	-3.5878763	0.9077573	0.018732253	0.26552498	3.0	5820.520132064819
42	-228.7869	10.784273	-207.91696	-242.51231	1000.0	-26.0609	1.4021746	-17.836174	-27.781857	1720000	-3.7252903e-08	9.565503	-0.0037189364	-2.9086564	0.9076431	0.015982741	0.2733	3.0	5958.950094938278
43	-225.41455	11.220788	-203.07861	-242.56963	1000.0	-25.497992	1.3584944	-17.510904	-27.155756	1760000	1.4901161e-08	8.448146	-0.0024114493	-2.563736	0.90753984	0.016136806	0.27837497	3.0	6110.073576450348
44	-222.97783	10.574602	-203.40414	-239.08528	1000.0	-24.966402	1.3224298	-17.204044	-26.567402	1800000	3.7252903e-08	7.028234	-0.0029236302	-2.1725278	0.9074409	0.015644971	0.251325	3.0	6252.617798805237
45	-219.9539	9.617074	-200.22485	-234.57962	1000.0	-24.471146	1.2826128	-16.942757	-26.02476	1840000	2.9802322e-08	5.994476	-0.0033434213	-1.8535712	0.9073334	0.01761125	0.267775	3.0	6393.327667951584
46	-218.1586	9.309045	-203.65727	-231.94067	1000.0	-24.00795	1.2325228	-16.710316	-25.522734	1880000	5.2154064e-08	4.7851996	-0.0026208237	-1.5107977	0.90721124	0.015704589	0.259075	3.0	6543.749614238739
47	-215.42282	9.148464	-198.78401	-230.25806	1000.0	-23.584791	1.1835061	-16.51266	-25.061892	1920000	-8.940697e-08	4.3084173	-0.003138219	-1.3281043	0.90708095	0.016483333	0.251375	3.0	6686.026206493378
48	-214.34451	8.938748	-198.48607	-229.45953	1000.0	-23.184538	1.1415188	-16.319221	-24.620474	1960000	5.2154064e-08	3.379161	-0.048474863	-1.0226378	0.9069506	0.01454736	0.2428	39.0	6836.790141820908
49	-210.49883	8.019444	-196.2765	-224.78807	1000.0	-22.827953	1.0961496	-16.156271	-24.20992	2000000	0.0	3.36166	-0.048233904	-1.0493119	0.9054686	0.013927844	0.2476	39.0	6979.08913731575
50	-208.39542	8.036037	-193.7052	-220.8602	1000.0	-22.46979	1.0430596	-16.006342	-23.803173	2040000	3.7252903e-09	2.9013596	-0.04908634	-0.91389203	0.9040965	0.014574345	0.25862497	39.0	7128.318116426468
51	-205.85995	8.70785	-189.66013	-221.52992	1000.0	-22.126253	1.0010377	-15.844754	-23.415956	2080000	-2.9802322e-08	2.6034424	-0.048949957	-0.81267166	0.9030328	0.014033945	0.258825	39.0	7265.255329370499
52	-202.80107	7.6164894	-187.39778	-214.49586	1000.0	-21.797997	0.97651345	-15.673701	-23.056719	2120000	8.195639e-08	2.5978503	-0.04926775	-0.8174112	0.9015089	0.014043412	0.2553	39.0	7409.9961631298065
53	-201.13062	7.6893373	-189.06544	-212.74751	1000.0	-21.468695	0.93870944	-15.509131	-22.679913	2160000	-7.450581e-09	2.1140633	-0.04731875	-0.6735613	0.9002347	0.01511345	0.24305	34.0	7556.16743850708
54	-199.23405	6.688694	-186.91818	-209.25862	1000.0	-21.163525	0.9035964	-15.361945	-22.323433	2200000	1.4901161e-08	1.8576044	-0.006158922	-0.5781605	0.899068	0.015503142	0.24415	4.0	7708.915925741196
55	-199.57474	6.6955614	-188.23978	-210.5632	1000.0	-20.880877	0.8590635	-15.2457695	-21.983683	2240000	-3.7252903e-09	1.2524462	-0.0050978498	-0.33886796	0.89897764	0.016092986	0.252375	4.0	7846.1596031188965
56	-196.81493	7.545106	-181.70654	-209.63332	1000.0	-20.65788	0.8183585	-15.163902	-21.706152	2280000	0.0	1.3134476	-0.04898563	-0.35548216	0.8988997	0.014697699	0.25645	39.0	7996.058952569962
57	-196.4063	7.56877	-181.87675	-210.17334	1000.0	-20.432173	0.7948675	-15.059429	-21.447977	2320000	-2.9802322e-08	1.0393937	-0.049415346	-0.2663013	0.89775085	0.014997929	0.264225	39.0	8142.450563907623
58	-193.9587	7.728762	-180.1489	-205.68163	1000.0	-20.2322	0.7797939	-14.969024	-21.205809	2360000	-7.450581e-09	1.038173	-0.05019833	-0.26148605	0.8962685	0.015041233	0.267175	38.0	8285.482641935349
59	-191.66751	7.327054	-177.82547	-203.71487	1000.0	-20.033096	0.77560693	-14.857209	-20.980808	2400000	1.4901161e-08	1.0880039	-0.04970695	-0.2954777	0.8945753	0.015073875	0.268425	39.0	8427.862924575806
60	-191.21216	8.088369	-178.14749	-202.21443	1000.0	-19.81886	0.7619916	-14.740973	-20.747894	2440000	1.3038516e-08	0.8728013	-0.006068519	-0.21347027	0.89395845	0.015225091	0.25317502	4.0	8554.551634550095
61	-189.07047	6.6839724	-177.13156	-199.8733	1000.0	-19.630013	0.76565397	-14.637867	-20.556252	2480000	5.029142e-08	0.8727262	-0.04759159	-0.21630637	0.8938923	0.01508262	0.2496	34.0	8682.682544708252
62	-187.92436	7.186316	-176.39696	-201.16623	1000.0	-19.444515	0.7413131	-14.538	-20.347092	2520000	-5.5879354e-09	0.74867	-0.050055217	-0.18441728	0.8930533	0.014657094	0.267925	39.0	8822.658471345901
63	-185.97124	7.262786	-175.58	-197.89871	1000.0	-19.267206	0.7255173	-14.444234	-20.165182	2560000	5.2154064e-08	0.8054223	-0.048830405	-0.19711627	0.8922186	0.01508939	0.266775	35.0	8964.497813463211
64	-185.21593	7.2598515	-172.53915	-196.48572	1000.0	-19.084208	0.7238918	-14.339098	-19.970194	2600000	-6.7055225e-08	0.6667389	-0.043565206	-0.14941761	0.8914361	0.015156139	0.221	28.0	9102.312258958817
65	-183.69235	6.7008348	-171.97472	-194.40321	1000.0	-18.924194	0.72250694	-14.22807	-19.773108	2640000	7.450581e-09	0.6155821	-0.048615873	-0.14423853	0.89063525	0.015034512	0.269375	33.0	9240.54982471466
66	-182.06467	7.0171127	-169.17703	-196.357	1000.0	-18.766262	0.70610714	-14.131191	-19.611786	2680000	9.313226e-09	0.68989277	-0.046092108	-0.15277116	0.8896588	0.015276312	0.245825	29.0	9367.644594192505
67	-180.95825	6.4779696	-169.71579	-190.66315	1000.0	-18.599785	0.6920164	-14.053487	-19.451393	2720000	-2.7939677e-08	0.6188399	-0.046346635	-0.12730175	0.88868165	0.015044462	0.25582498	30.0	9519.122250318527
68	-179.04745	6.15933	-169.49509	-189.98514	1000.0	-18.44663	0.67641675	-13.976366	-19.262712	2760000	-7.636845e-08	0.61028636	-0.049964894	-0.14625691	0.88784367	0.015005793	0.27859998	36.0	9661.274162054062
69	-178.06303	6.695608	-166.96594	-189.3486	1000.0	-18.281523	0.6616575	-13.89735	-19.077677	2800000	1.8626451e-09	0.5457606	-0.05082659	-0.11390741	0.88673365	0.015153729	0.28275	38.0	9814.78167128563
70	-177.50948	5.66082	-168.45552	-188.19824	1000.0	-18.130838	0.65296936	-13.820651	-18.910757	2840000	-4.656613e-09	0.4666755	-0.04786192	-0.08192762	0.8852983	0.01520304	0.26477498	32.0	9940.7106487751
71	-175.15605	6.0662026	-166.34431	-184.66681	1000.0	-18.007002	0.6230501	-13.768177	-18.743034	2880000	3.3760443e-08	0.541834	-0.00700879	-0.12316209	0.8845161	0.015342649	0.22395	4.0	10086.514516830444
72	-175.09464	6.195345	-164.85124	-187.42976	1000.0	-17.852913	0.60846096	-13.678278	-18.571714	2920000	-1.21071935e-08	0.39698046	-0.05136237	-0.0625076	0.88436514	0.015071068	0.2812	38.0	10229.99219918251
73	-173.75175	5.709684	-163.5512	-182.00066	1000.0	-17.734222	0.6100463	-13.59774	-18.452168	2960000	1.8626451e-08	0.43164027	-0.046524473	-0.06864385	0.88309073	0.0155466115	0.25785	29.0	10378.70226097107
74	-172.35884	6.176865	-161.75464	-184.54027	1000.0	-17.617971	0.5937689	-13.561138	-18.310139	3000000	-4.656613e-09	0.4044783	-0.0468612	-0.07660441	0.8824637	0.01502277	0.26674998	31.0	10533.183881759644
75	-170.5845	6.22383	-160.49208	-179.74135	1000.0	-17.490704	0.5909877	-13.485221	-18.166832	3040000	-1.8626451e-09	0.44063312	-0.046734475	-0.101513505	0.88128686	0.015052478	0.26187497	31.0	10680.183924913406
76	-169.83879	6.2207894	-159.84967	-179.21477	1000.0	-17.34302	0.5975223	-13.3939085	-18.014477	3080000	3.3527613e-08	0.39873016	-0.047213085	-0.07952092	0.8804434	0.015237593	0.26787502	31.0	10815.617213487625
77	-168.43564	5.454074	-157.72147	-176.20189	1000.0	-17.209286	0.5982307	-13.341141	-17.883257	3120000	4.656613e-08	0.40016237	-0.051479604	-0.08036043	0.87968504	0.0145371985	0.28797498	39.0	10957.045022964478
78	-167.42714	6.100306	-157.67801	-177.13693	1000.0	-17.076094	0.5751899	-13.285514	-17.72752	3160000	-2.514571e-08	0.36416894	-0.04818681	-0.06421475	0.8788789	0.015060285	0.2656	30.0	11094.607685565948
79	-166.90596	6.4299717	-157.00261	-175.9431	1000.0	-16.95436	0.5756477	-13.198658	-17.583105	3200000	-2.0954758e-08	0.3215586	-0.04897655	-0.040585082	0.8774649	0.0150665445	0.2796	32.0	11248.390145540237
80	-164.74522	5.9791193	-156.09447	-175.53192	1000.0	-16.854841	0.5937254	-13.116995	-17.494453	3240000	3.1664968e-08	0.38317138	-0.051595405	-0.08006329	0.8761472	0.015083637	0.29369998	37.0	11391.815526485443
81	-163.93608	5.9370303	-153.13144	-175.99777	1000.0	-16.718868	0.59411347	-13.047555	-17.366673	3280000	-5.029142e-08	0.3744141	-0.04666095	-0.070414096	0.87475246	0.015136924	0.26309997	29.0	11536.038771152496
82	-162.60281	5.843012	-152.5148	-172.71106	1000.0	-16.586527	0.57925797	-12.977075	-17.20854	3320000	-2.4214387e-08	0.35069028	-0.045107514	-0.06357086	0.87401444	0.015182927	0.25419998	27.0	11689.496300697327
83	-161.91396	5.9133244	-152.67007	-172.64775	1000.0	-16.459589	0.5695535	-12.9108	-17.060968	3360000	-4.4237822e-09	0.31436378	-0.05093462	-0.047028415	0.8733521	0.015041716	0.29584998	33.0	11831.204470872879
84	-161.6157	5.446076	-151.90933	-171.62033	1000.0	-16.348043	0.56558895	-12.838887	-16.93595	3400000	8.381903e-09	0.2848637	-0.046135165	-0.02873521	0.8723345	0.015388012	0.26154998	29.0	11968.880586624146
85	-160.48572	5.407588	-151.47356	-168.77025	1000.0	-16.259544	0.5551723	-12.797268	-16.83198	3440000	-1.0244548e-08	0.25734097	-0.049993567	-0.033588048	0.87155414	0.015175441	0.29184997	32.0	12107.412656784058
86	-159.18079	5.854402	-150.46558	-168.59285	1000.0	-16.166578	0.5413137	-12.7511635	-16.72062	3480000	-7.450581e-09	0.2579714	-0.05015941	-0.042051997	0.87070006	0.01514642	0.28685	34.0	12259.69029045105
87	-157.55167	5.9097967	-148.02283	-166.42361	1000.0	-16.062616	0.55031735	-12.697826	-16.615871	3520000	1.8626451e-08	0.2889548	-0.044354945	-0.063036874	0.86923635	0.015021667	0.255675	26.0	12399.593658685684
88	-156.72664	5.2056136	-148.61096	-166.39197	1000.0	-15.932272	0.56270504	-12.599169	-16.515276	3560000	2.6077032e-08	0.30304736	-0.043340746	-0.054052465	0.8680259	0.015183289	0.24059999	24.0	12531.65887594223
89	-156.58385	5.423462	-148.85359	-164.59843	1000.0	-15.808753	0.5378708	-12.541283	-16.349762	3600000	-2.2351742e-08	0.2307094	-0.047622778	-0.023362454	0.8673878	0.01530264	0.274925	28.0	12672.454169273376
90	-155.12459	5.291947	-145.57706	-161.83997	1000.0	-15.731162	0.5306973	-12.54023	-16.288248	3640000	-3.0733645e-08	0.25442576	-0.045129124	-0.036214747	0.8663418	0.015287443	0.254425	26.0	12830.909271001816
91	-154.76906	4.7683315	-146.3389	-163.81609	1000.0	-15.62985	0.5260202	-12.4810705	-16.183844	3680000	-1.1175871e-08	0.23868974	-0.046028182	-0.026581924	0.8654616	0.015191866	0.269525	27.0	12961.188509941101
92	-153.63376	5.4405065	-145.88441	-163.45538	1000.0	-15.552747	0.48695427	-12.472128	-16.089926	3720000	1.1175871e-08	0.21859095	-0.0076883584	-0.028530613	0.86466026	0.01565886	0.235275	4.0	13104.452008247375
93	-153.13628	5.6810927	-145.34004	-161.99748	1000.0	-15.4634075	0.4969137	-12.406243	-15.9762535	3760000	-7.450581e-09	0.21726272	-0.046774738	-0.023092937	0.86454	0.0152624715	0.27139997	28.0	13259.471998214722
94	-152.37137	4.902064	-144.40417	-160.20206	1000.0	-15.385334	0.5221937	-12.354511	-15.952289	3800000	-7.450581e-09	0.20278239	-0.04392179	-0.019604757	0.86353624	0.015170247	0.245125	24.0	13402.80300116539
95	-151.69589	5.1779227	-142.1362	-160.5222	1000.0	-15.308711	0.50748163	-12.32229	-15.836701	3840000	7.450581e-09	0.21033286	-0.04376865	-0.017797798	0.86279446	0.015416255	0.256525	25.0	13545.73817372322
96	-151.31754	5.477307	-142.44954	-159.89006	1000.0	-15.232429	0.49611908	-12.285018	-15.740656	3880000	-2.0489097e-08	0.21691045	-0.046191633	-0.012117367	0.86195207	0.015313191	0.266375	26.0	13695.688195466995
97	-150.19356	4.37268	-143.6535	-157.21431	1000.0	-15.1733465	0.50208056	-12.220671	-15.681354	3920000	7.450581e-09	0.19992293	-0.0436524	-0.027406849	0.8609295	0.01523543	0.2471	24.0	13841.398449659348
98	-149.6218	4.7997603	-141.40192	-156.76236	1000.0	-15.09017	0.4756955	-12.216011	-15.596596	3960000	-2.0489097e-08	0.19183919	-0.04511773	-0.016381186	0.8601082	0.015254941	0.26442498	25.0	13995.796680688858
99	-148.28111	4.8124313	-140.46808	-155.78763	1000.0	-15.016462	0.46459532	-12.2112055	-15.520624	4000000	-9.313226e-09	0.21656132	-0.042624623	-0.032617286	0.859954	0.015122383	0.23049998	23.0	14133.107406616211
100	-147.73233	5.2342157	-139.88722	-156.88406	1000.0	-14.912176	0.47351828	-12.137028	-15.44237	4040000	-7.450581e-09	0.19624919	-0.047238134	-0.019643117	0.8589386	0.015239338	0.27655	28.0	14282.763422250748
101	-147.09206	4.9789553	-138.57716	-153.93594	1000.0	-14.831125	0.49463177	-12.045474	-15.39762	4080000	-2.9802322e-08	0.18467899	-0.047361646	-0.016505599	0.85817415	0.015201399	0.277275	28.0	14422.663219451904
102	-145.80496	4.901906	-137.76733	-153.26137	1000.0	-14.753113	0.49744788	-12.008442	-15.312196	4120000	-1.7695129e-08	0.18128712	-0.04407977	-0.02337148	0.85759306	0.015115854	0.2522	24.0	14573.015187501907
103	-145.97018	4.7730856	-138.64253	-154.14594	1000.0	-14.660303	0.49073347	-11.968828	-15.207033	4160000	7.450581e-09	0.15795639	-0.04393198	-0.0071709175	0.85670334	0.015114833	0.253575	24.0	14720.241482019424
104	-144.45822	4.7953277	-137.424	-151.60997	1000.0	-14.6105	0.47792974	-11.961225	-15.162669	4200000	1.2572855e-08	0.20166825	-0.047366764	-0.024167601	0.8553576	0.015065928	0.281525	28.0	14860.851003408432
105	-143.42297	4.673033	-133.79445	-151.64137	1000.0	-14.519125	0.47279754	-11.8897295	-15.078142	4240000	3.7252903e-08	0.20343003	-0.044586234	-0.03333214	0.85428107	0.0153253935	0.255125	24.0	15002.021601676941
106	-142.68318	4.9672484	-135.15472	-151.83405	1000.0	-14.409542	0.45154428	-11.869618	-14.938522	4280000	-3.259629e-09	0.17261794	-0.042439755	-0.018330045	0.8535991	0.015223011	0.240325	23.0	15160.58511686325
107	-142.55539	4.7374043	-135.81158	-150.44019	1000.0	-14.320303	0.45600405	-11.188134	-14.847894	4320000	0.0	0.15505287	-0.04084624	-0.009094901	0.85278	0.015055616	0.22237499	20.0	15298.306165218353
108	-141.60971	5.270162	-132.47989	-150.72296	1000.0	-14.263128	0.4588688	-11.7612505	-14.770812	4360000	-1.7229468e-08	0.16087228	-0.041764136	-0.013632368	0.8521329	0.015102863	0.2313	22.0	15457.137543916702
109	-140.90268	5.4963403	-131.4407	-151.36128	1000.0	-14.19274	0.4841078	-11.702495	-14.71356	4400000	-2.3283064e-08	0.16645533	-0.04234366	-0.015007742	0.85072374	0.015749432	0.236175	22.0	15601.885092496872
110	-140.68845	4.8452716	-133.77785	-149.51622	1000.0	-14.116056	0.5085134	-11.617671	-14.653261	4440000	-3.7252903e-09	0.1331076	-0.044761546	-0.0043884125	0.8494984	0.015392089	0.2597	24.0	15751.699568510056
111	-139.4543	5.4128275	-130.96335	-148.9582	1000.0	-14.07665	0.49581212	-11.617545	-14.61607	4480000	-9.313226e-09	0.17165314	-0.043209232	-0.018084817	0.8490427	0.015020986	0.253475	23.0	15892.2353785038
112	-138.76384	5.334432	-127.30962	-147.0076	1000.0	-13.993589	0.5119932	-11.516714	-14.551972	4520000	7.450581e-09	0.16114363	-0.041296914	-0.01731792	0.8481784	0.015262519	0.230025	21.0	16049.160228013992
113	-138.65923	5.568546	-127.95498	-146.46301	1000.0	-13.911553	0.5130061	-11.419543	-14.483416	4560000	-7.450581e-09	0.13572988	-0.04561016	-0.004825264	0.84721196	0.015099806	0.2586	25.0	16188.327359437943
114	-137.37291	5.2573686	-126.47481	-144.56252	1000.0	-13.869831	0.53827184	-11.369879	-14.470237	4600000	1.8626451e-09	0.15965216	-0.045627788	-0.02147273	0.8461494	0.01536924	0.26770002	25.0	16333.178364038467
115	-136.23994	4.751433	-127.88749	-142.66533	1000.0	-13.778812	0.52061534	-11.302582	-14.314807	4640000	9.313226e-09	0.1617282	-0.048417978	-0.027817458	0.8447429	0.015104608	0.285675	28.0	16468.295278787613
116	-135.6689	5.1499405	-127.06592	-143.04585	1000.0	-13.668037	0.49153763	-11.246275	-14.189908	4680000	7.450581e-09	0.14174806	-0.0437285	-0.01231011	0.8438888	0.01540143	0.2515	22.0	16607.171430826187
117	-135.10857	5.2178698	-125.99572	-142.02907	1000.0	-13.591464	0.49181107	-11.217045	-14.104216	4720000	-1.1175871e-08	0.15198568	-0.042181436	-0.010781258	0.843205	0.015367247	0.23879999	21.0	16764.19494867325
118	-134.5717	5.089078	-124.83096	-141.93857	1000.0	-13.527997	0.50657314	-11.122287	-14.0454645	4760000	-9.313226e-09	0.1328551	-0.04225652	-0.008401075	0.8423152	0.015172493	0.24507499	22.0	16911.481072187424
119	-134.21408	4.9824533	-126.466385	-141.69434	1000.0	-13.463411	0.50662416	-11.0705185	-13.989364	4800000	-1.6763806e-08	0.13864174	-0.042583734	-0.005725879	0.8415557	0.015629493	0.24112499	22.0	17057.645191431046
120	-133.2161	4.9105015	-123.80982	-140.5882	1000.0	-13.413411	0.49572867	-11.064364	-13.910077	4840000	2.188608e-08	0.14587924	-0.049656883	-0.010843752	0.84055066	0.015250956	0.29354998	30.0	17196.43331718445
121	-132.8122	5.608821	-122.82999	-140.71887	1000.0	-13.339092	0.49043453	-11.011909	-13.827493	4880000	3.1664968e-08	0.12015958	-0.04588893	-0.0073712077	0.8397536	0.015189949	0.276875	24.0	17338.91374015808
122	-131.50357	5.319241	-121.92782	-138.99768	1000.0	-13.289669	0.52664876	-10.946387	-13.836493	4920000	2.7939677e-09	0.13131002	-0.04665239	-0.019188462	0.8392299	0.015069035	0.277775	25.0	17478.578290462494
123	-131.39917	5.254222	-123.19002	-138.45108	1000.0	-13.189106	0.53074646	-10.854565	-13.740114	4960000	2.142042e-08	0.12225032	-0.043727774	-0.0053415317	0.8388503	0.015268019	0.24887498	22.0	17629.960790157318
124	-130.13077	5.778392	-120.61532	-138.95943	1000.0	-13.134682	0.5229499	-10.808094	-13.677504	5000000	-7.450581e-09	0.13070254	-0.04602424	-0.021411197	0.8382807	0.015114045	0.276075	25.0	17776.61598277092
