683 -0.116097 0.579542 -0.0711562 
684 -0.116201 0.579506 -0.0712143 
685 -0.116216 0.579493 -0.0710936 
686 -0.11625 0.579487 -0.0710605 
687 -0.116194 0.579492 -0.0709882 
688 -0.116159 0.579493 -0.0710849 
689 -0.116044 0.579506 -0.0712354 
690 -0.115866 0.579519 -0.0714416 
691 -0.115605 0.579554 -0.0715627 
692 -0.115536 0.579632 -0.0714751 
693 -0.115394 0.57968 -0.0715172 
694 -0.115254 0.579673 -0.0713827 
695 -0.115104 0.579683 -0.071336 
696 -0.11499 0.579706 -0.0713457 
697 -0.114838 0.579746 -0.0712947 
698 -0.114698 0.579811 -0.0710534 
699 -0.114581 0.579855 -0.0710249 
700 -0.114651 0.579893 -0.0707088 
701 -0.114588 0.579905 -0.0706575 
702 -0.114499 0.57995 -0.0706095 
703 -0.114324 0.580018 -0.0704958 
704 -0.114202 0.580042 -0.0704498 
705 -0.114123 0.580056 -0.070621 
706 -0.114079 0.58003 -0.0708809 
707 -0.113935 0.580044 -0.0712606 
708 -0.113853 0.580023 -0.0715226 
709 -0.113713 0.579984 -0.0719884 
710 -0.113492 0.580006 -0.0725367 
711 -0.112918 0.580088 -0.0732008 
712 -0.112317 0.580235 -0.0735124 
713 -0.1119 0.580343 -0.0735056 
714 -0.111794 0.580381 -0.073424 
715 -0.111857 0.580334 -0.0734903 
716 -0.111938 0.580305 -0.0735558 
717 -0.11176 0.580306 -0.0739288 
718 -0.111609 0.580425 -0.0739736 
719 -0.11152 0.580513 -0.0739525 
720 -0.111419 0.580491 -0.0739092 
721 -0.111307 0.580323 -0.0746447 
722 -0.111175 0.580295 -0.0752319 
723 -0.110778 0.580353 -0.0756758 
724 -0.110487 0.580354 -0.0759645 
725 -0.110461 0.580298 -0.0764405 
726 -0.110672 0.580166 -0.0772785 
727 -0.110763 0.580027 -0.0782128 
728 -0.110672 0.579972 -0.0788089 
729 -0.110525 0.579951 -0.0793572 
730 -0.110635 0.579879 -0.0796459 
731 -0.110911 0.579742 -0.0802366 
732 -0.110968 0.579732 -0.0802219 
733 -0.1109 0.579731 -0.0803273 
734 -0.110916 0.57973 -0.0806931 
735 -0.110814 0.579684 -0.0810371 
736 -0.110993 0.579596 -0.0810256 
737 -0.111358 0.579628 -0.0812705 
738 -0.111722 0.579418 -0.0810921 
739 -0.111946 0.579349 -0.0811914 
740 -0.11224 0.579334 -0.0809441 
741 -0.112507 0.579291 -0.0808011 
742 -0.112937 0.579175 -0.0807707 
743 -0.11364 0.578955 -0.0809601 
744 -0.114688 0.578708 -0.0813008 
745 -0.115881 0.57841 -0.0816276 
746 -0.116964 0.578149 -0.0817412 
747 -0.11783 0.577944 -0.0817216 
748 -0.11859 0.577794 -0.0816546 
749 -0.11932 0.577597 -0.0818641 
750 -0.120028 0.577405 -0.0818408 
751 -0.120711 0.577256 -0.0816691 
752 -0.121237 0.57719 -0.0812316 
753 -0.121707 0.577085 -0.0809652 
754 -0.122195 0.576996 -0.0805176 
755 -0.122711 0.576891 -0.080276 
756 -0.123188 0.576802 -0.0800591 
757 -0.123453 0.576774 -0.0798131 
758 -0.123659 0.576775 -0.0792874 
759 -0.12388 0.576741 -0.0789357 
760 -0.123954 0.576747 -0.0787723 
761 -0.123928 0.576776 -0.0786395 
762 -0.123827 0.576832 -0.0782028 
763 -0.123604 0.576906 -0.0778568 
764 -0.123403 0.576974 -0.0776489 
765 -0.123222 0.577037 -0.0775167 
766 -0.123034 0.577097 -0.0773336 
767 -0.12272 0.577196 -0.0771686 
768 -0.122338 0.577297 -0.0770291 
769 -0.121876 0.577427 -0.0767907 
770 -0.121392 0.577559 -0.0766226 
771 -0.120892 0.577677 -0.0766708 
772 -0.1205 0.577763 -0.0765627 
773 -0.120176 0.57784 -0.0764129 
774 -0.120059 0.5779 -0.076201 
775 -0.120025 0.577917 -0.0760749 
776 -0.120055 0.577918 -0.0760833 
777 -0.12008 0.577926 -0.076056 
778 -0.120175 0.577909 -0.0759471 
779 -0.120348 0.577883 -0.0758198 
780 -0.120553 0.577841 -0.0757078 
781 -0.120754 0.577803 -0.0756182 
782 -0.120946 0.577763 -0.0755106 
783 -0.121056 0.577754 -0.0753912 
784 -0.12111 0.57776 -0.0752458 
785 -0.121005 0.57777 -0.0752378 
786 -0.120863 0.577812 -0.0751883 
787 -0.120687 0.577856 -0.0751375 
788 -0.120576 0.577902 -0.0749867 
789 -0.120424 0.577936 -0.0749879 
790 -0.120388 0.577945 -0.0748967 
791 -0.120365 0.577937 -0.0749809 
792 -0.120342 0.577922 -0.0749983 
793 -0.120205 0.57795 -0.0750751 
794 -0.120148 0.577961 -0.075147 
795 -0.120061 0.577971 -0.0753737 
796 -0.119925 0.577972 -0.0755897 
797 -0.119683 0.57799 -0.0757951 
798 -0.119264 0.578043 -0.0762732 
799 -0.118639 0.578143 -0.0767642 
800 -0.118091 0.57806 -0.0768388 
801 -0.117577 0.577976 -0.077053 
802 -0.117335 0.578225 -0.0772029 
803 -0.116971 0.578434 -0.0775292 
804 -0.1165 0.578637 -0.0785893 
805 -0.116043 0.578744 -0.078977 
806 -0.115179 0.578655 -0.0794497 
807 -0.114731 0.57868 -0.0801053 
808 -0.114419 0.578741 -0.0804198 
809 -0.114104 0.578762 -0.0808021 
810 -0.11374 0.578778 -0.0813511 
811 -0.113228 0.578784 -0.0822729 
812 -0.112752 0.578842 -0.0826977 
813 -0.112372 0.578907 -0.0829473 
814 -0.112143 0.578933 -0.0831662 
815 -0.111888 0.578957 -0.0834509 
816 -0.11157 0.578947 -0.0840247 
817 -0.111253 0.578948 -0.0843565 
818 -0.111102 0.579006 -0.0839917 
819 -0.110926 0.579091 -0.0838023 
820 -0.110792 0.579137 -0.083792 
821 -0.110661 0.57917 -0.0838506 
822 -0.110652 0.579203 -0.083627 
823 -0.110582 0.579238 -0.0833539 
824 -0.110521 0.579299 -0.0832131 
825 -0.110439 0.57934 -0.0831865 
826 -0.110588 0.579363 -0.0828809 
827 -0.11083 0.579345 -0.0827306 
828 -0.111118 0.579306 -0.0826698 
829 -0.111406 0.579266 -0.0824862 
830 -0.111763 0.579215 -0.0824169 
831 -0.112072 0.579167 -0.0824196 
832 -0.112328 0.579138 -0.0821356 
833 -0.112587 0.579136 -0.0817481 
834 -0.112844 0.579116 -0.0814274 
835 -0.113175 0.579083 -0.0811584 
836 -0.113537 0.579049 -0.0808495 
837 -0.113888 0.579022 -0.0804644 
838 -0.114051 0.579153 -0.080043 
839 -0.114139 0.579255 -0.079767 
840 -0.11428 0.579247 -0.079414 
841 -0.114469 0.579284 -0.0791257 
842 -0.114667 0.579111 -0.0784075 
843 -0.114768 0.579129 -0.0781382 
844 -0.11492 0.579117 -0.0779451 
845 -0.115044 0.579118 -0.0776917 
846 -0.115171 0.579104 -0.0775139 
847 -0.115225 0.579095 -0.0774763 
848 -0.115284 0.579102 -0.0773004 
849 -0.115235 0.57911 -0.0772666 
850 -0.115341 0.579125 -0.0769558 
851 -0.115364 0.579137 -0.0767946 
852 -0.11531 0.579119 -0.0767598 
853 -0.115253 0.579089 -0.0767142 
854 -0.115206 0.579106 -0.0764956 
855 -0.115138 0.579121 -0.0763104 
856 -0.115319 0.579247 -0.075812 
857 -0.115337 0.579257 -0.075721 
858 -0.115443 0.579248 -0.0755087 
859 -0.115569 0.579218 -0.0755138 
860 -0.115744 0.579198 -0.075427 
861 -0.115859 0.579186 -0.0753666 
862 -0.116038 0.57916 -0.0752435 
863 -0.11627 0.579139 -0.0750568 
864 -0.116564 0.579117 -0.0748742 
865 -0.116837 0.579052 -0.0748636 
866 -0.11714 0.578994 -0.074723 
867 -0.117487 0.578935 -0.0745707 
868 -0.117895 0.578858 -0.0744479 
869 -0.118324 0.578774 -0.0742579 
870 -0.118794 0.57871 -0.0739753 
871 -0.119163 0.578645 -0.0737643 
872 -0.119484 0.578586 -0.073568 
873 -0.119776 0.578515 -0.0735289 
874 -0.120138 0.578452 -0.0733126 
875 -0.120466 0.57839 -0.0730585 
876 -0.120716 0.578346 -0.0729057 
877 -0.120823 0.578345 -0.0726944 
878 -0.120829 0.578385 -0.0725512 
879 -0.120836 0.578435 -0.0724088 
880 -0.120851 0.578478 -0.0722224 
881 -0.120766 0.578501 -0.0721771 
882 -0.120762 0.57843 -0.0721649 
883 -0.120732 0.578452 -0.0720498 
884 -0.120715 0.578476 -0.0719163 
885 -0.120701 0.578507 -0.0717332 
886 -0.120811 0.578501 -0.0716758 
887 -0.120876 0.578526 -0.0716099 
888 -0.120841 0.578596 -0.0713315 
889 -0.120949 0.578679 -0.0710177 
890 -0.121262 0.578681 -0.07081 
891 -0.121498 0.578639 -0.0706163 
892 -0.121959 0.578406 -0.0704663 
893 -0.122468 0.578337 -0.0701399 
894 -0.1231 0.578213 -0.0697138 
895 -0.123842 0.578073 -0.0692571 
896 -0.124744 0.57789 -0.0688053 
897 -0.125722 0.577686 -0.0683993 
898 -0.126832 0.577448 -0.0678648 
899 -0.127936 0.577232 -0.0670957 
900 -0.128706 0.57705 -0.0664473 
901 -0.129653 0.576823 -0.0656879 
902 -0.130388 0.576596 -0.0651354 
903 -0.131195 0.57638 -0.0647433 
904 -0.131852 0.576206 -0.0644091 
905 -0.132458 0.576061 -0.0639595 
906 -0.133039 0.57616 -0.0635526 
907 -0.133422 0.576301 -0.0631076 
908 -0.134013 0.57613 -0.0626838 
909 -0.134376 0.575982 -0.0623666 
910 -0.134538 0.575567 -0.0625665 
911 -0.134541 0.575524 -0.0630774 
912 -0.134583 0.575512 -0.0633291 
913 -0.134704 0.575381 -0.0637254 
914 -0.135322 0.575312 -0.0639986 
915 -0.135553 0.575253 -0.0642197 
916 -0.135711 0.57523 -0.0645515 
917 -0.136032 0.575141 -0.0647876 
918 -0.136511 0.574986 -0.0651302 
919 -0.13705 0.574813 -0.0654508 
920 -0.137283 0.574582 -0.0658088 
921 -0.137533 0.574401 -0.0661008 
922 -0.138104 0.574245 -0.066479 
923 -0.13846 0.574113 -0.0669213 
924 -0.139049 0.574109 -0.067258 
925 -0.139363 0.573961 -0.0675946 
926 -0.139848 0.573789 -0.0678715 
927 -0.140129 0.573651 -0.0682568 
928 -0.140415 0.57357 -0.0684635 
929 -0.140614 0.573512 -0.0686503 
930 -0.140811 0.573453 -0.0686795 
931 -0.140901 0.573416 -0.0686845 
932 -0.141021 0.573399 -0.0685422 
933 -0.140988 0.573394 -0.0685943 
934 -0.14088 0.573415 -0.0685697 
935 -0.140709 0.573465 -0.0684838 
936 -0.140629 0.5735 -0.0683922 
937 -0.140559 0.573519 -0.0683563 
938 -0.140493 0.573535 -0.0683572 
939 -0.140332 0.573587 -0.0683007 
940 -0.140133 0.573632 -0.0683244 
941 -0.13993 0.573675 -0.0683626 
942 -0.139739 0.573746 -0.0682756 
943 -0.139471 0.5738 -0.0683163 
944 -0.139273 0.573871 -0.0682284 
945 -0.139052 0.573924 -0.0682813 
946 -0.138852 0.573922 -0.0683876 
947 -0.13861 0.57393 -0.0685084 
948 -0.1383 0.57397 -0.0684515 
949 -0.137976 0.574022 -0.0685127 
950 -0.13774 0.574252 -0.0684498 
951 -0.137546 0.574297 -0.0685457 
952 -0.13732 0.574343 -0.068766 
953 -0.136955 0.574428 -0.0688965 
954 -0.136562 0.574531 -0.0690642 
955 -0.13618 0.574626 -0.069199 
956 -0.135896 0.574709 -0.0691039 
957 -0.135601 0.574776 -0.069058 
958 -0.135424 0.574817 -0.0691052 
959 -0.135269 0.574836 -0.0692246 
960 -0.135236 0.574848 -0.0692663 
961 -0.135242 0.574839 -0.0693038 
962 -0.135377 0.574829 -0.0691486 
963 -0.135453 0.5748 -0.0691341 
964 -0.135495 0.574783 -0.0691193 
965 -0.135556 0.574751 -0.0691569 
966 -0.135677 0.57471 -0.0692097 
967 -0.135791 0.574678 -0.0691516 
968 -0.135917 0.574654 -0.0689417 
969 -0.135945 0.574655 -0.0684354 
970 -0.136029 0.574674 -0.0675593 
971 -0.136106 0.574647 -0.0667079 
972 -0.136381 0.574569 -0.0662092 
973 -0.136777 0.574468 -0.0660276 
974 -0.137132 0.574367 -0.066134 
975 -0.137394 0.574277 -0.0661951 
976 -0.13772 0.574227 -0.0659363 
977 -0.138036 0.574125 -0.065716 
978 -0.138369 0.574037 -0.0654097 
979 -0.138599 0.57394 -0.0651831 
980 -0.138756 0.573915 -0.0648893 
981 -0.138807 0.573892 -0.0648827 
982 -0.138757 0.573915 -0.0649357 
983 -0.138439 0.573965 -0.0650291 
984 -0.138099 0.574071 -0.0648197 
985 -0.137632 0.574174 -0.0647072 
986 -0.137131 0.574328 -0.0645658 
987 -0.136509 0.574508 -0.0645244 
988 -0.135886 0.574686 -0.0643783 
989 -0.135281 0.574848 -0.0640887 
990 -0.134787 0.574999 -0.0637137 
991 -0.134236 0.575144 -0.0634593 
992 -0.133707 0.57533 -0.0631765 
993 -0.133071 0.575492 -0.0630729 
994 -0.132507 0.57567 -0.0628092 
995 -0.131965 0.575841 -0.062539 
996 -0.131469 0.576019 -0.0621295 
997 -0.130923 0.576202 -0.0618766 
998 -0.130436 0.576363 -0.0618003 
999 -0.129855 0.576539 -0.0617519 
1000 -0.129276 0.576717 -0.0615959 
1001 -0.128649 0.57687 -0.0614821 
1002 -0.12847 0.577073 -0.0612429 
1003 -0.128355 0.577207 -0.0612132 
1004 -0.128089 0.577259 -0.0608974 
1005 -0.127741 0.577342 -0.0606198 
1010 -0.12603 0.577744 -0.0575136 
1009 -0.126198 0.577689 -0.058085 
1008 -0.126512 0.577582 -0.058906 
1007 -0.126782 0.577462 -0.0596243 
1004 -0.128089 0.577259 -0.0608974 
999 -0.129855 0.576539 -0.0617519 
997 -0.130923 0.576202 -0.0618766 
990 -0.134787 0.574999 -0.0637137 
984 -0.138099 0.574071 -0.0648197 
977 -0.138036 0.574125 -0.065716 
966 -0.135677 0.57471 -0.0692097 
958 -0.135424 0.574817 -0.0691052 
950 -0.13774 0.574252 -0.0684498 
940 -0.140133 0.573632 -0.0683244 
929 -0.140614 0.573512 -0.0686503 
918 -0.136511 0.574986 -0.0651302 
914 -0.135322 0.575312 -0.0639986 
900 -0.128706 0.57705 -0.0664473 
885 -0.120701 0.578507 -0.0717332 
865 -0.116837 0.579052 -0.0748636 
860 -0.115744 0.579198 -0.075427 
840 -0.11428 0.579247 -0.079414 
821 -0.110661 0.57917 -0.0838506 
812 -0.112752 0.578842 -0.0826977 
788 -0.120576 0.577902 -0.0749867 
779 -0.120348 0.577883 -0.0758198 
750 -0.120028 0.577405 -0.0818408 
715 -0.111857 0.580334 -0.0734903 
701 -0.114588 0.579905 -0.0706575 
658 -0.127673 0.576464 -0.0701067 
642 -0.134613 0.57553 -0.0700636 
594 -0.109513 0.582616 -0.055274 
577 -0.0993131 0.583861 -0.0627866 
531 -0.0949024 0.583847 -0.0672576 
515 -0.0937853 0.584172 -0.0653151 
474 -0.111409 0.583304 -0.0363182 
458 -0.112635 0.58305 -0.0384699 
444 -0.120743 0.581444 -0.0386401 
403 -0.140523 0.576678 -0.00725413 
389 -0.134962 0.578564 -0.017132 
346 -0.124959 0.58121 -0.0189612 
332 -0.133194 0.57898 -0.0122202 
291 -0.140904 0.576387 -0.00422085 
277 -0.142868 0.57569 0.000455894 
263 -0.141166 0.575849 0.00546703 
232 -0.139289 0.575571 0.0128447 
220 -0.139732 0.575345 0.0130797 
194 -0.139972 0.574948 0.013704 
184 -0.139783 0.574877 0.0144296 
176 -0.13994 0.574823 0.0145051 
156 -0.141852 0.574275 0.0141753 
150 -0.142114 0.574153 0.0144449 
145 -0.142048 0.574116 0.0150091 
133 -0.143858 0.57364 0.0147064 
127 -0.14391 0.573503 0.0160453 
124 -0.143158 0.573658 0.0167357 
121 -0.142954 0.57383 0.0165535 
118 -0.143087 0.573657 0.0163154 
117 -0.143541 0.573512 0.0161899 
115 -0.1436 0.573433 0.0163128 
113 -0.143961 0.573289 0.0164586 
112 -0.14441 0.573132 0.0164558 
110 -0.14515 0.572895 0.0167421 
109 -0.145649 0.572722 0.016332 
108 -0.146118 0.572609 0.0160049 
107 -0.146537 0.572492 0.0156177 
106 -0.147011 0.572327 0.0151515 
105 -0.14757 0.572157 0.0146349 
103 -0.148899 0.571839 0.0132115 
100 -0.14854 0.572114 0.0121912 
98 -0.147397 0.572544 0.0119472 
96 -0.146551 0.572887 0.011584 
94 -0.146487 0.572967 0.0112456 
90 -0.147902 0.572685 0.0100907 
84 -0.152415 0.571246 0.00855808 
81 -0.153391 0.571084 0.0074877 
75 -0.153677 0.571157 0.00625346 
72 -0.153445 0.571301 0.00665754 
64 -0.153175 0.571614 0.00672437 
62 -0.153274 0.571617 0.00646937 
56 -0.153401 0.571588 0.00869994 
55 -0.153421 0.571562 0.00925786 
53 -0.152963 0.571673 0.0106566 
48 -0.153865 0.571124 0.0132832 
47 -0.154137 0.571089 0.0133409 
43 -0.15629 0.57039 0.0153674 
42 -0.156231 0.570352 0.0158157 
40 -0.15611 0.570287 0.0165301 
38 -0.156237 0.570214 0.0175296 
36 -0.1568 0.570077 0.0184128 
34 -0.157282 0.569952 0.0196766 
29 -0.159377 0.569191 0.0233624 
28 -0.159809 0.568983 0.0241617 
26 -0.160966 0.568488 0.0261376 
22 -0.16297 0.567365 0.0317172 
21 -0.163237 0.567105 0.0329936 
20 -0.163525 0.566827 0.0343855 
19 -0.163772 0.566526 0.0357362 
18 -0.16402 0.566199 0.0373158 
17 -0.16417 0.565898 0.0388259 
16 -0.164338 0.565624 0.040244 
15 -0.164354 0.565414 0.0414598 
12 -0.162025 0.565551 0.044631 
10 -0.161203 0.566096 0.0451844 
8 -0.160801 0.566155 0.045765 
6 -0.16078 0.566069 0.0461982 
3 -0.160778 0.56601 0.0462904 
0 -0.160473 0.566031 0.0468941 
0 -0.160473 0.566031 0.0468941 
1 -0.160473 0.566031 0.0468941 
2 -0.160768 0.566021 0.046327 
3 -0.160778 0.56601 0.0462904 
4 -0.160797 0.565994 0.0464157 
5 -0.160791 0.566021 0.0463754 
6 -0.16078 0.566069 0.0461982 
7 -0.160763 0.566109 0.0459532 
8 -0.160801 0.566155 0.045765 
9 -0.160926 0.566204 0.0452372 
10 -0.161203 0.566096 0.0451844 
11 -0.161549 0.565847 0.0450549 
12 -0.162025 0.565551 0.044631 
13 -0.162655 0.565271 0.0442202 
14 -0.164091 0.565363 0.042807 
15 -0.164354 0.565414 0.0414598 
16 -0.164338 0.565624 0.040244 
17 -0.16417 0.565898 0.0388259 
18 -0.16402 0.566199 0.0373158 
19 -0.163772 0.566526 0.0357362 
20 -0.163525 0.566827 0.0343855 
21 -0.163237 0.567105 0.0329936 
22 -0.16297 0.567365 0.0317172 
23 -0.162494 0.567663 0.0300769 
24 -0.161927 0.567988 0.0286213 
25 -0.161408 0.568264 0.0273118 
26 -0.160966 0.568488 0.0261376 
27 -0.160461 0.568726 0.0251283 
28 -0.159809 0.568983 0.0241617 
29 -0.159377 0.569191 0.0233624 
30 -0.15901 0.569345 0.0224046 
31 -0.158536 0.569517 0.021616 
32 -0.157923 0.56974 0.0209773 
33 -0.157573 0.569843 0.0202574 
34 -0.157282 0.569952 0.0196766 
35 -0.157036 0.570021 0.018967 
36 -0.1568 0.570077 0.0184128 
37 -0.156514 0.570149 0.0179276 
38 -0.156237 0.570214 0.0175296 
39 -0.156054 0.570259 0.0168899 
40 -0.15611 0.570287 0.0165301 
41 -0.15616 0.570322 0.0161881 
42 -0.156231 0.570352 0.0158157 
43 -0.15629 0.57039 0.0153674 
44 -0.155971 0.570494 0.0146659 
45 -0.155611 0.570624 0.0140627 
46 -0.154225 0.570989 0.0136671 
47 -0.154137 0.571089 0.0133409 
48 -0.153865 0.571124 0.0132832 
49 -0.153515 0.571186 0.0131207 
50 -0.153551 0.571465 0.0122245 
51 -0.15342 0.571522 0.012 
52 -0.153069 0.571631 0.0110312 
53 -0.152963 0.571673 0.0106566 
54 -0.153394 0.571551 0.00982038 
55 -0.153421 0.571562 0.00925786 
56 -0.153401 0.571588 0.00869994 
57 -0.153316 0.571628 0.00834634 
58 -0.153226 0.571643 0.00783737 
59 -0.153172 0.571643 0.00719374 
60 -0.153262 0.571611 0.00683125 
61 -0.1533 0.571604 0.00653964 
62 -0.153274 0.571617 0.00646937 
63 -0.153171 0.571648 0.00654419 
64 -0.153175 0.571614 0.00672437 
65 -0.153306 0.571551 0.00686374 
66 -0.153447 0.571474 0.00686027 
67 -0.153446 0.571468 0.00679588 
68 -0.153314 0.571467 0.00686881 
69 -0.153213 0.571456 0.00693048 
70 -0.153287 0.571415 0.00692587 
71 -0.153417 0.571345 0.00686769 
72 -0.153445 0.571301 0.00665754 
73 -0.153445 0.571278 0.00636314 
74 -0.153541 0.571232 0.00635007 
75 -0.153677 0.571157 0.00625346 
76 -0.153764 0.571117 0.00637006 
77 -0.153776 0.571088 0.00661422 
78 -0.153791 0.571056 0.00687463 
79 -0.153683 0.571052 0.00705467 
80 -0.153549 0.571062 0.00726974 
81 -0.153391 0.571084 0.0074877 
82 -0.153213 0.571116 0.00774666 
83 -0.152879 0.571186 0.00804958 
84 -0.152415 0.571246 0.00855808 
85 -0.151769 0.571282 0.00891707 
86 -0.151094 0.571401 0.00918949 
87 -0.150383 0.571575 0.00930188 
88 -0.149549 0.572219 0.00940031 
89 -0.148645 0.572481 0.00979132 
90 -0.147902 0.572685 0.0100907 
91 -0.14729 0.572834 0.0103788 
92 -0.146882 0.572919 0.0107263 
93 -0.146655 0.572946 0.0109865 
94 -0.146487 0.572967 0.0112456 
95 -0.146363 0.572953 0.011334 
96 -0.146551 0.572887 0.011584 
97 -0.146854 0.57273 0.0116738 
98 -0.147397 0.572544 0.0119472 
99 -0.147934 0.572319 0.0120367 
100 -0.14854 0.572114 0.0121912 
101 -0.148968 0.571928 0.0122344 
102 -0.149133 0.571833 0.0125579 
103 -0.148899 0.571839 0.0132115 
104 -0.148286 0.571961 0.0140412 
105 -0.14757 0.572157 0.0146349 
106 -0.147011 0.572327 0.0151515 
107 -0.146537 0.572492 0.0156177 
108 -0.146118 0.572609 0.0160049 
109 -0.145649 0.572722 0.016332 
110 -0.14515 0.572895 0.0167421 
111 -0.144815 0.573005 0.016618 
112 -0.14441 0.573132 0.0164558 
113 -0.143961 0.573289 0.0164586 
114 -0.143646 0.573398 0.0165103 
115 -0.1436 0.573433 0.0163128 
116 -0.143377 0.573531 0.0162732 
117 -0.143541 0.573512 0.0161899 
118 -0.143087 0.573657 0.0163154 
119 -0.142925 0.573729 0.0164446 
120 -0.142922 0.573813 0.0165454 
121 -0.142954 0.57383 0.0165535 
122 -0.143147 0.573698 0.0166507 
123 -0.142953 0.573659 0.0167242 
124 -0.143158 0.573658 0.0167357 
125 -0.143345 0.57361 0.0166118 
126 -0.143689 0.573546 0.0163195 
127 -0.14391 0.573503 0.0160453 
128 -0.143954 0.573526 0.0158432 
129 -0.143949 0.573539 0.0156244 
130 -0.144084 0.573496 0.0153284 
131 -0.144139 0.573485 0.0150848 
132 -0.144028 0.573585 0.0149203 
133 -0.143858 0.57364 0.0147064 
134 -0.14375 0.573683 0.0147731 
135 -0.143624 0.573703 0.0147744 
136 -0.143559 0.573704 0.0148747 
137 -0.143452 0.573708 0.0149427 
138 -0.143395 0.573731 0.0150057 
139 -0.143236 0.573773 0.0149441 
140 -0.143045 0.573827 0.0150493 
141 -0.142749 0.573889 0.0150515 
142 -0.142578 0.573954 0.0152082 
143 -0.14236 0.574012 0.0151049 
144 -0.14218 0.574065 0.0150936 
145 -0.142048 0.574116 0.0150091 
146 -0.142015 0.574144 0.0149577 
147 -0.141988 0.574144 0.0147662 
148 -0.14206 0.574143 0.0147488 
149 -0.142055 0.574133 0.0145233 
150 -0.142114 0.574153 0.0144449 
151 -0.142146 0.574157 0.014296 
152 -0.142158 0.574168 0.0142148 
153 -0.142078 0.574192 0.0141488 
154 -0.142032 0.57422 0.0141945 
155 -0.14193 0.574229 0.0141085 
156 -0.141852 0.574275 0.0141753 
157 -0.14165 0.574324 0.0140823 
158 -0.141575 0.57435 0.0141991 
159 -0.14148 0.574365 0.014133 
160 -0.141326 0.574432 0.0142194 
161 -0.141098 0.574483 0.0141734 
162 -0.140769 0.574594 0.0141666 
163 -0.140559 0.574669 0.0141881 
164 -0.140422 0.574716 0.0141026 
165 -0.14029 0.574752 0.0141286 
166 -0.14018 0.574782 0.014118 
167 -0.140033 0.574833 0.014082 
168 -0.13991 0.574884 0.0140413 
169 -0.139805 0.574901 0.0140555 
170 -0.139791 0.574904 0.0141063 
171 -0.139779 0.57491 0.0141801 
172 -0.139821 0.574894 0.0142219 
173 -0.13981 0.574882 0.0142272 
174 -0.139828 0.574875 0.0143697 
175 -0.139835 0.574848 0.0144108 
176 -0.13994 0.574823 0.0145051 
177 -0.139997 0.574803 0.0144863 
178 -0.139984 0.574819 0.0144716 
179 -0.139877 0.574835 0.0144201 
180 -0.139883 0.574841 0.0145778 
181 -0.139844 0.574839 0.0144705 
182 -0.139832 0.574857 0.0144792 
183 -0.13976 0.574877 0.014441 
184 -0.139783 0.574877 0.0144296 
185 -0.139777 0.574897 0.0143727 
186 -0.139777 0.574912 0.0142615 
187 -0.139727 0.57492 0.0141028 
188 -0.139782 0.574948 0.0141081 
189 -0.139796 0.57496 0.0139641 
190 -0.139828 0.574954 0.0139579 
191 -0.139798 0.574941 0.0138461 
192 -0.139849 0.574955 0.0137646 
193 -0.139876 0.574964 0.0136793 
194 -0.139972 0.574948 0.013704 
195 -0.139984 0.574937 0.0137436 
196 -0.140025 0.574925 0.0137207 
197 -0.140034 0.574934 0.0136545 
198 -0.140081 0.574947 0.0135276 
199 -0.140069 0.574973 0.0133632 
200 -0.140097 0.574987 0.013298 
201 -0.140136 0.574992 0.0132103 
202 -0.140187 0.574995 0.0131122 
203 -0.140233 0.574999 0.0130203 
204 -0.140286 0.575012 0.0128634 
205 -0.14037 0.575006 0.0127546 
206 -0.1404 0.575016 0.0127043 
207 -0.140339 0.575049 0.0125225 
208 -0.140269 0.575101 0.0124816 
209 -0.140103 0.575166 0.0123194 
210 -0.139967 0.575219 0.0124116 
211 -0.139833 0.575254 0.0124993 
212 -0.139752 0.575284 0.0126526 
213 -0.139838 0.575268 0.0128034 
214 -0.139752 0.575303 0.0128903 
215 -0.139727 0.575298 0.0129124 
216 -0.139847 0.575278 0.0130138 
217 -0.139866 0.575272 0.0130749 
218 -0.139818 0.57529 0.013114 
219 -0.139756 0.575321 0.0130835 
220 -0.139732 0.575345 0.0130797 
221 -0.139926 0.575308 0.012859 
222 -0.139987 0.575322 0.0129422 
223 -0.139813 0.575372 0.0128791 
224 -0.139748 0.575384 0.012977 
225 -0.139693 0.575398 0.0129176 
226 -0.139653 0.575419 0.0130309 
227 -0.139571 0.575433 0.0131358 
228 -0.139493 0.57545 0.0131394 
229 -0.139438 0.575484 0.0130935 
230 -0.139413 0.575493 0.0130615 
231 -0.139343 0.575516 0.0129362 
232 -0.139289 0.575571 0.0128447 
233 -0.139179 0.575621 0.0126356 
234 -0.139105 0.575672 0.0124896 
235 -0.139032 0.575701 0.0124648 
236 -0.138963 0.575738 0.0123342 
237 -0.138873 0.575785 0.0121247 
238 -0.138845 0.575835 0.0119197 
239 -0.138811 0.575888 0.0117589 
240 -0.138747 0.575927 0.0114704 
241 -0.138658 0.575969 0.0112504 
242 -0.13861 0.576013 0.0110005 
243 -0.138583 0.576052 0.0105993 
244 -0.138592 0.576098 0.010318 
245 -0.138516 0.576158 0.00975939 
246 -0.138546 0.576202 0.00948213 
