Epoch	AverageEpRet	StdEpRet	MaxEpRet	MinEpRet	EpLen	AverageVVals	StdVVals	MaxVVals	MinVVals	TotalEnvInteracts	LossPi	LossV	DeltaLossPi	DeltaLossV	Entropy	KL	ClipFrac	StopIter	Time
0	-199.23474	16.579918	-162.6389	-237.05315	1000.0	-7.661993	1.789282	-4.972652	-15.460064	40000	2.89917e-08	123.3131	-0.0042620758	-104.35818	0.41492462	0.015694061	0.255825	3.0	275.4102449417114
1	-173.87329	12.399403	-153.16187	-205.76996	1000.0	-15.584531	2.7013698	-9.235366	-20.434721	80000	-1.0299683e-08	14.400516	-0.006766222	-4.476083	0.41402942	0.007489778	0.077925	79.0	565.5478737354279
2	-171.25081	10.904085	-148.45352	-193.25735	1000.0	-15.740724	1.8543499	-10.244744	-20.29397	120000	3.8146972e-10	9.381589	-0.004286274	-2.5160217	0.39730495	0.007449527	0.057225	79.0	853.9124457836151
3	-174.61264	10.823093	-152.05423	-198.5309	1000.0	-15.887425	1.3174033	-11.12788	-20.116068	160000	-2.6226044e-10	8.579342	-0.0033595297	-1.8798695	0.38260877	0.005319679	0.03785	79.0	1137.5346767902374
4	-171.16353	12.498159	-149.32675	-203.81696	1000.0	-16.57825	0.85867083	-12.057846	-20.240692	200000	0.0	7.9457	-0.0032577927	-0.7080612	0.3623831	0.0061765383	0.04655	79.0	1424.3800497055054
5	-161.15823	10.522422	-137.51262	-181.48013	1000.0	-16.310406	0.63892543	-12.248012	-19.941946	240000	-2.2888184e-08	6.947087	-0.003963849	-1.0890951	0.34585625	0.00558815	0.035025	79.0	1711.1252608299255
6	-149.66211	11.17449	-128.74251	-174.70651	1000.0	-15.41117	0.55330366	-12.412003	-19.225996	280000	1.525879e-08	6.4041576	-0.0042018923	-1.3767858	0.32375023	0.004290557	0.025025	79.0	1998.535099029541
7	-142.25555	8.528697	-127.211395	-162.4979	1000.0	-14.234278	0.5525458	-11.501621	-18.442581	320000	2.1362304e-08	4.0821466	-0.0036884889	-0.49459505	0.29701537	0.0031212827	0.02475	79.0	2285.392138004303
8	-138.51306	8.092292	-124.13863	-154.60217	1000.0	-13.529544	0.56151795	-11.209541	-17.977146	360000	-2.670288e-09	3.5923843	-0.004139046	-0.20861006	0.26897827	0.004115291	0.02985	79.0	2572.622281551361
9	-129.58018	7.7197413	-115.817955	-146.15039	1000.0	-13.084077	0.57220787	-10.789113	-17.717236	400000	-1.9073486e-08	3.8886406	-0.005893109	-0.62340117	0.24329318	0.005395368	0.042575	79.0	2859.2290098667145
10	-127.547104	9.362576	-112.997795	-151.10318	1000.0	-12.311088	0.5881143	-10.980352	-17.177794	440000	3.8146974e-09	3.3767922	-0.0049275304	-0.06757426	0.2141517	0.004676315	0.0404	79.0	3148.403188943863
11	-120.13686	7.9963303	-100.79977	-140.4715	1000.0	-12.053078	0.58363605	-10.989657	-17.017025	480000	2.1362304e-08	3.187183	-0.0040048463	-0.45209765	0.18860221	0.0035720794	0.0245	79.0	3439.9575502872467
12	-115.89293	6.601554	-102.39914	-135.23822	1000.0	-11.398992	0.5654795	-9.97085	-16.39226	520000	7.629395e-09	2.4544988	-0.004857457	-0.2721188	0.16232818	0.004355727	0.035625	79.0	3732.018001794815
13	-110.95308	7.997471	-94.58598	-132.68779	1000.0	-10.899062	0.5744641	-9.886151	-16.07892	560000	2.4414062e-08	3.1397808	-0.0027635766	-0.24445343	0.13522643	0.0020173201	0.015025	79.0	4020.8125002384186
14	-107.78196	6.216597	-96.5628	-122.990105	1000.0	-10.413612	0.60126	-9.571027	-15.810867	600000	-3.3140182e-09	2.3479946	-0.0046540867	-0.11420584	0.11405683	0.003926949	0.033	79.0	4314.831463575363
15	-105.35421	8.720416	-90.651276	-133.57013	1000.0	-10.09171	0.58071244	-8.732522	-15.454097	640000	-3.0517577e-09	2.8064005	-0.0029565492	-0.12422681	0.08588321	0.0031751823	0.016875	79.0	4606.881425619125
16	-102.86605	8.326233	-89.21251	-122.083755	1000.0	-9.761229	0.6056761	-8.976071	-15.350966	680000	0.0	2.3064303	-0.004424466	-0.037647486	0.064357854	0.0048691295	0.032475	79.0	4900.741690158844
17	-97.75674	7.0768414	-84.65569	-118.46477	1000.0	-9.581371	0.57477635	-9.126696	-15.034422	720000	-1.0490417e-08	1.9397817	-0.0041521406	-0.25400877	0.043829594	0.0028248576	0.02495	79.0	5193.169244289398
18	-100.54882	11.706887	-85.74855	-136.82082	1000.0	-9.091924	0.620667	-7.838273	-14.689979	760000	3.0517577e-09	4.485047	-0.0031016585	-0.09427357	0.019810392	0.0032585075	0.0204	79.0	5489.27326631546
19	-95.40299	8.251417	-81.57356	-121.78593	1000.0	-9.160923	0.7099067	-8.153758	-15.374069	800000	-3.0517577e-09	2.171683	-0.0030342315	-0.15430665	-0.0012600033	0.0030491345	0.020275	79.0	5784.56053519249
20	-93.247246	9.608156	-81.665665	-130.4783	1000.0	-8.778095	0.7121384	-7.9504647	-14.892425	840000	1.2969971e-08	2.6369352	-0.0026480285	-0.07766223	-0.016160399	0.0035793777	0.026775	79.0	6079.610428571701
21	-89.00325	6.2310424	-74.72571	-103.7813	1000.0	-8.495478	0.69927126	-7.753391	-14.581159	880000	1.373291e-08	1.6037215	-0.0036958368	-0.12789273	-0.025733734	0.0029665702	0.019425	79.0	6376.873094320297
22	-88.85553	6.670776	-78.71173	-105.9151	1000.0	-8.156976	0.6500398	-7.3803945	-13.867799	920000	-3.0517577e-09	1.7048049	-0.0027533905	-0.01811409	-0.048843917	0.004062561	0.022475	79.0	6673.319291353226
23	-90.03078	9.288018	-76.59958	-113.74857	1000.0	-8.071837	0.70309407	-6.6537623	-14.0532255	960000	-3.0517577e-09	3.33395	-0.0035820222	-0.036047697	-0.06457926	0.0035049561	0.019625	79.0	6970.325840711594
24	-88.168	7.8604436	-75.83122	-107.49177	1000.0	-8.16687	0.71790826	-6.5877686	-13.946293	1000000	-9.155274e-09	2.2326696	-0.002926668	-0.031973362	-0.085760504	0.0034101582	0.0224	79.0	7268.0466141700745
25	-85.8416	8.336201	-75.03238	-113.25152	1000.0	-8.007514	0.65613914	-7.0631833	-13.453228	1040000	-6.1035155e-09	2.5127738	-0.0027101059	-0.09279561	-0.102982394	0.0034394688	0.019775	79.0	7566.366611480713
26	-85.44203	13.329606	-67.88525	-130.62732	1000.0	-7.7347755	0.71230954	-4.999559	-13.524668	1080000	-6.1035155e-09	4.090604	-0.0032168855	-0.063713074	-0.122187115	0.0037631267	0.02245	79.0	7863.530051469803
27	-85.32539	20.802149	-72.49684	-209.68018	1000.0	-7.8184366	0.61204743	-6.605786	-12.552235	1120000	1.8310548e-08	4.807272	-0.0028786743	-0.3711276	-0.13788134	0.0038404877	0.01745	79.0	8161.158453464508
28	-82.88069	9.782492	-69.3595	-107.529594	1000.0	-7.646978	0.94144964	-3.691019	-13.864114	1160000	3.0517577e-09	3.2168446	-0.002404266	-0.15797067	-0.14594668	0.0031237693	0.016525	79.0	8457.722002506256
29	-81.28735	8.605167	-66.84928	-113.815796	1000.0	-7.4543405	0.77316636	-6.2731543	-13.329016	1200000	-2.2888185e-09	2.091342	-0.0031213625	-0.055722475	-0.16222587	0.0029823906	0.0178	79.0	8757.444918870926
30	-78.21643	5.2446375	-69.80764	-93.2019	1000.0	-7.3123546	0.68341005	-6.561213	-12.527925	1240000	6.1035155e-09	1.4235373	-0.0028844557	-0.06764865	-0.18110035	0.0034143918	0.021275	79.0	9058.2067425251
31	-76.9684	6.646386	-63.398373	-93.65737	1000.0	-7.044086	0.66828	-6.3171396	-12.222368	1280000	7.6293943e-10	1.3457174	-0.0026807112	-0.022262216	-0.20151125	0.0040709544	0.020975	79.0	9357.984741449356
32	-76.72972	6.692008	-65.25936	-96.68114	1000.0	-6.9533	0.65884674	-6.401059	-12.000886	1320000	-7.6293943e-10	1.3658221	-0.003023175	-0.01475358	-0.21599476	0.0033991353	0.021775	79.0	9659.967886924744
33	-74.20333	8.671055	-63.6994	-105.76773	1000.0	-6.85931	0.6551293	-5.5397215	-11.931391	1360000	1.1825562e-08	2.2683067	-0.002824484	-0.06071329	-0.2340402	0.0040948233	0.02875	79.0	9963.332889556885
34	-72.06748	6.075777	-61.982082	-92.02997	1000.0	-6.677841	0.6551992	-6.187048	-11.726591	1400000	4.386902e-09	0.86475235	-0.0036856192	-0.045974255	-0.2491302	0.0031983743	0.022975	79.0	10266.84556388855
35	-70.68333	6.847831	-61.890102	-101.40976	1000.0	-6.462259	0.6491802	-5.9631653	-11.335788	1440000	3.8146972e-10	1.3846424	-0.003010122	-0.035060525	-0.2706338	0.004679966	0.023975	79.0	10570.543548583984
36	-70.438034	7.7072268	-61.147675	-99.01763	1000.0	-6.302071	0.64197063	-5.873123	-11.145451	1480000	-9.918213e-09	1.383947	-0.0026721787	-0.024979591	-0.28434047	0.0019615695	0.009725	79.0	10873.920629024506
37	-70.73222	5.06523	-62.880573	-84.453964	1000.0	-6.273022	0.7090231	-5.64605	-11.425132	1520000	-6.1035155e-09	0.93190616	-0.0037796174	-0.011541486	-0.2942473	0.004486889	0.030175	79.0	11181.888773441315
38	-68.29427	5.511809	-60.34971	-88.68367	1000.0	-6.247205	0.6920272	-5.68963	-11.350458	1560000	-2.2888185e-09	0.94859236	-0.0032997008	-0.035348415	-0.309327	0.0034443452	0.0234	79.0	11487.207879543304
39	-66.49872	4.5800633	-59.534294	-79.80312	1000.0	-6.070363	0.65737087	-5.528783	-11.144037	1600000	3.4332275e-09	0.73681575	-0.0033798516	-0.025278807	-0.3320618	0.0034145867	0.024175	79.0	11795.525176525116
40	-64.684326	5.157268	-58.285564	-84.751175	1000.0	-5.9378076	0.61270666	-5.549022	-10.455998	1640000	-6.4849854e-09	0.598756	-0.002859985	-0.06036651	-0.35650188	0.0032416945	0.0188	79.0	12099.19542002678
41	-65.07359	5.8429174	-57.092503	-90.25531	1000.0	-5.7194166	0.6731868	-5.067342	-10.833394	1680000	-3.0517577e-09	1.0293746	-0.0034434844	-0.00863266	-0.3703178	0.0040539317	0.02115	79.0	12404.369866847992
42	-63.20225	4.7875156	-57.31105	-81.49874	1000.0	-5.7134094	0.6554266	-5.2611794	-10.831124	1720000	9.155274e-09	0.66165155	-0.0033144255	-0.020186782	-0.38721254	0.0030148772	0.0214	79.0	12714.366795539856
43	-63.79592	6.8597436	-56.402824	-93.55364	1000.0	-5.6039224	0.66760546	-5.1678467	-10.511034	1760000	8.392334e-09	1.47547	-0.0030274994	-0.039328694	-0.4073071	0.003984771	0.023775	79.0	13023.496608018875
44	-60.67467	4.083508	-55.587887	-77.92986	1000.0	-5.5300264	0.720095	-5.0908003	-11.142789	1800000	7.6293943e-10	0.54894316	-0.003151094	-0.04875487	-0.4215706	0.0034523255	0.020775	79.0	13333.997105836868
45	-59.438255	4.683062	-54.851192	-82.82759	1000.0	-5.32825	0.6102873	-5.0213304	-10.304952	1840000	-9.775162e-10	0.63415605	-0.0027383787	-0.018028498	-0.43453887	0.0026043437	0.017675	79.0	13646.889441490173
46	-61.170616	6.545175	-53.888332	-87.80659	1000.0	-5.309208	0.57503355	-5.020025	-9.3958645	1880000	3.8146974e-09	1.2336153	0.011880266	-0.03807509	-0.45870668	0.034284696	0.41935	6.0	13953.314581155777
47	-59.445263	4.3661056	-55.18947	-82.3744	1000.0	-5.3114495	0.6328632	-4.927801	-10.242757	1920000	8.010864e-09	0.37657973	-0.004149371	-0.0116454065	-0.46006224	0.0044819857	0.032925	79.0	14264.915912389755
48	-59.053825	3.0837407	-53.784184	-67.29128	1000.0	-5.26003	0.5921275	-4.973255	-9.875279	1960000	-1.5258789e-09	0.33256993	-0.003076682	-0.011398762	-0.4813032	0.0055908933	0.036075	79.0	14577.88154911995
49	-62.62101	11.191064	-53.644135	-111.16726	1000.0	-5.231494	0.70183	-4.875007	-10.134004	2000000	-1.5258789e-09	2.59007	-0.0038642623	-0.21269965	-0.49596417	0.0036463805	0.01545	79.0	14887.791541099548
50	-57.001476	4.0105824	-52.79307	-74.04195	1000.0	-5.333054	0.7672727	-4.8345733	-11.255634	2040000	1.1444092e-08	0.5085966	-0.00295542	-0.128084	-0.50318134	0.0039468603	0.025625	79.0	15201.403375148773
51	-57.388947	2.5292313	-53.47048	-62.64847	1000.0	-5.0568943	0.64782697	-4.616932	-10.31431	2080000	3.0517577e-09	0.3292654	-0.003471634	-0.01551187	-0.52057964	0.0048785643	0.030975	79.0	15514.451383590698
52	-56.407795	3.5006423	-53.242348	-71.9746	1000.0	-5.002691	0.60048145	-4.6776843	-10.130201	2120000	-3.0517577e-09	0.20691508	-0.002496794	-0.012558907	-0.536526	0.0032142745	0.022425	79.0	15829.203652858734
53	-56.925575	7.8117604	-51.662533	-100.47403	1000.0	-4.9690495	0.5848198	-4.619479	-10.330556	2160000	0.0	1.2641298	-0.003125743	-0.054865837	-0.5562798	0.004099208	0.02255	79.0	16144.992896318436
54	-55.676983	3.2468603	-51.20594	-65.112816	1000.0	-4.9440904	0.627252	-4.617459	-10.250783	2200000	-1.0490417e-09	0.31891307	-0.0037583127	-0.0131055415	-0.5707524	0.0038237358	0.023625	79.0	16459.704010486603
55	-55.639393	3.5848994	-50.048283	-70.88237	1000.0	-4.870784	0.5952983	-4.582179	-9.782611	2240000	3.4332275e-09	0.2850923	-0.003380362	-0.004928142	-0.5868313	0.003121337	0.0254	79.0	16775.83833169937
56	-57.37441	7.6574016	-52.062782	-94.51356	1000.0	-4.870887	0.63227654	-4.5697103	-9.937908	2280000	-6.1035155e-09	1.5048991	-0.002559253	-0.12559557	-0.60838735	0.0032238816	0.0119	79.0	17095.19371652603
57	-56.597626	4.829441	-50.004154	-73.9285	1000.0	-5.037258	0.64016384	-4.52115	-9.726709	2320000	-5.722046e-10	0.59160477	0.0100054955	-0.023666024	-0.6105727	0.025302544	0.36965	6.0	17405.852529525757
58	-56.468933	3.5590646	-52.104538	-69.42672	1000.0	-4.853681	0.6645757	-4.4571443	-10.213799	2360000	3.0517577e-09	0.39673987	-0.002547171	-0.021508217	-0.6109894	0.002908086	0.0215	79.0	17723.28238105774
59	-54.58312	2.007505	-51.72279	-58.487213	1000.0	-4.9104757	0.5839551	-4.5925865	-10.004776	2400000	1.525879e-08	0.17608105	-0.002289142	-0.033792675	-0.62656194	0.0042713163	0.028625	79.0	18042.16773700714
60	-56.46393	6.8176146	-51.725773	-94.54793	1000.0	-4.850482	0.5193937	-4.530459	-9.334637	2440000	-6.1035155e-09	1.00057	-0.0023709596	-0.08452511	-0.6360429	0.0032832406	0.0139	79.0	18357.52401804924
61	-55.887512	9.933076	-50.437412	-115.296684	1000.0	-4.931188	0.62297714	-4.5393224	-10.099228	2480000	-6.1035155e-09	1.2667208	-0.0030183229	-0.26392686	-0.63691664	0.0039304635	0.02715	79.0	18674.99051117897
62	-54.17516	1.9896122	-51.38698	-60.980137	1000.0	-4.826503	0.5628389	-4.084397	-9.476824	2520000	-1.5258789e-09	0.28790137	0.0070190276	-0.09459405	-0.65422714	0.018420497	0.301225	16.0	18990.414312839508
63	-54.504997	1.9728403	-51.735893	-59.376568	1000.0	-4.7765536	0.5277902	-4.2212496	-9.638969	2560000	-2.670288e-09	0.15722927	0.0013675877	-0.0213321	-0.6596365	0.015559481	0.224725	9.0	19305.337862968445
64	-54.797203	3.0907187	-50.83431	-64.91018	1000.0	-4.8044205	0.51918936	-4.449657	-9.782792	2600000	-7.629395e-09	0.26047403	-0.0031571228	-0.018901154	-0.66311836	0.0047801104	0.043175	79.0	19624.382399320602
65	-54.053	1.7268453	-51.712753	-59.40936	1000.0	-4.757587	0.5396867	-4.5039177	-10.220118	2640000	3.2424927e-09	0.13446756	-0.0034519506	-0.011732377	-0.6754141	0.004316004	0.030325	79.0	19945.32224035263
66	-55.067383	2.7376025	-50.745094	-65.728966	1000.0	-4.790693	0.4975757	-4.4897294	-9.624637	2680000	0.0	0.27911973	-0.0027681198	-0.011445135	-0.6914152	0.0044534807	0.026	79.0	20265.284411907196
67	-53.606804	1.844977	-49.02328	-57.340828	1000.0	-4.8130326	0.51413417	-4.6014123	-10.107208	2720000	6.2942505e-09	0.12929161	0.009671464	-0.013444267	-0.7006127	0.022565575	0.35045	29.0	20583.817987203598
68	-56.850037	14.972707	-51.026352	-149.59245	1000.0	-4.7414627	0.54370576	-4.55784	-10.735923	2760000	6.1035155e-09	3.9522214	-0.0032038146	-1.0434241	-0.70813876	0.003914613	0.0222	79.0	20905.336562156677
69	-58.029053	17.536358	-51.714188	-163.03717	1000.0	-5.0488844	1.0341759	-4.1046085	-12.464483	2800000	-9.155274e-09	1.5462298	-0.0023845155	-0.46353352	-0.71462435	0.0043143104	0.033725	79.0	21226.68300652504
70	-54.77688	2.8622649	-51.440823	-69.581245	1000.0	-4.8485417	0.7224518	-3.8233328	-13.472744	2840000	4.577637e-09	0.33691612	0.010623781	-0.14531687	-0.72903734	0.019339586	0.28385	4.0	21543.181634426117
71	-54.569313	2.8566797	-51.327126	-67.28981	1000.0	-4.8410788	0.5274587	-4.3963857	-10.859098	2880000	-2.2888185e-09	0.23021275	0.0013737961	-0.013023689	-0.72966254	0.015201098	0.2299	4.0	21859.09732079506
72	-57.100006	11.316561	-50.635345	-113.590324	1000.0	-4.8739166	0.7518648	-4.3983455	-12.610505	2920000	0.0	1.4085021	-0.002609201	-0.48016644	-0.73050946	0.0038240273	0.02085	79.0	22180.825625896454
73	-55.315235	6.0665517	-51.14832	-91.53721	1000.0	-4.9221325	0.79276264	-4.3122497	-14.672241	2960000	3.0517577e-09	0.512924	-0.00328069	-0.05799061	-0.7360642	0.0040276367	0.02705	79.0	22502.651138067245
74	-61.060143	36.493748	-49.732384	-282.00357	1000.0	-5.098328	1.5926783	-4.422275	-16.384903	3000000	0.0	7.97336	-0.0019838256	-4.70628	-0.7569072	0.003668293	0.02355	79.0	22824.65487599373
75	-55.31477	4.9751067	-51.706295	-80.62408	1000.0	-4.8885937	1.1204449	-3.9062316	-27.147585	3040000	9.536743e-09	0.8203334	-0.003188864	-0.26965523	-0.761481	0.005198144	0.036725	79.0	23144.75058245659
76	-54.532295	2.1386948	-50.91578	-64.95404	1000.0	-4.843767	0.4845453	-4.4090843	-10.750834	3080000	-3.0517577e-09	0.13110116	-0.0018972687	-0.0066009387	-0.7769447	0.0030185864	0.01835	79.0	23467.068655014038
77	-54.95925	2.5396264	-50.28593	-63.098103	1000.0	-4.867921	0.4947446	-4.5200453	-14.41079	3120000	-4.577637e-09	0.20920928	-0.0029101332	-0.014562413	-0.790088	0.0053864596	0.042875	79.0	23791.550211906433
78	-54.709557	2.6121576	-51.80518	-69.40053	1000.0	-4.8313804	0.545108	-4.513697	-11.105047	3160000	4.9591065e-09	0.26314873	-0.0024847866	-0.008548319	-0.80120957	0.0037406394	0.0276	79.0	24117.075304746628
79	-54.19237	2.599209	-49.747635	-68.223915	1000.0	-4.835273	0.51619357	-4.567099	-14.060224	3200000	-8.392334e-09	0.14666913	0.0024529563	-0.0054406226	-0.80916405	0.016688934	0.256625	2.0	24435.98238134384
80	-54.635	1.6974256	-49.963844	-59.47853	1000.0	-4.830553	0.4414241	-4.6040072	-11.316652	3240000	2.670288e-09	0.07448287	0.002910773	-0.0041880235	-0.80938184	0.015935319	0.236475	9.0	24754.917332172394
81	-53.79955	1.2918272	-50.956387	-57.860714	1000.0	-4.8730993	0.41819137	-4.6548595	-10.239939	3280000	-6.1035155e-09	0.11897825	0.020384725	-0.0097091645	-0.81186426	0.041859813	0.48245	1.0	25074.142821788788
82	-55.737183	8.712956	-51.035248	-97.5572	1000.0	-4.8382673	0.6053548	-4.6192575	-17.524515	3320000	0.0	1.1328661	0.010221567	-0.35813653	-0.8122532	0.031501338	0.424475	1.0	25393.41426038742
83	-53.86859	2.4147358	-50.459206	-66.19942	1000.0	-4.891728	0.6211934	-4.5231133	-16.503672	3360000	-1.2207031e-08	0.21790595	0.0089311125	-0.08285548	-0.812613	0.021892447	0.349675	1.0	25712.28465294838
84	-54.24165	1.5136191	-52.124245	-59.830692	1000.0	-4.770767	0.4429981	-4.500345	-10.074114	3400000	-1.1444092e-09	0.06610673	0.0053833034	-0.0042149127	-0.81296	0.023312422	0.357025	3.0	26036.5185277462
85	-53.798695	1.1381505	-52.472607	-57.678482	1000.0	-4.7885666	0.4421259	-4.615733	-10.231467	3440000	-1.6784668e-08	0.055087462	0.0061061475	-0.003491465	-0.8140459	0.022100946	0.350625	1.0	26359.18247461319
86	-54.56109	3.1975126	-51.967796	-71.951416	1000.0	-4.761241	0.4641678	-4.5965466	-10.341055	3480000	-9.155274e-09	0.23597229	0.006203125	-0.02421157	-0.81442547	0.022821335	0.36215	1.0	26677.667106866837
87	-55.811146	5.6128864	-52.565773	-81.509895	1000.0	-4.833332	0.65317005	-4.5130577	-15.1798	3520000	1.7547608e-08	0.5947352	0.005774083	-0.06768733	-0.8148104	0.019518482	0.3064	1.0	26993.864859342575
88	-57.287952	17.452654	-49.942413	-165.54189	1000.0	-4.9918885	1.0568513	-4.427941	-14.264403	3560000	-9.155274e-09	0.96817654	-0.0024065827	-0.4021867	-0.8152075	0.0015813584	0.011175	79.0	27317.393024921417
89	-54.38694	1.9346355	-50.98133	-62.89952	1000.0	-4.7616506	0.64384204	-4.4210296	-13.738908	3600000	-3.0517577e-09	0.18571806	-0.0016500489	-0.052599177	-0.8309495	0.0025115449	0.00945	79.0	27639.75327515602
90	-54.175343	1.8682168	-50.63219	-60.370655	1000.0	-4.8079424	0.49573505	-4.6107664	-13.336918	3640000	8.5830687e-10	0.14265335	-0.0022340233	-0.008121386	-0.844644	0.0032966023	0.02215	79.0	27964.20096564293
91	-53.55659	2.1772988	-50.045948	-62.595898	1000.0	-4.7765837	0.51725304	-4.608323	-15.850563	3680000	0.0	0.15089688	-0.0028090638	-0.012453169	-0.8632961	0.0029924682	0.0203	79.0	28289.799602508545
92	-54.450233	3.3312376	-51.888893	-67.629814	1000.0	-4.763943	0.58333266	-4.5896854	-18.633026	3720000	0.0	0.35948876	-0.003257515	-0.026253253	-0.8806493	0.004905378	0.03595	79.0	28611.751045703888
93	-53.80882	2.3261237	-51.184586	-64.53427	1000.0	-4.7978935	0.47465163	-4.6424627	-10.685838	3760000	-6.1035155e-09	0.102767795	0.0069379546	-0.0054832473	-0.8969643	0.020899186	0.338775	12.0	28930.345846652985
94	-52.830162	1.0178607	-50.11864	-56.601772	1000.0	-4.747628	0.45594913	-4.58084	-11.219851	3800000	9.155274e-09	0.04739118	0.0047573647	-0.009075407	-0.9001508	0.015086609	0.250975	11.0	29250.705478191376
95	-53.913216	3.420441	-51.015823	-68.766335	1000.0	-4.717229	0.448892	-4.5752172	-9.991117	3840000	-5.722046e-09	0.26809135	-0.0027892294	-0.048539445	-0.90481156	0.0052758735	0.045425	79.0	29573.07063126564
96	-52.809547	2.0577798	-50.289516	-63.180645	1000.0	-4.7126107	0.5347406	-4.4796147	-10.977003	3880000	-5.722046e-09	0.12111436	-0.002486219	-0.013156109	-0.92408	0.0027552051	0.015325	79.0	29899.038541555405
97	-54.67562	12.955604	-50.94492	-134.49995	1000.0	-4.7413845	0.791452	-4.502048	-14.387563	3920000	3.0517577e-09	0.9885396	-0.0027095429	-0.3761133	-0.93983924	0.0032986244	0.02035	79.0	30224.90176296234
98	-56.03196	14.449621	-49.923916	-140.9425	1000.0	-4.9442883	1.4235111	-4.290268	-21.69643	3960000	-4.577637e-09	0.76878494	0.0016797333	-0.07399166	-0.9459277	0.019225657	0.267975	2.0	30545.406723737717
99	-52.92284	2.3651373	-49.393448	-64.54116	1000.0	-4.6413198	0.7639401	-4.29828	-16.459131	4000000	9.918213e-09	0.25286222	-0.0023890268	-0.12324883	-0.9460812	0.0034010212	0.0192	79.0	30870.49973511696
100	-52.422585	1.4184514	-50.757828	-58.741875	1000.0	-4.6821537	0.4567508	-4.5591803	-11.447214	4040000	4.577637e-09	0.083829254	0.003931981	-0.009112522	-0.95388454	0.023355393	0.3468	6.0	31193.686019182205
101	-52.41986	1.4098052	-48.39677	-55.95794	1000.0	-4.6459775	0.42580724	-4.542082	-10.152517	4080000	-3.0517577e-09	0.06936997	0.004413382	-0.0018577501	-0.95444685	0.018774768	0.255775	15.0	31515.28597664833
102	-53.899086	7.5669007	-49.70036	-98.91785	1000.0	-4.682557	0.5655737	-4.553289	-17.326344	4120000	-6.1035155e-09	0.9228376	-0.0031361298	-0.2454325	-0.95910865	0.004821819	0.033275	79.0	31843.158475399017
103	-52.92748	3.3956754	-50.492176	-71.850334	1000.0	-4.728841	0.67372036	-4.429528	-16.95162	4160000	-7.629395e-09	0.25638056	-0.0027004608	-0.03453353	-0.9687641	0.0036697418	0.02075	79.0	32168.852838277817
104	-52.366882	2.2905374	-50.098186	-64.73078	1000.0	-4.6733537	0.5086346	-4.507885	-11.312651	4200000	4.577637e-09	0.12891887	-0.003416919	-0.006039351	-0.97653043	0.0038247483	0.028275	79.0	32491.944847106934
105	-52.601727	3.382566	-50.18051	-71.78743	1000.0	-4.649977	0.5001441	-4.4803076	-10.189192	4240000	-9.346008e-09	0.18509562	-0.0024685499	-0.027994424	-1.0065871	0.0037297786	0.019425	79.0	32821.14716243744
106	-51.682526	1.4547982	-49.04673	-58.47925	1000.0	-4.6249638	0.46689346	-4.4416895	-11.880598	4280000	2.2888185e-09	0.06176843	0.0010510345	-0.013793893	-1.0140755	0.015830683	0.23735	33.0	33145.50206184387
107	-51.883385	0.9038305	-49.339542	-53.561306	1000.0	-4.585724	0.37442443	-4.4821906	-9.80943	4320000	1.5258789e-09	0.03484337	0.014394063	-0.0040820725	-1.027133	0.026859567	0.379475	8.0	33469.17170214653
108	-51.735146	1.5033143	-50.42502	-58.06338	1000.0	-4.6455126	0.36761224	-4.54458	-9.602801	4360000	-2.2411346e-09	0.04656944	-0.003299552	-0.003522329	-1.0307927	0.004889682	0.0293	79.0	33794.47601103783
109	-51.766247	1.3438555	-49.952087	-56.26004	1000.0	-4.617491	0.4226607	-4.4869413	-9.92365	4400000	1.0681152e-08	0.07025175	-0.0030592491	-0.004065886	-1.045953	0.0037550025	0.029875	79.0	34122.4160823822
110	-51.514393	1.6732305	-49.901688	-57.469585	1000.0	-4.587783	0.42148483	-4.4749985	-10.191076	4440000	-1.9073486e-08	0.08035963	0.005292208	-0.00280305	-1.066911	0.018334456	0.2991	10.0	34444.930001974106
111	-51.509247	1.757102	-49.282856	-60.127304	1000.0	-4.5786424	0.42380112	-4.465968	-10.087354	4480000	-1.5258789e-09	0.06309143	0.015126981	-0.007039927	-1.069432	0.034334846	0.43505	1.0	34767.37359571457
112	-51.180653	0.9613073	-49.707935	-54.228672	1000.0	-4.565096	0.40162036	-4.4389024	-10.083316	4520000	1.411438e-08	0.026926843	0.016163522	-0.0019223467	-1.0697334	0.031659067	0.424325	2.0	35088.90800905228
113	-52.018475	2.964688	-49.462944	-64.74634	1000.0	-4.557999	0.4301165	-4.400402	-9.786013	4560000	7.6293943e-10	0.15434939	0.019381704	-0.016977146	-1.0705318	0.06111906	0.565425	1.0	35408.76216173172
114	-51.70011	2.1665516	-50.20706	-63.934616	1000.0	-4.5569158	0.44359517	-4.380473	-10.231587	4600000	-1.5258789e-09	0.0707745	0.023469526	-0.0036374554	-1.0709635	0.052968323	0.541375	1.0	35729.94167160988
115	-53.26059	3.8259432	-50.664955	-69.98695	1000.0	-4.60507	0.50099564	-4.4378233	-11.48056	4640000	7.629395e-09	0.20703076	0.0133134825	-0.028807059	-1.0713854	0.04197274	0.491475	1.0	36049.39795565605
116	-53.315956	1.4173707	-51.50848	-58.810173	1000.0	-4.668271	0.47042564	-4.470502	-10.57239	4680000	-1.5258789e-09	0.07149826	0.01077966	-0.01996449	-1.0718201	0.025937818	0.3857	1.0	36366.78760051727
117	-54.073986	1.9012839	-52.674854	-64.19308	1000.0	-4.744262	0.42374232	-4.6462426	-11.112066	4720000	-1.2207031e-08	0.089136936	0.0044300626	-0.012616575	-1.072234	0.032088697	0.41635	3.0	36683.98250699043
118	-53.15692	1.6150042	-50.189957	-60.188858	1000.0	-4.8345976	0.40414855	-4.7235765	-10.598028	4760000	0.0	0.056310516	0.012605947	-0.009518333	-1.0733795	0.04064404	0.478825	1.0	37003.95379567146
119	-53.000122	4.228569	-49.33467	-76.40677	1000.0	-4.769276	0.49245465	-4.6465683	-13.335208	4800000	-1.1444092e-09	0.30337262	0.010678562	-0.04288858	-1.0737451	0.05009497	0.52825	1.0	37323.71165108681
120	-51.62075	1.5392559	-48.483173	-57.74965	1000.0	-4.6856856	0.46878418	-4.5257783	-10.721744	4840000	5.722046e-09	0.07191914	0.01622168	-0.015726034	-1.074092	0.040092662	0.47565	1.0	37644.20544934273
121	-51.397472	1.2683538	-49.65853	-56.825382	1000.0	-4.6089015	0.39068082	-4.490997	-9.926132	4880000	0.0	0.037092336	0.017014973	-0.0022822507	-1.0744312	0.03669368	0.452325	1.0	37966.05284714699
122	-52.025917	5.620628	-48.999977	-85.96866	1000.0	-4.6126595	0.5794538	-4.464188	-17.60163	4920000	-9.155274e-09	0.38692054	0.0048986725	-0.095015615	-1.0748142	0.021451326	0.32365	1.0	38288.100357055664
123	-50.974834	0.99621487	-49.441906	-54.58018	1000.0	-4.596495	0.45806763	-4.3082633	-11.016521	4960000	1.1444092e-09	0.05553739	0.0058329166	-0.031411745	-1.0751941	0.019265357	0.294475	6.0	38609.98224425316
124	-51.11959	0.80355334	-50.005478	-53.749187	1000.0	-4.536967	0.38673723	-4.4511576	-11.947741	5000000	-1.6212464e-09	0.035442255	0.0048697633	-0.0031854436	-1.0778857	0.018621603	0.278	1.0	38931.30495071411
125	-51.832375	1.4798126	-49.79081	-57.39074	1000.0	-4.5549493	0.40255225	-4.47476	-10.749999	5040000	7.915497e-09	0.06850151	-0.0027411797	-0.0071075447	-1.0783855	0.0032563277	0.0179	79.0	39255.683470487595
126	-51.372223	1.2667637	-49.39346	-55.86649	1000.0	-4.590493	0.40821105	-4.5067067	-10.114221	5080000	-8.392334e-09	0.045809276	-0.0029238053	-0.003980797	-1.1009259	0.003311297	0.025325	79.0	39581.81482028961
127	-51.772484	4.229601	-49.632317	-75.68488	1000.0	-4.590314	0.45625308	-4.4438386	-12.263443	5120000	-9.155274e-09	0.25256428	-0.0028018616	-0.047373846	-1.1261789	0.0049328315	0.03	79.0	39908.02406024933
128	-50.644146	0.68042487	-49.521774	-52.09972	1000.0	-4.546848	0.42705446	-4.358564	-10.371766	5160000	1.8310548e-08	0.028547157	0.008297995	-0.01237599	-1.1349224	0.015754135	0.24915	3.0	40228.77779221535
129	-50.831764	0.7780143	-49.220783	-53.552692	1000.0	-4.523648	0.35769907	-4.421104	-9.6266985	5200000	9.155274e-09	0.020181904	0.016340857	-0.001262933	-1.1353303	0.029425247	0.388025	1.0	40550.65032553673
130	-52.487007	5.328839	-49.982883	-85.22945	1000.0	-4.5635934	0.49913415	-4.44846	-15.844633	5240000	-1.5258789e-09	0.4068915	0.0010325653	-0.12265542	-1.1355431	0.016268607	0.2761	4.0	40871.76943206787
131	-50.9474	0.623006	-49.82539	-52.185276	1000.0	-4.5888886	0.42430988	-4.408223	-9.995723	5280000	4.577637e-09	0.033385094	0.012072891	-0.017485814	-1.1364994	0.027063044	0.381225	4.0	41194.91828584671
132	-52.143066	3.2294002	-49.857426	-66.69638	1000.0	-4.581075	0.54999363	-4.4425435	-13.67878	5320000	3.6239625e-09	0.1931545	0.013865023	-0.025622144	-1.137633	0.0576281	0.55765	1.0	41518.4744746685
133	-52.415394	3.545383	-50.29098	-73.27	1000.0	-4.595326	0.54909056	-4.4578156	-12.716326	5360000	-7.629395e-09	0.18771313	0.012523506	-0.026863158	-1.1379058	0.043731593	0.489875	1.0	41840.78548121452
134	-51.99004	1.0500953	-50.76564	-56.107063	1000.0	-4.5964875	0.42975658	-4.4664245	-10.333012	5400000	2.2888185e-09	0.03515617	0.005748045	-0.0088325795	-1.1381941	0.015091556	0.241875	1.0	42163.463357687
135	-52.983418	3.216709	-50.35088	-70.68564	1000.0	-4.659033	0.5014593	-4.566358	-14.030377	5440000	6.866455e-09	0.17985637	0.0011074952	-0.02894409	-1.1384709	0.01603484	0.231525	1.0	42482.84130573273
136	-52.610718	1.8203918	-50.815273	-59.989864	1000.0	-4.6806045	0.5323079	-4.5505223	-11.679687	5480000	3.4332275e-09	0.09429957	0.0035993096	-0.03491583	-1.1387343	0.0237969	0.356075	1.0	42803.76753664017
137	-51.70393	1.0533787	-49.007244	-54.749344	1000.0	-4.663952	0.41497546	-4.5536313	-10.767003	5520000	5.722046e-09	0.04688306	0.010348659	-0.009381581	-1.1389948	0.019713212	0.321575	1.0	43115.384006500244
138	-51.864857	1.9482999	-50.055264	-58.196945	1000.0	-4.654334	0.39332864	-4.5090847	-11.331169	5560000	-6.1035155e-09	0.083950706	0.005768225	-0.0061886683	-1.1392591	0.019031107	0.2965	1.0	43402.40280127525
139	-51.45701	1.4906771	-46.80418	-54.513676	1000.0	-4.619736	0.40071693	-4.5108833	-10.696762	5600000	3.0517577e-09	0.07221961	0.0034490356	-0.0085181445	-1.1395231	0.015801117	0.2582	2.0	43688.94521474838
140	-51.347412	1.1061987	-48.822994	-54.069595	1000.0	-4.5859785	0.36465427	-4.383102	-9.769931	5640000	-1.373291e-08	0.036657423	0.028525755	-0.0013724081	-1.1400844	0.0536187	0.532725	1.0	43975.41954541206
141	-52.53639	4.33582	-48.931335	-77.57695	1000.0	-4.5874887	0.48186654	-4.4624143	-15.140628	5680000	-7.629395e-09	0.37504613	0.008312897	-0.08970809	-1.1404004	0.03544125	0.446925	1.0	44262.45670127869
142	-52.563587	1.6549082	-50.442017	-59.49893	1000.0	-4.623403	0.48563927	-4.473421	-11.621262	5720000	4.196167e-09	0.08232295	0.0057401448	-0.027687207	-1.140691	0.015849002	0.254825	1.0	44549.450967788696
143	-53.292034	1.2652948	-51.96836	-58.995117	1000.0	-4.6793413	0.39812082	-4.5936217	-10.071187	5760000	-4.7683715e-09	0.04247778	0.0040637627	-0.008219473	-1.1410077	0.029766241	0.39745	6.0	44834.79918551445
144	-52.501366	1.5123023	-51.394512	-61.432613	1000.0	-4.7626996	0.4086643	-4.672714	-13.226301	5800000	3.0517577e-09	0.06256649	0.0035261337	-0.010492098	-1.1428198	0.02523872	0.35975	1.0	45121.40433359146
145	-51.977013	1.0012327	-50.988174	-56.579197	1000.0	-4.7041764	0.37694195	-4.629599	-10.00616	5840000	1.0681152e-08	0.023909412	0.013697774	-0.0042223856	-1.1431135	0.04077295	0.4745	1.0	45407.19474697113
146	-51.010582	0.69844824	-49.89383	-53.108307	1000.0	-4.654607	0.364386	-4.5693974	-9.948494	5880000	1.8310548e-08	0.026351718	0.02433289	-0.00931369	-1.1434377	0.05141736	0.5326	1.0	45693.82617354393
147	-51.188984	1.5768813	-49.55258	-56.38279	1000.0	-4.5831275	0.3767227	-4.464972	-9.726283	5920000	-9.918213e-09	0.06357179	0.017489836	-0.004937455	-1.1437881	0.04338788	0.49085	1.0	45979.67857050896
148	-51.311012	4.030973	-48.695786	-75.471664	1000.0	-4.5579805	0.4427075	-4.4292717	-10.156018	5960000	-1.2207031e-08	0.19986054	0.010197295	-0.049261436	-1.1441339	0.029438477	0.39395	1.0	46266.45862483978
149	-52.125008	5.390542	-46.728146	-83.932175	1000.0	-4.584178	0.67741543	-4.3526692	-17.355106	6000000	7.629395e-09	0.43060783	0.006517798	-0.059518993	-1.1444907	0.034623776	0.43405	3.0	46552.70759391785
150	-51.22633	3.6920624	-48.693287	-73.1818	1000.0	-4.556753	0.6428759	-4.3820205	-16.647041	6040000	4.577637e-09	0.16481055	0.005846766	-0.020830616	-1.1453846	0.027419634	0.371425	1.0	46839.27237820625
151	-50.754143	1.0744715	-49.345985	-55.88254	1000.0	-4.500455	0.44275013	-4.3839064	-10.824163	6080000	8.773804e-09	0.051612068	0.00849758	-0.015127193	-1.1456478	0.024903895	0.36625	1.0	47126.30507707596
152	-51.631947	2.6066847	-49.718388	-65.10406	1000.0	-4.5194955	0.4449674	-4.3646555	-11.354112	6120000	1.6784668e-08	0.12659034	0.005383171	-0.024119452	-1.1459092	0.021519935	0.3126	1.0	47415.49273657799
153	-51.972565	1.7213581	-50.295753	-60.243362	1000.0	-4.548466	0.46769372	-4.445279	-11.584238	6160000	-3.0517577e-09	0.07173275	0.005378853	-0.0074860007	-1.1461654	0.022910452	0.359325	3.0	47702.893014431
154	-51.131702	1.4018596	-49.582314	-56.36108	1000.0	-4.607118	0.42730266	-4.4851637	-10.273634	6200000	-3.0517577e-09	0.057136122	0.004428212	-0.0057501122	-1.1471422	0.018376324	0.292875	1.0	47990.93694639206
155	-50.89243	1.3425792	-49.106262	-55.96735	1000.0	-4.546468	0.40803126	-4.410097	-10.023974	6240000	7.6293943e-10	0.050733678	0.0047811302	-0.0014510155	-1.1474868	0.016269369	0.25085	1.0	48277.11020421982
156	-50.892498	1.3643488	-48.898003	-57.596752	1000.0	-4.5310197	0.40153927	-4.403859	-9.91045	6280000	3.0517577e-09	0.04861456	0.0040772674	-0.00084415823	-1.1478221	0.018862955	0.2838	28.0	48565.44594788551
157	-50.83302	2.1298718	-48.61301	-60.139114	1000.0	-4.513853	0.41267675	-4.3512197	-9.907044	6320000	-3.0517577e-09	0.09302025	-0.0028138566	-0.009693682	-1.1576896	0.00370858	0.025225	79.0	48858.24053192139
158	-51.09773	3.554799	-47.695995	-70.88246	1000.0	-4.5110326	0.50512457	-4.3733616	-14.121882	6360000	-7.629395e-09	0.19975781	-0.0026255995	-0.027126133	-1.1672955	0.003217899	0.01665	79.0	49148.179528713226
159	-51.113476	3.1571326	-48.901817	-68.578835	1000.0	-4.508286	0.5164782	-4.357523	-12.283865	6400000	8.392334e-09	0.1326299	-0.0023882394	-0.01690235	-1.1738681	0.002803686	0.015675	79.0	49440.11001253128
160	-50.307697	1.1085157	-48.64902	-54.851124	1000.0	-4.510196	0.43219626	-4.395788	-12.091498	6440000	-6.1035155e-09	0.04342611	-0.002901465	-0.010598619	-1.1905504	0.0032393157	0.0229	79.0	49730.382016420364
161	-49.98298	1.4291244	-48.17531	-57.25268	1000.0	-4.473975	0.3947	-4.293518	-10.322615	6480000	-1.0681152e-08	0.03899202	0.0043716216	-0.0039403103	-1.211288	0.017300464	0.298675	6.0	50017.90477824211
162	-50.598724	3.6473377	-48.616383	-72.85736	1000.0	-4.465739	0.40033364	-4.3011622	-9.570342	6520000	0.0	0.15634672	0.008964383	-0.070090964	-1.2128084	0.03324716	0.4266	20.0	50306.11236143112
163	-50.41056	2.9071906	-48.911015	-67.6563	1000.0	-4.485672	0.5476633	-4.362617	-11.9568615	6560000	-6.008148e-09	0.10799385	0.004860693	-0.009773783	-1.2187647	0.023384232	0.3419	1.0	50592.51815867424
164	-51.005177	2.2514255	-48.917706	-61.56557	1000.0	-4.4731216	0.5080134	-4.3281484	-12.580136	6600000	-4.9591065e-09	0.08687767	-0.003102499	-0.020343557	-1.2190121	0.004949708	0.03375	79.0	50883.98101687431
165	-50.260654	1.1365193	-48.528088	-55.766735	1000.0	-4.4888597	0.41282755	-4.290642	-9.932088	6640000	-6.1035155e-09	0.035348516	-0.00246992	-0.004401898	-1.2298309	0.002983081	0.0179	79.0	51176.961997509
166	-50.413433	1.489717	-48.825962	-55.986877	1000.0	-4.4952407	0.41854575	-4.289981	-10.582541	6680000	8.392334e-09	0.06562656	-0.0034446637	-0.010779358	-1.2527933	0.0044516264	0.03205	79.0	51470.031035900116
167	-49.549732	1.3199463	-47.95849	-56.48615	1000.0	-4.4470806	0.40786794	-4.301073	-10.02836	6720000	-2.5177002e-08	0.039966397	0.0018835365	-0.00432935	-1.2765791	0.016857415	0.2469	2.0	51759.62621831894
168	-49.983967	1.8231406	-48.02145	-56.293648	1000.0	-4.411887	0.39182445	-4.276305	-9.709867	6760000	-5.722046e-09	0.04537748	0.0025986051	-0.002160795	-1.276965	0.016947573	0.277925	60.0	52052.75765967369
169	-49.374218	0.61965185	-48.0287	-51.497513	1000.0	-4.407541	0.38667005	-4.27199	-9.811745	6800000	-4.577637e-09	0.018977406	0.008732732	-0.0020433795	-1.2886757	0.020570198	0.319625	4.0	52344.97414779663
170	-50.285072	1.5213245	-48.99682	-56.838047	1000.0	-4.395006	0.3819905	-4.2454123	-9.637072	6840000	-2.2888184e-08	0.052104987	0.00014783631	-0.0058521107	-1.2896056	0.015487931	0.2377	15.0	52636.82899451256
171	-50.077446	1.8956066	-48.35986	-58.244286	1000.0	-4.457227	0.40304643	-4.361875	-9.918147	6880000	3.0517577e-09	0.04722386	0.012839486	-0.001668144	-1.2941267	0.035855785	0.452175	1.0	52925.18875050545
172	-49.25703	1.0969844	-47.706238	-54.23535	1000.0	-4.4440866	0.38513416	-4.337365	-9.867676	6920000	2.2888184e-08	0.029767303	0.009998461	-0.0054082833	-1.2943916	0.020543259	0.30575	1.0	53213.638657569885
173	-49.543297	1.252137	-48.05916	-54.893864	1000.0	-4.392577	0.35655376	-4.23515	-9.547938	6960000	-4.9591065e-09	0.027248522	0.016939161	-0.0008151382	-1.2946777	0.033953626	0.427075	2.0	53503.37709760666
174	-49.211876	0.59619814	-48.42316	-50.325764	1000.0	-4.3961163	0.3657957	-4.2854624	-9.6217575	7000000	0.0	0.024263019	0.03392821	-0.0031098034	-1.2953132	0.06606504	0.570875	1.0	53795.08531618118
175	-50.51161	4.615522	-48.464	-77.80341	1000.0	-4.385991	0.36927715	-4.2545233	-9.547442	7040000	-6.1035155e-09	0.35040095	0.013475089	-0.19966774	-1.2956476	0.035677083	0.4394	1.0	54084.124849796295
176	-52.50309	12.15152	-48.563446	-127.632385	1000.0	-4.560241	0.98366225	-4.3087535	-14.575667	7080000	-6.1035155e-09	0.32987788	0.0064274427	-0.090587944	-1.2959942	0.020973535	0.32045	1.0	54371.26794171333
177	-50.729687	1.1592524	-49.14869	-55.33588	1000.0	-4.4810967	0.41069496	-4.376582	-9.95603	7120000	-3.0517577e-09	0.029380172	0.003122943	-0.012898633	-1.2963015	0.015962662	0.248425	13.0	54658.464257478714
178	-50.53772	1.2044156	-49.285355	-56.32264	1000.0	-4.5279884	0.39291418	-4.428508	-12.020244	7160000	6.4849854e-09	0.033982478	-0.0031265742	-0.01049161	-1.3001951	0.0036163635	0.021625	79.0	54946.7153570652
179	-50.130405	1.0568889	-48.60492	-54.03746	1000.0	-4.491045	0.37406754	-4.4141116	-9.815123	7200000	-3.0517577e-09	0.015791053	0.0028587845	-0.0017951699	-1.3185781	0.015523561	0.25835	4.0	55237.66656732559
180	-50.34516	1.8969262	-48.698174	-56.382248	1000.0	-4.481001	0.37387928	-4.392454	-9.68158	7240000	0.0	0.039964553	0.002291056	-0.002712708	-1.3194767	0.015604557	0.233375	1.0	55525.657796144485
181	-49.838055	1.000229	-47.766346	-53.380157	1000.0	-4.4764676	0.37650737	-4.341006	-9.83176	7280000	-1.5258789e-09	0.02486868	0.007092465	-0.0036413874	-1.3197579	0.016718261	0.2668	1.0	55812.355474710464
182	-49.52517	1.0338441	-48.047348	-53.827633	1000.0	-4.4368086	0.36069977	-4.352799	-9.745718	7320000	1.525879e-08	0.023624092	0.009970102	-0.001093559	-1.3200526	0.02223343	0.3209	1.0	56100.571033000946
183	-49.20118	0.7872479	-47.739204	-51.391018	1000.0	-4.4191275	0.35454354	-4.3202076	-9.574726	7360000	1.6021728e-08	0.030248102	0.0123354215	-0.0022036247	-1.3204167	0.030480837	0.38775	1.0	56389.5667154789
184	-48.82505	0.77823895	-47.45354	-50.360577	1000.0	-4.380264	0.3545373	-4.2625766	-9.572054	7400000	-3.0517577e-09	0.024066562	0.01287316	-0.0011975709	-1.3207843	0.02235867	0.339325	1.0	56680.15488433838
185	-49.4459	2.0342374	-47.298645	-57.89512	1000.0	-4.3643556	0.379228	-4.222766	-9.473555	7440000	-9.155274e-09	0.06588217	0.0046301666	-0.0054955035	-1.3211635	0.015368729	0.253625	1.0	56971.14514660835
186	-49.440727	1.2447448	-47.447117	-53.58845	1000.0	-4.3769717	0.41405535	-4.2209525	-9.854292	7480000	-9.155274e-09	0.04403794	0.004934146	-0.0030563064	-1.3215257	0.019421667	0.297675	3.0	57261.46200966835
187	-49.330708	2.2520232	-47.958744	-62.527275	1000.0	-4.3742356	0.4321495	-4.1892066	-11.472318	7520000	-1.5258789e-09	0.103624575	0.0039581168	-0.01329504	-1.322711	0.017223418	0.30405	1.0	57550.94016933441
188	-49.584846	1.8570217	-47.939655	-56.77058	1000.0	-4.3628874	0.45007357	-4.2200537	-11.848663	7560000	-1.6784668e-08	0.07104251	0.0036185859	-0.0069313496	-1.3231353	0.016241204	0.277725	1.0	57839.066475868225
189	-48.9829	0.6760867	-47.736156	-50.621178	1000.0	-4.3686	0.38128045	-4.258324	-9.772328	7600000	6.1035155e-09	0.019741436	0.009161335	-0.0020788051	-1.3235389	0.01775875	0.29445	7.0	58127.75813412666
190	-49.533398	1.5860223	-47.74849	-55.501095	1000.0	-4.365499	0.35206014	-4.223257	-9.498467	7640000	-1.8310548e-08	0.030676251	0.007974379	-0.0039042756	-1.3266516	0.020518214	0.3265	17.0	58418.86855387688
191	-49.107986	1.5606802	-47.88053	-55.615627	1000.0	-4.4044003	0.36248475	-4.183509	-9.58195	7680000	-3.0517577e-09	0.02664834	0.027021568	-0.0016289596	-1.3336749	0.043511357	0.484575	1.0	58708.587042331696
192	-49.20394	1.1760831	-46.78804	-53.36615	1000.0	-4.374037	0.38255945	-4.1712666	-9.724581	7720000	8.5830685e-09	0.049488176	0.012908575	-0.0039570928	-1.3340354	0.028821466	0.39515	1.0	58999.79746747017
193	-51.497368	10.582518	-47.394295	-116.81118	1000.0	-4.400016	0.55231386	-0.7996328	-16.907776	7760000	-6.1035155e-09	2.404819	0.003839566	-1.0747991	-1.3343794	0.021325443	0.32995	1.0	59288.3749730587
194	-50.95002	1.3567272	-47.316357	-54.96427	1000.0	-4.5143228	0.53565407	-4.2517796	-12.084208	7800000	2.1362304e-08	0.13891013	0.010551134	-0.07943329	-1.3346652	0.03396587	0.4392	3.0	59578.997874736786
195	-49.50831	2.3782415	-47.771046	-63.524883	1000.0	-4.5392137	0.5376619	-4.1667757	-17.15612	7840000	-3.8146974e-09	0.16195694	0.0027585237	-0.06132616	-1.3354985	0.017437551	0.288425	1.0	59868.47955799103
196	-49.59086	4.492826	-47.331367	-77.33191	1000.0	-4.40272	0.42452505	-4.192301	-11.054917	7880000	1.2207031e-08	0.31330645	-0.0025777884	-0.14454795	-1.335781	0.001797303	0.0096	79.0	60163.116611242294
197	-49.044983	1.3540863	-46.94687	-55.904602	1000.0	-4.3767986	0.49411377	-4.1621346	-14.040076	7920000	1.373291e-08	0.0859246	0.002672699	-0.04479534	-1.3302473	0.016989725	0.281875	2.0	60454.90263605118
198	-48.68299	1.039076	-47.46145	-52.870346	1000.0	-4.348433	0.35862815	-4.014196	-9.336423	7960000	-9.155274e-09	0.023911122	0.010504376	-0.0015749186	-1.3302139	0.022928588	0.34155	15.0	60743.54377913475
199	-49.55288	1.9794469	-47.434673	-55.119987	1000.0	-4.3556085	0.4130811	-4.0981545	-11.880893	8000000	-1.5258789e-09	0.07304381	0.019423006	-0.012248959	-1.3351101	0.048189595	0.512525	1.0	61033.964302539825
200	-50.18615	1.8175459	-46.256325	-56.23003	1000.0	-4.381578	0.44021145	-4.150792	-14.043036	8040000	-1.525879e-08	0.07844026	0.0119214365	-0.023381315	-1.3355715	0.02349571	0.353625	1.0	61328.22743177414
201	-51.287132	2.06453	-48.852215	-60.387577	1000.0	-4.4835734	0.4249695	-4.177938	-12.498093	8080000	7.6293943e-10	0.124132276	0.008051585	-0.016332775	-1.3360379	0.03527817	0.43365	3.0	61620.38094782829
202	-49.730175	1.1764095	-47.77483	-53.532238	1000.0	-4.51035	0.3944975	-4.331975	-10.014517	8120000	0.0	0.047959972	0.02129741	-0.008549869	-1.3372277	0.043516576	0.485	1.0	61916.29523038864
203	-48.78432	0.7908643	-47.237644	-50.7695	1000.0	-4.4257197	0.37453943	-4.2560043	-10.79229	8160000	6.866455e-09	0.04439866	0.018584296	-0.013812758	-1.3376116	0.039827276	0.482125	1.0	62215.295005083084
204	-49.30578	1.782994	-47.65394	-56.678886	1000.0	-4.3420157	0.37923664	-4.134945	-9.664229	8200000	1.2207031e-08	0.042114753	0.014560437	-0.0020561107	-1.3379924	0.032697786	0.42955	1.0	62513.62596273422
205	-49.908783	1.7687957	-47.990257	-57.645573	1000.0	-4.379825	0.4130848	-4.1571245	-10.191096	8240000	0.0	0.054812945	0.006139463	-0.0048405826	-1.3384166	0.016391238	0.260325	1.0	62814.705825805664
206	-50.212444	2.2464607	-48.23967	-62.209476	1000.0	-4.4171853	0.4555799	-4.2799015	-12.774715	8280000	-3.4332275e-09	0.091898106	-0.0027102	-0.018239751	-1.3388057	0.0041613528	0.028725	79.0	63116.26456975937
207	-49.35832	1.1568599	-47.95234	-55.042286	1000.0	-4.435443	0.37951398	-4.265512	-9.874955	8320000	4.196167e-09	0.020544708	0.013288393	-0.0027536768	-1.3510033	0.022522757	0.3157	3.0	63415.013541698456
208	-50.301765	2.4248333	-48.913387	-64.308205	1000.0	-4.414498	0.40695533	-4.247178	-9.728471	8360000	-1.373291e-08	0.10975551	0.01421481	-0.013866149	-1.3515018	0.04034077	0.4805	1.0	63711.776807785034
209	-51.50608	2.2111082	-49.26225	-61.892796	1000.0	-4.4771585	0.46174672	-4.333459	-10.402634	8400000	-6.1035155e-09	0.07458319	0.009091398	-0.017035976	-1.3517166	0.043259457	0.488975	3.0	64008.869812726974
210	-49.868996	0.80781454	-48.706238	-53.067596	1000.0	-4.549793	0.38845736	-4.446146	-9.993047	8440000	-3.1661987e-08	0.026335413	0.018451024	-0.011555997	-1.3524337	0.03984364	0.479525	1.0	64305.75821065903
211	-49.409462	1.4262149	-47.789276	-54.64786	1000.0	-4.458814	0.35508725	-4.3385406	-9.59052	8480000	3.0517577e-09	0.028107522	0.0160984	-0.0053674188	-1.3527315	0.034234375	0.4447	1.0	64603.877715587616
212	-48.69347	0.6245862	-47.637787	-50.25896	1000.0	-4.3873034	0.36567008	-4.2678547	-9.691883	8520000	3.0517577e-09	0.017049158	0.016527725	-0.0035518482	-1.3530282	0.022442719	0.3586	1.0	64902.93954515457
213	-48.815247	1.218731	-47.127476	-54.278606	1000.0	-4.3400064	0.36524436	-4.2364235	-9.547438	8560000	-1.5640259e-08	0.026448673	0.015768366	-0.001801217	-1.353353	0.040403906	0.483675	3.0	65202.26828289032
214	-49.085308	1.577284	-47.51495	-55.44919	1000.0	-4.324208	0.381854	-4.2197676	-9.651628	8600000	6.1035155e-09	0.031623602	0.0075109918	-0.0023059323	-1.354406	0.022948658	0.350375	3.0	65502.8029127121
215	-48.70908	1.1805221	-47.582474	-54.657978	1000.0	-4.3462725	0.3695612	-4.2345657	-9.650654	8640000	3.0517577e-09	0.019476004	0.007852714	-0.00070300885	-1.3556378	0.015479282	0.264725	2.0	65807.7370941639
216	-48.62765	0.7736185	-47.40525	-51.01272	1000.0	-4.3187704	0.3582826	-4.218542	-9.57072	8680000	8.392334e-09	0.016127085	0.029943902	-0.00023011304	-1.3564993	0.043879762	0.5002	1.0	66103.35462808609
217	-49.837513	1.9373434	-48.012695	-56.288662	1000.0	-4.334124	0.38407886	-4.217479	-9.549834	8720000	-4.577637e-09	0.06488335	0.010328102	-0.009404652	-1.3569499	0.025963025	0.3986	1.0	66401.12697958946
218	-51.25646	4.7766366	-48.882626	-75.873634	1000.0	-4.4016156	0.5274429	-4.27792	-13.4358	8760000	-3.1399725e-08	0.3917963	0.004010995	-0.12995291	-1.3573965	0.016150372	0.26485	1.0	66699.5307893753
219	-50.843117	1.483295	-49.255775	-58.707504	1000.0	-4.4820313	0.50418615	-4.338642	-15.500002	8800000	-1.5258789e-09	0.06774865	-0.0029370224	-0.034974497	-1.3578142	0.0034024194	0.0215	79.0	67001.65589118004
220	-50.874683	2.881166	-49.245308	-66.571915	1000.0	-4.5406256	0.45192233	-4.41214	-13.283446	8840000	1.2207031e-08	0.11538319	-0.0036471693	-0.01873935	-1.3763872	0.005371002	0.0377	79.0	67303.05896830559
221	-50.54643	4.7101345	-48.499332	-79.494354	1000.0	-4.515229	0.49633625	-4.378532	-11.727122	8880000	2.4414062e-08	0.21932971	0.0010438995	-0.08879383	-1.3933779	0.01631384	0.274725	2.0	67602.28608465195
222	-49.732487	1.2643912	-48.18767	-54.860214	1000.0	-4.4793024	0.4787076	-4.3250084	-14.975972	8920000	3.4332275e-09	0.08035374	-0.0024487432	-0.053370893	-1.3936574	0.005167923	0.0376	79.0	67901.73773956299
223	-50.434235	8.295163	-48.05452	-101.89295	1000.0	-4.455226	0.6248331	-4.120337	-15.73374	8960000	-3.0517577e-09	0.6836298	-0.0032097748	-0.36003807	-1.4075283	0.004372977	0.029825	79.0	68202.8362724781
224	-49.75529	7.1013265	-47.67134	-93.98166	1000.0	-4.471776	0.9040566	-4.2603393	-16.569817	9000000	9.155274e-09	0.27167472	-0.0025250884	-0.16031069	-1.4154487	0.004219512	0.0345	79.0	68505.69730973244
225	-48.41392	0.5317866	-47.671677	-50.141598	1000.0	-4.3342404	0.36538973	-4.238565	-9.936262	9040000	-6.1035155e-09	0.014300121	0.0027826873	-0.0046277596	-1.4348252	0.017936453	0.281575	13.0	68807.080234766
226	-49.5995	6.631918	-47.48942	-90.43624	1000.0	-4.3721576	0.79136	-4.201143	-19.776878	9080000	1.5258789e-09	0.3410089	-0.0030854815	-0.035684407	-1.4378811	0.0046376283	0.0402	79.0	69108.54505872726
227	-48.747723	2.8745801	-47.209175	-66.196106	1000.0	-4.346283	0.69359356	-4.199794	-18.591326	9120000	-2.4414062e-08	0.19054613	-0.0027168707	-0.09366421	-1.4433242	0.003133199	0.025775	79.0	69412.82724380493
228	-48.23545	0.611015	-47.477085	-50.769848	1000.0	-4.2966375	0.40883106	-4.1408157	-16.211922	9160000	-8.010864e-09	0.035456944	-0.0025381916	-0.0248092	-1.4587169	0.0036992722	0.02265	79.0	69713.35240483284
229	-48.324196	1.4555249	-47.02792	-54.241745	1000.0	-4.284297	0.3675329	-3.9794898	-10.998905	9200000	-6.1035155e-09	0.028780457	0.004472374	-0.004253207	-1.4782963	0.01652719	0.279725	12.0	70011.71444869041
230	-48.97747	3.8613985	-47.069847	-71.09418	1000.0	-4.3016133	0.46758792	-4.196207	-14.488276	9240000	-6.1035155e-09	0.19357543	0.008204339	-0.07300587	-1.4813151	0.035242237	0.444925	1.0	70311.31385302544
231	-49.185753	2.676106	-47.588253	-64.51678	1000.0	-4.321902	0.5355742	-4.15327	-13.058732	9280000	1.6021728e-08	0.08821167	0.005510691	-0.015918583	-1.4816219	0.030715795	0.40625	3.0	70609.21703481674
232	-50.198067	12.024004	-47.18876	-124.995636	1000.0	-4.4010572	0.7078653	-4.1894255	-15.924667	9320000	-9.155274e-09	0.91003007	0.0013778748	-0.38566196	-1.4825827	0.015065372	0.24515	1.0	70910.76582360268
233	-48.547035	1.9174781	-46.648067	-57.76078	1000.0	-4.382768	0.7743892	-4.1143684	-19.790571	9360000	6.866455e-09	0.26863012	-0.0022122702	-0.20657316	-1.4828982	0.001025743	0.006275	79.0	71214.2369222641
234	-47.95613	1.2057545	-46.758152	-54.48737	1000.0	-4.264354	0.3938774	-4.1762657	-9.769126	9400000	-6.1035155e-09	0.019322626	0.005794406	-0.0043222876	-1.496918	0.018441105	0.29845	25.0	71515.20904040337
235	-48.0323	0.81746423	-47.15952	-51.600105	1000.0	-4.248326	0.3535636	-4.117768	-9.500542	9440000	7.6293943e-10	0.013229825	0.026082153	-0.00048895273	-1.5075326	0.04709561	0.51655	1.0	71812.70848345757
236	-48.238758	1.062645	-47.051907	-53.757187	1000.0	-4.25825	0.34832326	-4.12168	-9.477073	9480000	1.2207031e-08	0.0145741915	0.018651677	-0.0012702793	-1.5080228	0.035320405	0.437275	1.0	72111.37761092186
237	-48.726307	2.0435665	-47.329983	-60.86068	1000.0	-4.2854857	0.37974668	-4.129276	-10.856195	9520000	1.6784668e-08	0.04944548	0.008308176	-0.005165305	-1.5085325	0.03645562	0.448425	1.0	72410.65426564217
238	-48.788475	1.7479227	-47.692795	-55.255623	1000.0	-4.312996	0.39915454	-4.178398	-11.547427	9560000	1.0681152e-08	0.03623624	0.0051908693	-0.008007148	-1.508995	0.015783543	0.248475	1.0	72712.84869289398
239	-48.53569	0.71774495	-47.59721	-51.69597	1000.0	-4.3197484	0.3592111	-4.0190935	-9.649307	9600000	7.6293943e-10	0.014353143	0.0065119155	-0.0016223006	-1.5094566	0.017778283	0.259925	1.0	73007.62908244133
240	-49.003185	1.453187	-47.543888	-55.641453	1000.0	-4.3275337	0.34685948	-4.100198	-9.523613	9640000	1.373291e-08	0.028152319	0.011274807	-0.0017019548	-1.5099149	0.026231619	0.39045	2.0	73306.8813970089
241	-49.375893	2.5687823	-47.99747	-63.5161	1000.0	-4.358221	0.42179996	-4.03451	-13.250156	9680000	1.525879e-08	0.0767869	0.012910593	-0.01006832	-1.5108218	0.03742286	0.46005	1.0	73604.15361499786
242	-49.279884	1.0760871	-48.176247	-53.36437	1000.0	-4.373184	0.37012717	-4.200519	-9.842192	9720000	-9.155274e-09	0.015350115	0.008984135	-0.0019347975	-1.5112826	0.023772324	0.346225	1.0	73901.30481886864
243	-48.98396	0.6234204	-47.84272	-50.745598	1000.0	-4.39652	0.34483266	-4.1297097	-9.590547	9760000	-1.449585e-08	0.0133974105	0.026907718	-0.0012978893	-1.5117447	0.051849872	0.537825	1.0	74197.28377890587
244	-48.436913	1.8653487	-47.275303	-59.541824	1000.0	-4.374647	0.40215644	-4.174561	-12.338021	9800000	9.155274e-09	0.06023081	0.013383684	-0.013875388	-1.5122365	0.06966567	0.59305	1.0	74493.43962526321
245	-47.889057	0.5760754	-46.91975	-49.40356	1000.0	-4.3009176	0.3555989	-4.180485	-9.658231	9840000	6.1035155e-09	0.014257083	0.040751263	-0.0032681879	-1.5127206	0.083886	0.62535	1.0	74792.38906240463
246	-48.10423	0.6499259	-46.904766	-49.354992	1000.0	-4.266276	0.3465253	-4.142555	-9.431903	9880000	2.2888185e-09	0.015545923	0.038143523	-0.0010353522	-1.5132116	0.06364309	0.577775	1.0	75092.65465307236
247	-48.69881	0.81750375	-47.402443	-50.50784	1000.0	-4.281354	0.36096275	-4.1470194	-9.558781	9920000	-7.6293943e-10	0.021542484	0.024390958	-0.003164271	-1.5136722	0.041366298	0.4761	1.0	75399.63859653473
248	-48.420418	0.6885773	-47.065926	-50.254463	1000.0	-4.3128266	0.3646945	-4.1783314	-9.664035	9960000	-1.373291e-08	0.017206214	0.0205602	-0.0009215791	-1.514135	0.032658204	0.43545	1.0	75700.08962488174
249	-48.787502	1.382783	-47.373165	-55.305576	1000.0	-4.2991524	0.38195533	-4.139876	-9.705264	10000000	7.629395e-09	0.03181724	0.013077144	-0.0052781086	-1.5145712	0.030102609	0.418025	1.0	76000.77363944054
250	-48.284058	1.004504	-46.41164	-50.968952	1000.0	-4.31572	0.3765036	-4.1424794	-9.957102	10040000	-4.577637e-09	0.028436346	0.012358512	-0.0047219563	-1.5150127	0.027641058	0.401175	1.0	76301.75249361992
251	-47.841026	0.6982135	-46.458637	-49.46702	1000.0	-4.2671585	0.36965707	-4.1066847	-9.700326	10080000	6.1035155e-09	0.014556734	0.01413263	-0.0012758682	-1.5154502	0.024052704	0.356375	1.0	76602.7975564003
252	-49.37323	6.7753716	-46.624256	-90.850334	1000.0	-4.2822375	0.6222649	-4.097203	-17.31743	10120000	6.1035155e-09	0.5954881	0.0029059616	-0.21098939	-1.5158777	0.0150826145	0.235025	1.0	76906.20705151558
253	-48.380447	0.7035195	-47.015324	-49.983078	1000.0	-4.2770596	0.42257816	-4.031845	-10.322187	10160000	-8.392334e-09	0.029132824	0.015689028	-0.012575168	-1.5162649	0.032060686	0.4212	2.0	77205.80401682854
254	-48.623016	3.279282	-46.863598	-68.55755	1000.0	-4.3166494	0.5645619	-4.1439924	-20.85991	10200000	1.373291e-08	0.192312	0.013981836	-0.045401752	-1.5170927	0.0728756	0.603875	1.0	77504.90673971176
255	-48.186863	0.9110419	-46.68166	-50.570522	1000.0	-4.30097	0.404725	-4.1488	-10.498572	10240000	-1.1444092e-08	0.03470523	0.016262611	-0.011388203	-1.5175103	0.031896636	0.417475	1.0	77805.64269089699
256	-48.516945	0.60205144	-47.61274	-50.64088	1000.0	-4.269988	0.37777454	-4.1474924	-11.06419	10280000	0.0	0.0255678	0.006890718	-0.005239414	-1.5179154	0.01686646	0.274325	1.0	78107.253667593
257	-49.06002	1.0161833	-47.352184	-51.419273	1000.0	-4.2925954	0.37211958	-4.178284	-9.792484	10320000	-1.6784668e-08	0.026821582	0.03641786	-0.0037785713	-1.518305	0.049254756	0.512225	2.0	78408.54653906822
258	-49.635563	2.0336006	-47.398643	-60.61563	1000.0	-4.365118	0.4314277	-4.2147546	-14.721827	10360000	5.722046e-10	0.074339524	0.022169229	-0.008670129	-1.5190499	0.06070193	0.5668	1.0	78712.43494772911
259	-56.232643	41.36058	-46.88127	-314.4449	1000.0	-4.5938787	1.3979858	-4.1489253	-16.050762	10400000	3.051758e-08	8.032283	0.01467799	-7.116818	-1.519424	0.055747688	0.5327	1.0	79018.87634682655
260	-50.353745	1.0622576	-48.16196	-53.510193	1000.0	-4.4866247	0.4860536	-4.094112	-11.180835	10440000	2.9563905e-09	0.10345238	0.013585322	-0.05946469	-1.5197743	0.026829096	0.38065	1.0	79323.94261717796
261	-50.73839	1.2973448	-48.875427	-53.362038	1000.0	-4.5003033	0.376623	-4.2621484	-12.326444	10480000	1.6784668e-08	0.053851977	0.0059955507	-0.008444108	-1.5200869	0.018967215	0.2962	12.0	79624.23283433914
262	-51.513012	5.0585504	-48.76505	-81.8627	1000.0	-4.577108	0.98919916	-4.194742	-28.382895	10520000	-1.3923645e-08	0.5191884	0.0024930902	-0.20788273	-1.5244665	0.020675037	0.3296	1.0	79930.16287755966
263	-49.89797	1.3859024	-47.83177	-54.24998	1000.0	-4.5099688	0.54975224	-4.1101093	-16.516497	10560000	-3.051758e-08	0.15004407	0.0074584964	-0.07354976	-1.5248448	0.028488034	0.3988	1.0	80229.74197220802
264	-49.401695	3.5113475	-47.392254	-70.57489	1000.0	-4.410471	0.5090095	-3.9088023	-15.069283	10600000	9.155274e-09	0.15127437	0.008696408	-0.020080462	-1.5251863	0.03676552	0.449375	1.0	80532.14689707756
265	-48.87815	0.9379323	-46.57268	-51.3981	1000.0	-4.3381586	0.4088864	-4.0900817	-10.557794	10640000	7.629395e-09	0.034197688	0.029421395	-0.0067706797	-1.5255086	0.07266744	0.59915	1.0	80835.70038962364
266	-48.569496	0.76559323	-47.43986	-51.977505	1000.0	-4.3148594	0.40109763	-4.031434	-14.914475	10680000	0.0	0.039188713	0.027441757	-0.016064655	-1.5258309	0.082782805	0.629275	1.0	81137.45606279373
267	-48.50075	0.97715396	-47.110237	-52.65448	1000.0	-4.2852573	0.38220292	-4.0858397	-9.777788	10720000	4.9591065e-09	0.021588432	0.03759314	-0.0019482765	-1.5261639	0.086988896	0.6364	1.0	81439.43288493156
268	-48.179012	1.4584135	-46.6562	-56.28345	1000.0	-4.2713313	0.36882696	-4.0897727	-9.253526	10760000	9.155274e-09	0.02033103	0.05078719	-0.0009536613	-1.5264932	0.1150227	0.67325	1.0	81741.4635424614
269	-48.502186	1.4761745	-47.421604	-54.5986	1000.0	-4.263018	0.36798203	-4.0399017	-11.046985	10800000	3.8146974e-09	0.027385658	0.043524604	-0.00551812	-1.5268178	0.101258285	0.6633	1.0	82044.34911060333
270	-48.21272	0.87905324	-47.345535	-52.587627	1000.0	-4.272462	0.35250363	-4.0026355	-9.224345	10840000	1.5258789e-09	0.012556377	0.055397026	-0.0006195698	-1.5271487	0.09222108	0.639475	1.0	82344.24503278732
