Epoch	AverageEpRet	StdEpRet	MaxEpRet	MinEpRet	EpLen	AverageVVals	StdVVals	MaxVVals	MinVVals	TotalEnvInteracts	LossPi	LossV	DeltaLossPi	DeltaLossV	Entropy	KL	ClipFrac	StopIter	Time
0	0.76502305	0.09891206	0.9724058	0.5543702	1000.0	-0.06459543	0.117976226	0.33567047	-0.41673654	40000	2.142042e-08	0.06333145	-0.010532094	-0.0613157	0.9189447	0.007919712	0.07700001	79.0	10.513118028640747
1	0.79053557	0.07798795	0.9568236	0.6243292	1000.0	0.05994436	0.017118212	0.24167994	-0.108785436	80000	1.4901161e-08	0.059824016	-0.016640421	-0.05928079	0.9191386	0.007271995	0.111525	79.0	20.38751721382141
2	0.86197585	0.107366934	1.0784057	0.6412726	1000.0	0.07535277	0.012609711	0.23807651	-0.10152157	120000	9.313226e-10	0.058811642	-0.01725878	-0.058241196	0.9117822	0.008755865	0.116975	79.0	29.57842230796814
3	1.0115252	0.08892051	1.1495097	0.82039636	1000.0	0.083214365	0.01010555	0.20957269	-0.029222798	160000	-4.377216e-08	0.05676861	-0.01716917	-0.056032382	0.9042608	0.008923156	0.1294	79.0	38.850303649902344
4	1.161155	0.13583095	1.5304183	0.91154325	1000.0	0.09781264	0.009004886	0.20802535	-0.010089945	200000	1.071021e-08	0.055874184	-0.017525205	-0.055007987	0.8926571	0.0087692775	0.1294	79.0	47.93917155265808
5	1.3839862	0.14479956	1.7068393	1.1516753	1000.0	0.11296166	0.007696534	0.20835117	0.014362056	240000	7.450581e-09	0.054574095	-0.017450154	-0.05353205	0.881554	0.008972394	0.12865001	79.0	57.80682158470154
6	1.6287082	0.17847279	2.1109178	1.3373584	1000.0	0.1351734	0.007037927	0.20692253	0.03956945	280000	1.8626451e-09	0.054813206	-0.017631464	-0.05336819	0.87118804	0.0096847825	0.13554999	79.0	68.67867279052734
7	1.860952	0.17513388	2.4029791	1.5173547	1000.0	0.16054001	0.006852794	0.21890411	0.04693357	320000	-3.7252903e-09	0.05530054	-0.018134091	-0.053819057	0.85713476	0.009273787	0.1344	79.0	78.18909883499146
8	2.2131705	0.18330467	2.8351219	1.847136	1000.0	0.18287699	0.0067215427	0.28531346	0.078133486	360000	2.7939677e-09	0.059242513	-0.017918779	-0.057216134	0.8419255	0.009284789	0.135925	79.0	87.2319164276123
9	2.5621052	0.2655954	3.0198352	2.0038114	1000.0	0.21711181	0.0068612597	0.2903469	0.11478049	400000	1.3038516e-08	0.06626414	-0.018295927	-0.063346535	0.82840574	0.009095864	0.1362	79.0	96.08839154243469
10	2.9414952	0.2433647	3.564647	2.4188082	1000.0	0.2543877	0.0075800354	0.31387952	0.13285302	440000	9.313226e-10	0.07557582	-0.017726079	-0.07244987	0.8136431	0.009661258	0.139575	79.0	106.50055575370789
11	3.5387063	0.28947082	4.2464085	3.0494175	1000.0	0.29282725	0.008801406	0.34071073	0.14514586	480000	-7.450581e-09	0.096925765	-0.01851127	-0.091805965	0.7949285	0.010521466	0.145575	79.0	117.07047533988953
12	4.1562815	0.32595086	5.1154494	3.2078283	1000.0	0.35099617	0.01033216	0.39131635	0.18350996	520000	1.8626451e-08	0.12746252	-0.018726412	-0.12043844	0.7755615	0.010252057	0.15235001	79.0	126.97258520126343
13	4.948501	0.41108766	6.0581303	4.2272744	1000.0	0.41370875	0.0102712065	0.47040746	0.26092204	560000	-3.7252903e-09	0.17749496	-0.018697537	-0.16821319	0.7564719	0.009537709	0.1473	79.0	136.0673155784607
14	5.7868195	0.4319265	6.6559215	4.867058	1000.0	0.49371007	0.013456975	0.53554034	0.31030113	600000	-2.3283064e-09	0.24569136	-0.018323736	-0.23412186	0.7371119	0.010049047	0.1451	79.0	150.75295758247375
15	6.8953295	0.6103675	8.181919	5.657464	1000.0	0.57977283	0.015762778	0.6209015	0.3712356	640000	5.122274e-09	0.35489032	-0.018494695	-0.338386	0.7181156	0.010187912	0.15145001	79.0	159.99901938438416
16	8.1107645	0.4664019	9.315495	7.2613297	1000.0	0.6879906	0.016858341	0.7494751	0.46011162	680000	-2.0489097e-08	0.50417197	-0.018891662	-0.48378083	0.6969137	0.010042031	0.1524	79.0	171.30798959732056
17	9.563568	0.7612668	11.05067	7.728746	1000.0	0.810741	0.019084623	0.87959313	0.5482286	720000	1.8626451e-09	0.7327979	-0.01795372	-0.7038729	0.6761641	0.01048464	0.149025	79.0	180.73468232154846
18	11.032634	0.8480266	12.658336	9.204142	1000.0	0.96001416	0.03293687	1.0459399	0.65615857	760000	-5.5879354e-09	1.0088204	-0.01851571	-0.97112024	0.6554681	0.0114082545	0.1539	79.0	190.929358959198
19	13.093417	1.1312286	14.851346	10.352868	1000.0	1.1116725	0.037561122	1.1818596	0.7334497	800000	-2.3050234e-08	1.4632581	-0.01773794	-1.4055674	0.6334395	0.011560118	0.14500001	79.0	201.24747943878174
20	15.115915	1.3590434	18.42554	13.355603	1000.0	1.3145623	0.044332653	1.4078676	0.89143586	840000	-1.3038516e-08	2.0092282	-0.018274788	-1.932595	0.61149436	0.011291094	0.151925	79.0	210.40954971313477
21	17.576199	1.2915288	20.558245	15.179373	1000.0	1.5261096	0.054968055	1.6290343	0.8270139	880000	1.6763806e-08	2.7665026	-0.018603602	-2.680483	0.5905117	0.01180277	0.15564999	79.0	219.8869469165802
22	20.96693	2.090162	25.62203	17.042791	1000.0	1.7758095	0.058736157	1.9150398	1.0490398	920000	9.313226e-10	4.0381374	-0.019125912	-3.881298	0.56575507	0.012380056	0.15415001	79.0	231.05529642105103
23	23.791447	1.7950194	27.538727	20.343466	1000.0	2.1074698	0.077467695	2.247232	1.185919	960000	1.3038516e-08	5.3703594	-0.01890557	-5.187357	0.5396681	0.013659504	0.15990001	79.0	240.32393670082092
24	28.220844	1.830669	32.818333	24.945894	1000.0	2.4188304	0.12142677	2.5868552	1.1932079	1000000	-5.2154064e-08	7.622694	-0.018088259	-7.380986	0.517198	0.011221047	0.147375	79.0	249.7836833000183
25	32.982033	2.1896036	37.654095	27.650944	1000.0	2.8585813	0.12096428	3.1080387	1.6831746	1040000	4.8428774e-08	10.504125	-0.019210378	-10.222688	0.49370414	0.012363476	0.158025	79.0	258.5490961074829
26	38.257713	3.1445503	43.280075	31.596514	1000.0	3.3348367	0.13537669	3.5789878	1.9309478	1080000	-1.3969839e-09	14.343628	-0.018424362	-13.873375	0.4690125	0.01142442	0.15085	79.0	269.46823048591614
27	44.27508	4.0951266	52.513947	35.26298	1000.0	3.8663137	0.15144528	4.210298	2.2296033	1120000	9.313226e-10	19.676538	-0.017929126	-18.977888	0.44484818	0.011933925	0.14697501	79.0	278.7138440608978
28	51.08636	4.2066445	64.89944	43.677094	1000.0	4.502396	0.21269716	4.787417	2.5242772	1160000	1.8626451e-09	26.477596	-0.016894655	-25.630001	0.42317942	0.0117731085	0.134	79.0	286.9385256767273
29	57.14966	3.748697	65.93432	49.845623	1000.0	5.199077	0.26968098	5.5140247	2.4065557	1200000	-9.313226e-09	33.78463	-0.018275473	-32.74571	0.4011995	0.011913968	0.15075001	79.0	297.8540244102478
30	67.8436	5.3999095	78.94539	56.648872	1000.0	5.8654013	0.34596682	6.1710505	2.7544587	1240000	9.313226e-10	47.336975	-0.01864269	-45.78844	0.37732673	0.012528616	0.15745	79.0	307.0890636444092
31	73.73155	6.3118453	89.45173	59.057117	1000.0	6.9069757	0.3611719	7.3745174	2.9323354	1280000	-3.7252903e-09	56.664932	-0.01878583	-54.69142	0.35104382	0.011142719	0.146025	79.0	316.42079734802246
32	86.939255	6.3931775	107.84853	76.248314	1000.0	7.5336514	0.35415587	7.771739	3.8103428	1320000	0.0	77.92475	-0.01867951	-75.52552	0.32826588	0.010873089	0.14819999	79.0	326.65170979499817
33	100.47594	7.420471	118.10194	87.71088	1000.0	8.827012	0.39936316	9.194076	4.6451664	1360000	3.7252903e-09	106.36567	-0.017633706	-102.862656	0.3047865	0.011005858	0.138775	79.0	337.5695767402649
34	113.8315	10.398754	136.30302	88.48367	1000.0	10.267262	0.6122543	10.685127	4.815056	1400000	4.656613e-09	138.52133	-0.017730761	-133.90652	0.28161225	0.011926116	0.14165	79.0	346.75746178627014
35	127.54506	11.302672	157.16739	100.149574	1000.0	11.69016	0.76475877	12.198485	4.3633304	1440000	1.3969839e-08	174.08035	-0.018332072	-167.59183	0.25756836	0.0107599655	0.14642501	79.0	355.968875169754
36	146.3398	11.187252	167.09967	123.537735	1000.0	13.069329	0.71394277	13.60304	6.051436	1480000	-2.0023435e-08	227.59158	-0.01753877	-219.60641	0.23672432	0.011980979	0.14147499	79.0	367.19012784957886
37	160.0987	14.41552	184.39676	123.62106	1000.0	14.942463	0.7772527	15.801448	7.4970903	1520000	9.313226e-10	274.98016	-0.018084329	-265.17294	0.21380453	0.011221095	0.14405	79.0	374.9124002456665
38	181.34952	14.2252445	212.11853	157.5827	1000.0	16.405428	0.842991	16.80506	8.404801	1560000	-2.3283064e-08	352.19955	-0.017441865	-340.01892	0.18912111	0.011692064	0.14055	79.0	383.753525018692
39	206.95137	19.31603	262.82553	172.07884	1000.0	18.559172	0.98877436	19.19222	6.62151	1600000	-2.9802322e-08	460.69226	-0.017369384	-443.03757	0.16825394	0.011417803	0.14115	79.0	394.85292506217957
40	232.20358	18.96202	288.448	199.03026	1000.0	21.145872	1.1068143	21.651436	11.176782	1640000	-1.0244548e-08	581.942	-0.01717758	-561.2567	0.14636149	0.011670472	0.137125	79.0	405.08225774765015
41	264.0258	21.841143	318.55692	212.50233	1000.0	23.78318	1.3264582	24.528307	10.30404	1680000	-2.8871e-08	757.1812	-0.017453853	-731.14404	0.12458812	0.012565116	0.1391	79.0	414.7912166118622
42	286.35443	22.288439	338.37924	241.91211	1000.0	27.109766	1.6892278	28.20793	12.029552	1720000	-1.4901161e-08	893.5111	-0.017234243	-862.83185	0.10421918	0.011547061	0.13695	79.0	423.53492879867554
43	321.90366	30.195467	387.77426	255.3664	1000.0	29.435806	1.7256995	31.316223	11.346203	1760000	-2.9802322e-08	1136.9567	-0.016915139	-1093.7455	0.08437329	0.010182507	0.13402501	79.0	433.6356465816498
44	370.0621	30.18394	430.10483	313.39285	1000.0	33.151867	2.1768293	34.826366	12.789626	1800000	3.1199306e-08	1493.1167	-0.016729537	-1436.5295	0.063402966	0.010594718	0.1323	79.0	444.09997963905334
45	399.9062	32.54926	485.8758	342.9882	1000.0	37.965076	2.3139257	39.838352	15.648337	1840000	1.4901161e-08	1761.2668	-0.017397715	-1698.6179	0.043641027	0.012485875	0.139175	79.0	453.748384475708
46	439.62094	31.542717	519.462	377.062	1000.0	41.19138	2.6726775	44.08375	17.915215	1880000	-3.7252903e-09	2150.5742	-0.01640914	-2071.5928	0.022000121	0.011528066	0.13624999	79.0	463.74486017227173
47	498.77344	39.96362	600.5957	429.69705	1000.0	45.538486	3.3547978	48.22084	18.724623	1920000	-3.958121e-09	2773.582	-0.016881973	-2671.4731	0.0009481659	0.010890305	0.135075	79.0	472.87361121177673
48	548.29364	44.1853	641.96606	447.01703	1000.0	51.57775	4.2394233	55.237736	16.201462	1960000	0.0	3369.603	-0.017194256	-3240.8718	-0.019702785	0.012475671	0.134125	79.0	482.5704081058502
49	602.7084	44.859623	719.3281	523.6539	1000.0	56.897114	4.377301	58.365692	20.21727	2000000	5.5879354e-09	4037.4702	-0.017410446	-3900.463	-0.039804626	0.010035858	0.133125	79.0	491.68194675445557
50	668.4422	67.886856	830.2243	550.3658	1000.0	62.493336	4.330991	63.925026	29.08644	2040000	4.1909516e-09	5003.288	-0.01652166	-4800.2275	-0.0607482	0.0125221815	0.13610001	79.0	501.36855363845825
51	745.9242	74.03474	953.92883	576.20026	1000.0	69.052925	5.3018947	71.26483	28.352224	2080000	3.7252903e-09	6278.1235	-0.01659532	-5989.784	-0.081482224	0.012114614	0.13402501	79.0	511.6274516582489
52	797.68304	81.16744	961.8783	635.4733	1000.0	76.94267	5.9745255	79.003204	26.268133	2120000	3.7252903e-09	7227.2217	-0.01662005	-6900.348	-0.10068919	0.010508197	0.126825	79.0	522.4464151859283
53	881.8345	88.57844	1129.8096	704.63293	1000.0	82.58741	6.73368	85.12321	35.955803	2160000	-1.6763806e-08	8737.31	-0.016764898	-8340.539	-0.119099446	0.0102604665	0.128575	79.0	532.7049479484558
54	968.4006	126.30465	1248.5812	748.3046	1000.0	90.57526	6.1041694	92.56046	25.388197	2200000	-2.3050234e-08	10551.007	-0.01661559	-10010.21	-0.13898407	0.011042358	0.13620001	79.0	542.2866907119751
55	1093.0583	115.54487	1348.7805	873.5567	1000.0	98.7635	6.4377227	100.8513	45.11651	2240000	1.8626451e-09	13540.519	-0.015868254	-12894.386	-0.15965411	0.013118297	0.12815	79.0	557.0211946964264
56	1212.1981	136.37352	1448.7051	936.0412	1000.0	109.7323	8.879411	112.516205	42.60922	2280000	2.9802322e-08	16755.375	-0.016014252	-15890.998	-0.1779196	0.0126452325	0.13710001	79.0	564.3881442546844
57	1312.0248	110.21975	1582.0177	1107.0419	1000.0	121.43045	9.304134	124.243546	48.346924	2320000	2.7474016e-08	19460.023	-0.017055457	-18521.719	-0.19650677	0.011968683	0.141825	79.0	573.7908892631531
58	1458.8928	174.73193	2128.3628	1132.0199	1000.0	131.1412	9.402711	134.08948	54.94483	2360000	8.8475645e-09	23842.621	-0.01621166	-22601.246	-0.21683823	0.011793021	0.126575	79.0	582.3358426094055
59	1523.4797	138.77727	1827.0277	1235.9427	1000.0	142.95369	8.562351	145.40518	51.66212	2400000	-2.4214387e-08	26368.352	-0.016519386	-25099.844	-0.23356408	0.012052356	0.12612501	79.0	592.7105944156647
