Epoch	AverageEpRet	StdEpRet	MaxEpRet	MinEpRet	EpLen	AverageVVals	StdVVals	MaxVVals	MinVVals	TotalEnvInteracts	LossPi	LossV	DeltaLossPi	DeltaLossV	Entropy	KL	ClipFrac	StopIter	Time
0	0.4283554	0.041514	0.53927225	0.34806222	1000.0	-0.06289528	0.1031195	0.4948377	-0.3365311	40000	-3.259629e-09	0.011248024	-0.011325056	-0.01010664	0.91894484	0.0070285304	0.064375	79.0	9.989611148834229
1	0.4529728	0.044274975	0.5330828	0.36549428	1000.0	0.030598417	0.008065539	0.09267941	-0.03232619	80000	3.7252903e-09	0.010720128	-0.01415502	-0.010591872	0.9185309	0.007835852	0.093624994	79.0	20.481436014175415
2	0.48705393	0.04666095	0.59665346	0.3731924	1000.0	0.04388222	0.0055223047	0.090302475	-0.0016364679	120000	-3.7252903e-09	0.011053257	-0.015328913	-0.010918608	0.9047951	0.008677013	0.109625	79.0	30.888203144073486
3	0.55837405	0.055487342	0.6597308	0.44416457	1000.0	0.048380926	0.0044036387	0.08635371	0.010039367	160000	1.8626451e-09	0.011568765	-0.01572321	-0.011410901	0.8894343	0.00892025	0.114425	79.0	41.65786361694336
4	0.64932597	0.050469767	0.7464829	0.53395665	1000.0	0.05489436	0.0036828863	0.08052719	0.029169828	200000	1.1175871e-08	0.012232918	-0.015560589	-0.012039275	0.871824	0.008256314	0.11585	79.0	52.79983115196228
5	0.72688276	0.06472377	0.83610046	0.60041386	1000.0	0.063806035	0.0035126556	0.09072894	0.03923432	240000	-9.313226e-09	0.013150319	-0.016845942	-0.012920546	0.85568166	0.00919821	0.1291	79.0	63.965445041656494
6	0.8634834	0.090613864	1.0846907	0.72696936	1000.0	0.07172981	0.002960575	0.09636913	0.04180249	280000	1.9557774e-08	0.014953643	-0.017876402	-0.014602731	0.83491874	0.010716899	0.138975	79.0	75.32022500038147
7	0.985548	0.083407894	1.1846021	0.7940132	1000.0	0.085051596	0.0028290618	0.10418844	0.06419297	320000	-2.561137e-09	0.01670747	-0.01676913	-0.016269421	0.8145986	0.009779463	0.1302	79.0	87.04540657997131
8	1.1646324	0.10410137	1.3364582	0.93012583	1000.0	0.09721873	0.002729182	0.12062962	0.0733324	360000	-5.5879354e-09	0.019848956	-0.017295882	-0.019192776	0.7920023	0.009497003	0.13097501	79.0	98.59429907798767
9	1.3145546	0.09528847	1.5224859	1.1597515	1000.0	0.11449318	0.0030266757	0.1369653	0.0906007	400000	-8.8475645e-09	0.023350578	-0.01675087	-0.022610344	0.7718463	0.008379776	0.12705	79.0	109.58594155311584
10	1.5304697	0.12111023	1.7865908	1.2820735	1000.0	0.13026322	0.0026146485	0.1493349	0.0978282	440000	3.7252903e-09	0.028748374	-0.016824443	-0.027683053	0.7519047	0.009551611	0.127425	79.0	120.47193193435669
11	1.7589862	0.17754686	2.2323635	1.3883941	1000.0	0.15016063	0.0032700964	0.16835393	0.120033525	480000	4.004687e-08	0.035690345	-0.017878026	-0.034200344	0.7327061	0.009830355	0.1342	79.0	131.84747457504272
12	2.0471585	0.21678483	2.4848526	1.6118115	1000.0	0.17339113	0.0039112945	0.19404466	0.14521585	520000	-5.122274e-09	0.046101324	-0.017439978	-0.043856993	0.7135689	0.009806277	0.13265	79.0	142.7204351425171
13	2.3229055	0.21135609	2.7470944	1.9109629	1000.0	0.2023225	0.0037199948	0.21633935	0.17094521	560000	-1.3038516e-08	0.057603657	-0.01819103	-0.054982223	0.6922679	0.009292556	0.135075	79.0	153.09977555274963
14	2.555015	0.27396813	3.1953824	1.9547313	1000.0	0.22979438	0.0035478103	0.24999976	0.20685129	600000	1.8626451e-09	0.06816962	-0.01755087	-0.06478042	0.67320067	0.009817237	0.13585001	79.0	163.08992886543274
15	3.0311906	0.34532863	4.1297083	2.3646805	1000.0	0.25223595	0.0057193767	0.28591776	0.22251946	640000	-5.5879354e-09	0.093980655	-0.017605513	-0.08882794	0.6540498	0.010834178	0.13409999	79.0	172.5803816318512
16	3.3986115	0.3437231	4.3185267	2.9195821	1000.0	0.29891768	0.0056288354	0.3229789	0.26411125	680000	-1.2805685e-08	0.1176044	-0.018015373	-0.11132844	0.63673204	0.008582779	0.13315	79.0	181.98737573623657
17	3.751664	0.4319257	4.6211567	3.0531647	1000.0	0.33726358	0.0060648485	0.37081134	0.3010403	720000	9.313226e-09	0.14128245	-0.018488057	-0.134052	0.6208558	0.010494078	0.137225	79.0	192.15268445014954
18	4.1465735	0.59219265	5.587748	3.0178776	1000.0	0.37082514	0.010047991	0.42373404	0.32114905	760000	5.5879354e-09	0.17556162	-0.018342655	-0.16463101	0.60267633	0.010319509	0.135675	79.0	202.89980554580688
19	4.5405188	0.44523475	5.5196533	3.408452	1000.0	0.41074872	0.008818404	0.43889588	0.34644875	800000	-1.3038516e-08	0.20875265	-0.01846663	-0.19885491	0.5850282	0.009433943	0.13262498	79.0	211.31342339515686
20	5.1221733	0.54262847	6.35288	4.050712	1000.0	0.45208558	0.009377047	0.49496096	0.4073226	840000	-1.1874363e-08	0.26832402	-0.018018026	-0.25078022	0.5672066	0.010474689	0.131425	79.0	222.41236543655396
21	5.74362	0.49038935	6.8969884	4.4021053	1000.0	0.50845236	0.011484967	0.5601951	0.45504066	880000	1.3969839e-08	0.3322761	-0.018642455	-0.3143208	0.55208784	0.009474888	0.131925	79.0	233.46294736862183
22	6.2414637	0.5592862	7.3390956	5.134656	1000.0	0.5693898	0.010917285	0.607534	0.506505	920000	-2.3283064e-10	0.39299458	-0.01859565	-0.37182534	0.536987	0.009523626	0.135275	79.0	244.60921025276184
23	6.958243	0.74430233	8.782352	5.4577894	1000.0	0.61944747	0.017484656	0.71491027	0.5519872	960000	3.7252903e-09	0.49529904	-0.018657945	-0.46458942	0.5194376	0.010798229	0.138475	79.0	253.15478777885437
24	7.781241	0.89691156	10.246142	5.685482	1000.0	0.6920851	0.012292369	0.75334793	0.6197821	1000000	1.3969839e-09	0.61387026	-0.018995142	-0.57303405	0.50197214	0.010706961	0.14165	79.0	263.1003489494324
25	8.379451	1.0554702	10.609348	6.5849094	1000.0	0.7669536	0.014659244	0.81112516	0.63369006	1040000	1.7695129e-08	0.7296643	-0.018515028	-0.67534924	0.48758164	0.00966163	0.135625	79.0	273.71543526649475
26	9.340845	1.2150966	12.3179035	6.8305354	1000.0	0.8339238	0.016811928	0.88700855	0.67339563	1080000	5.122274e-09	0.8970337	-0.01907875	-0.8302885	0.47271797	0.0089898	0.13804999	79.0	284.54354095458984
27	9.75792	1.1374515	12.845526	7.6965156	1000.0	0.9222256	0.017229164	1.0007526	0.82014817	1120000	9.313226e-10	1.0029668	-0.019498201	-0.9341442	0.45866278	0.010275438	0.143175	79.0	292.90819120407104
28	10.774329	1.0834476	12.790026	8.366557	1000.0	0.9791561	0.018974897	1.0483626	0.82405925	1160000	-5.5879354e-09	1.1912789	-0.019414444	-1.1117756	0.44397783	0.010041172	0.14365	79.0	300.9295382499695
29	11.080562	1.3777034	14.775793	8.2763	1000.0	1.066803	0.02435184	1.1801028	0.95212495	1200000	-6.519258e-09	1.290311	-0.019857813	-1.1907167	0.42946315	0.010940059	0.1434	79.0	309.7750072479248
30	12.598478	1.3942385	15.448334	9.076167	1000.0	1.1035668	0.027467938	1.259048	0.9657644	1240000	4.656613e-10	1.6607211	-0.020119632	-1.5329046	0.41402295	0.010468194	0.14615	79.0	321.26047015190125
31	13.677454	1.6581613	18.00638	9.4354	1000.0	1.2525059	0.029431755	1.3903081	1.107031	1280000	1.6763806e-08	1.9789366	-0.02030427	-1.8209571	0.3999396	0.011171893	0.144025	79.0	330.4912428855896
32	14.523478	2.2808318	20.033733	10.324163	1000.0	1.361884	0.028890684	1.505134	1.2142152	1320000	-1.1175871e-08	2.274344	-0.019558521	-2.0659132	0.38600844	0.009242226	0.13675001	79.0	340.034640789032
33	15.977628	1.544891	19.525774	13.333225	1000.0	1.4511616	0.03574206	1.5854708	1.1736732	1360000	9.313226e-09	2.7089653	-0.019681975	-2.499367	0.3716787	0.010969842	0.149175	79.0	349.62555623054504
34	17.182226	2.4798036	23.651846	11.207357	1000.0	1.5936686	0.034912385	1.706787	1.3672367	1400000	1.0244548e-08	3.1437478	-0.020335361	-2.8737788	0.35656792	0.011024065	0.148725	79.0	358.98540353775024
35	17.959827	2.6675062	23.616634	12.735632	1000.0	1.7066828	0.049271226	1.9159447	1.4467256	1440000	-1.8626451e-09	3.4387062	-0.019635465	-3.1376796	0.34395304	0.010401084	0.143125	79.0	368.72054147720337
36	19.342997	2.980827	25.724087	14.295235	1000.0	1.7867875	0.04359505	1.9448943	1.3898865	1480000	-3.7252903e-09	4.062734	-0.020742185	-3.667224	0.3317129	0.011200864	0.153125	79.0	378.31915378570557
37	20.454998	2.779132	28.825834	13.888533	1000.0	1.9292989	0.052139558	2.1020296	1.5243297	1520000	1.8626451e-08	4.4939494	-0.019951414	-4.1138525	0.31780878	0.010366809	0.14845	79.0	388.3550214767456
38	22.014593	3.5140717	31.60718	14.100835	1000.0	2.0395668	0.07646046	2.2711017	1.2083489	1560000	0.0	5.311824	-0.020954717	-4.8034463	0.30521184	0.009884415	0.151275	79.0	399.8876082897186
39	24.43953	3.6268482	31.54694	17.14061	1000.0	2.2061808	0.05330848	2.4261482	1.7790717	1600000	1.8626451e-08	6.5235023	-0.019621246	-5.84418	0.29232115	0.010300936	0.143	79.0	411.960560798645
40	25.199183	3.0491264	34.533905	20.219564	1000.0	2.430186	0.07924466	2.788287	1.7786881	1640000	1.8626451e-09	7.021061	-0.02004974	-6.347678	0.280083	0.009620527	0.146825	79.0	423.6440107822418
41	27.243383	5.018835	41.258305	18.418385	1000.0	2.5330133	0.0826166	2.830272	1.6796441	1680000	2.7939677e-09	8.134651	-0.020824563	-7.2692842	0.26907384	0.010752794	0.15367499	79.0	434.9382891654968
42	28.692577	4.9548674	42.952633	19.579185	1000.0	2.7066953	0.08342851	3.0074515	2.156559	1720000	7.916242e-09	9.157143	-0.020844217	-8.055102	0.25605085	0.011313273	0.15275	79.0	446.5823769569397
43	29.741291	4.554216	40.587868	19.612036	1000.0	2.842036	0.15083152	3.483343	1.9849342	1760000	-1.8626451e-09	9.827398	-0.021058295	-8.800081	0.24189307	0.010904506	0.153775	79.0	458.5284767150879
44	33.18477	4.842078	44.490116	23.895315	1000.0	2.98352	0.09504484	3.3084595	2.352184	1800000	-1.8626451e-09	12.322235	-0.020670954	-11.021959	0.22889124	0.0109647475	0.15415001	79.0	470.54261660575867
45	33.816288	5.6227794	53.863758	24.58436	1000.0	3.3242085	0.11961085	3.6576793	2.402266	1840000	-1.8626451e-09	12.879519	-0.020796819	-11.405952	0.2158003	0.012373773	0.15525	79.0	482.0139572620392
46	36.688248	6.6667705	55.607437	23.859968	1000.0	3.3896863	0.12810043	3.8709955	2.5649648	1880000	1.1525117e-08	15.077449	-0.020854516	-13.173567	0.20305957	0.011351123	0.15617499	79.0	493.4757606983185
47	38.93264	6.8610945	57.263004	27.286663	1000.0	3.6454902	0.13958625	4.146949	3.001333	1920000	-2.7939677e-09	17.473839	-0.020238623	-15.245361	0.18970695	0.010188544	0.14722499	79.0	504.7024292945862
48	43.6027	8.236162	68.61321	27.907438	1000.0	3.9189765	0.1289489	4.3485365	3.1247542	1960000	-3.7252903e-09	21.956512	-0.020422306	-18.947292	0.17583111	0.011381136	0.15565	79.0	515.4150202274323
49	44.8785	8.607496	62.13147	31.390957	1000.0	4.3628626	0.21053086	5.1325116	2.199976	2000000	-7.450581e-09	23.775646	-0.020670762	-20.226772	0.16592354	0.012352785	0.1652	79.0	525.9930284023285
50	49.42768	9.348859	69.71282	35.82246	1000.0	4.514702	0.18772277	5.2656965	3.585344	2040000	-3.7252903e-09	28.50062	-0.020730298	-24.416346	0.15391855	0.011383697	0.1563	79.0	536.8754827976227
51	53.136993	9.664852	73.53286	38.64967	1000.0	4.9468136	0.1852582	5.627608	3.6307304	2080000	6.519258e-09	32.546455	-0.020823736	-28.138538	0.14053327	0.011307819	0.15435	79.0	547.182626247406
52	51.255238	11.88343	73.95426	29.448238	1000.0	5.312714	0.2138468	5.9877324	3.2903035	2120000	0.0	31.517723	-0.021315211	-26.423615	0.13050278	0.0125519	0.165425	79.0	557.1825811862946
53	53.246655	9.564248	74.167915	37.314938	1000.0	5.145511	0.2471976	5.9778056	1.1413629	2160000	-2.6775524e-09	32.801125	-0.021313801	-28.33379	0.11852628	0.011881591	0.159475	79.0	566.8478960990906
54	57.146503	9.036972	80.92634	37.359066	1000.0	5.3305264	0.24496084	6.066815	1.1413387	2200000	-6.9849193e-09	38.09909	-0.020658504	-32.786453	0.106396705	0.011374856	0.14649999	79.0	576.445060968399
55	58.28175	11.345922	83.90659	40.438564	1000.0	5.7343264	0.26575842	6.4952497	3.0296013	2240000	9.313226e-10	40.875725	-0.02097133	-34.056587	0.09871043	0.011166945	0.159125	79.0	585.5163507461548
56	61.08214	13.9321995	89.35865	37.573696	1000.0	5.843546	0.270439	6.6905026	1.4514537	2280000	5.5879354e-09	44.529747	-0.021383975	-36.907196	0.08515118	0.012799178	0.163475	79.0	595.35453748703
57	64.45723	11.397043	87.05465	43.045616	1000.0	6.0732646	0.36827826	7.128442	1.1980417	2320000	-2.6077032e-08	49.35387	-0.020861525	-41.723167	0.07299563	0.009610454	0.15907499	79.0	605.452564239502
58	70.11934	14.643049	101.48184	44.132263	1000.0	6.4714365	0.24327582	7.436473	4.5846057	2360000	9.313226e-09	58.211014	-0.0224919	-48.843567	0.06322666	0.011565777	0.170525	79.0	615.7005763053894
59	77.30461	16.015099	114.63314	40.306046	1000.0	6.9858665	0.271637	7.867242	4.6074576	2400000	1.8626451e-09	74.767426	-0.02215211	-60.159203	0.049561415	0.014437022	0.16877499	79.0	626.3469016551971
