Epoch	AverageEpRet	StdEpRet	MaxEpRet	MinEpRet	EpLen	AverageVVals	StdVVals	MaxVVals	MinVVals	TotalEnvInteracts	LossPi	LossV	DeltaLossPi	DeltaLossV	Entropy	KL	ClipFrac	StopIter	Time
0	137.82814	3.7402592	148.57399	130.80249	1000.0	-0.014782568	0.10922414	0.4550054	-0.40345407	40000	-2.9336661e-08	163.19858	-0.006744983	-126.50975	0.91894364	0.006135443	0.05495	79.0	8.414808511734009
1	143.9481	4.0332084	150.38705	134.51044	1000.0	7.1808357	0.48886713	8.378823	4.9394374	80000	-3.548339e-07	189.4977	-0.0051151887	-186.0701	0.8978602	0.0035014604	0.0326	79.0	15.03089714050293
2	148.33975	3.9078496	157.82935	140.74127	1000.0	12.905193	0.13246119	13.17326	11.508289	120000	1.5366822e-08	214.9631	-0.0066992696	-213.99097	0.8763502	0.0049005607	0.04265	79.0	21.76503825187683
3	153.26643	3.972361	161.8258	145.52037	1000.0	14.491183	0.107574016	14.73397	13.50711	160000	-1.7695129e-08	232.9867	-0.006064284	-232.00677	0.85056365	0.0036350195	0.029524999	79.0	28.972381353378296
4	159.9347	5.062653	176.32822	147.01044	1000.0	15.192806	0.0927748	15.43002	14.369936	200000	-9.778887e-09	253.14207	-0.0063932627	-252.0354	0.82365626	0.0037261606	0.026700001	79.0	35.6676766872406
5	165.52408	5.649837	175.18259	153.46072	1000.0	15.8939	0.10617661	16.1277	15.2097	240000	1.8626451e-09	271.0453	-0.005247017	-269.66388	0.7961576	0.003817859	0.027675	79.0	43.25148153305054
6	169.74063	5.3059893	180.05252	153.72662	1000.0	16.44306	0.0760847	16.651146	15.86787	280000	1.8626451e-08	286.44897	-0.0047690365	-285.1541	0.7733564	0.0027934497	0.024675	79.0	50.18752932548523
7	174.5054	6.283562	189.05637	154.89188	1000.0	16.881672	0.14036895	17.147482	15.924515	320000	-7.916242e-09	302.15417	-0.0051372303	-300.6168	0.7515695	0.0024929075	0.018475	79.0	57.39053225517273
8	180.08002	6.9966307	193.09547	164.6149	1000.0	17.360184	0.0640368	17.512096	16.764822	360000	1.4901161e-08	322.3918	-0.0048874253	-320.58682	0.7257923	0.0026371249	0.0195	79.0	65.55683541297913
9	182.6694	6.570488	194.88766	170.52357	1000.0	17.885666	0.09631961	18.068272	17.420078	400000	1.1175871e-08	331.49637	-0.0039043569	-329.65656	0.7019881	0.0027585695	0.01475	79.0	72.35546469688416
10	189.97122	6.4839525	212.06041	177.07776	1000.0	18.175472	0.17337655	18.422596	17.662998	440000	0.0	357.1455	-0.0038785776	-355.0353	0.68033886	0.0016277765	0.014575	79.0	79.35672688484192
11	193.52852	7.2787833	210.10489	176.86476	1000.0	18.88344	0.114877746	19.07829	18.415245	480000	1.8626451e-08	372.21988	-0.00442506	-370.0279	0.6587711	0.0035122724	0.025625	79.0	86.6593108177185
12	195.95262	6.477124	208.36789	181.07047	1000.0	19.210756	0.10419611	19.433146	18.628868	520000	3.7252903e-09	379.768	-0.0037758115	-377.6647	0.6379623	0.0026657656	0.017675001	79.0	93.25067210197449
13	200.78384	7.0276384	222.33409	186.18053	1000.0	19.443869	0.10475803	19.620462	18.84774	560000	-1.8626451e-08	399.99573	-0.0036304453	-397.7503	0.61814904	0.0033312833	0.021075001	79.0	100.73221707344055
14	202.47852	5.8365135	214.78229	188.2268	1000.0	19.92785	0.12910753	20.164871	19.333757	600000	7.450581e-09	406.26318	-0.0034664408	-404.11328	0.6009828	0.0023912457	0.015024999	79.0	107.32405948638916
15	207.01865	7.3368783	219.70828	189.33026	1000.0	20.142656	0.10243152	20.351435	19.606699	640000	-1.3969839e-08	426.73523	-0.0035847633	-424.03986	0.5818177	0.002924633	0.0205	79.0	114.36132383346558
16	209.78328	7.0099807	235.98557	197.77429	1000.0	20.598394	0.0904998	20.755625	20.095392	680000	-1.1175871e-08	435.30682	-0.0033247145	-432.68774	0.5640345	0.0023237905	0.0172	79.0	122.26606583595276
17	215.11162	6.554538	232.79666	201.03833	1000.0	20.801472	0.17788671	21.047972	20.242517	720000	-3.7252903e-09	457.34848	-0.0028862488	-454.7071	0.5458025	0.0025445851	0.01415	79.0	128.9841320514679
18	213.83212	8.404344	228.49864	195.10956	1000.0	21.34429	0.08648323	21.508066	20.899256	760000	2.0489097e-08	454.28888	-0.0032720568	-450.9652	0.53010577	0.002206705	0.0169	79.0	135.7588083744049
19	218.0738	6.891086	233.83739	203.98842	1000.0	21.254265	0.08771842	21.483084	20.6835	800000	-9.313226e-09	469.9487	-0.0035627573	-466.79285	0.51089483	0.002830238	0.023725	79.0	143.1602234840393
20	221.06616	9.9724655	243.59172	200.53482	1000.0	21.636156	0.22092712	21.956161	20.909592	840000	1.4901161e-08	483.88885	-0.0026292228	-480.35767	0.49439493	0.0028167928	0.016375	79.0	150.2678861618042
21	223.72383	9.336175	240.4123	202.56854	1000.0	21.986012	0.28489074	22.326075	21.130877	880000	1.8626451e-09	497.87543	-0.002927271	-493.91296	0.48109448	0.0034458553	0.020075	79.0	157.79398202896118
22	227.20053	8.879668	250.85783	210.28418	1000.0	22.239676	0.34621957	22.619768	21.393486	920000	-1.5832484e-08	510.17725	-0.0024623773	-506.45416	0.46447626	0.00282023	0.017575	79.0	164.56427431106567
23	227.01059	9.467051	243.77557	211.10568	1000.0	22.522406	0.08350488	22.703012	22.073977	960000	-2.7939677e-08	512.2111	-0.0022927243	-508.25406	0.45108524	0.0020698775	0.014625	79.0	171.3025414943695
24	228.7338	7.501338	245.7613	214.81306	1000.0	22.51819	0.2653498	22.870483	21.789131	1000000	-1.4901161e-08	518.2706	-0.0030283132	-514.72504	0.4386664	0.0029615674	0.02165	79.0	178.98877429962158
25	230.88199	9.322194	250.64862	204.10114	1000.0	22.749416	0.2663799	23.066845	21.850533	1040000	-1.5832484e-08	529.77246	-0.002960833	-525.6827	0.42516387	0.0035169374	0.024875	79.0	185.65755677223206
26	232.56279	9.293998	253.37206	211.36546	1000.0	22.928719	0.099253885	23.131805	22.285664	1080000	5.5879354e-09	536.42554	-0.0027292385	-531.97705	0.41310894	0.0032537302	0.018925	79.0	192.83324790000916
27	236.12871	9.063021	258.68445	216.16042	1000.0	23.143646	0.29498154	23.479362	22.10476	1120000	-8.8475645e-09	552.5276	-0.0028379417	-547.82336	0.40074214	0.003111029	0.015225001	79.0	199.91577291488647
28	235.39812	7.60643	255.45511	212.37865	1000.0	23.415407	0.15432788	23.661499	22.711506	1160000	-2.6077032e-08	549.2739	-0.00331127	-544.85974	0.3858525	0.003869718	0.025899999	79.0	206.8007369041443
29	237.69247	11.68938	264.04324	214.27252	1000.0	23.365583	0.15986471	23.599678	22.705204	1200000	0.0	559.00916	-0.0028924097	-553.9199	0.37072325	0.0027846047	0.02095	79.0	214.51927733421326
30	243.17178	9.699788	263.18237	221.75613	1000.0	23.522879	0.23568754	23.836462	22.764654	1240000	1.3038516e-08	581.72437	-0.0032836755	-576.1654	0.3576279	0.003121007	0.0251	79.0	221.39524269104004
31	241.41443	12.547027	261.4033	210.94162	1000.0	24.028341	0.12872893	24.25641	23.25071	1280000	-1.9557774e-08	578.286	-0.003172121	-572.8345	0.34263647	0.0030638832	0.024875	79.0	228.27563667297363
32	246.5064	10.69672	269.93253	222.45975	1000.0	23.991209	0.30270275	24.315737	23.090616	1320000	-1.6763806e-08	599.28503	-0.002570597	-594.3721	0.3245298	0.0021217105	0.0158	79.0	236.23469948768616
33	245.58133	12.071714	275.91278	219.99635	1000.0	24.366716	0.419399	24.796923	23.31342	1360000	9.313226e-10	598.0	-0.0022412983	-591.50494	0.3093548	0.0026678692	0.013625	79.0	243.50838375091553
34	248.5358	10.953076	275.29895	227.70064	1000.0	24.23808	0.3859131	24.743103	23.250462	1400000	-1.9557774e-08	609.68	-0.0026301404	-602.9668	0.29688033	0.0026861874	0.024025	79.0	250.55282545089722
35	248.31494	11.558274	270.11237	220.17369	1000.0	24.629663	0.25749552	24.962841	22.483717	1440000	-7.450581e-09	610.6537	-0.0027713603	-604.557	0.28764325	0.0027666378	0.023975	79.0	257.551349401474
36	250.02176	11.445575	271.54333	226.21266	1000.0	24.605286	0.2510079	24.915386	23.887917	1480000	-7.450581e-09	618.95074	-0.0030884175	-612.0211	0.2769285	0.0035793462	0.022100002	79.0	264.38666820526123
37	252.63486	11.488135	276.20602	231.46637	1000.0	24.752157	0.1972449	25.035465	23.862675	1520000	-2.7939677e-09	628.4887	0.008933192	-621.3512	0.26143116	0.016815988	0.265575	15.0	270.80562448501587
38	253.4331	12.118229	278.26813	227.99435	1000.0	24.934359	0.108663335	25.153461	24.145939	1560000	0.0	635.4252	-0.002292532	-628.44604	0.25893927	0.0033442534	0.019325	79.0	277.5368251800537
39	255.24112	11.323343	281.88766	226.2035	1000.0	25.065498	0.14652854	25.387686	23.47965	1600000	9.313226e-09	644.14575	-0.0030326056	-636.40216	0.25058898	0.0034071347	0.02645	79.0	284.1948311328888
40	256.3062	12.064359	280.9052	227.40666	1000.0	25.239452	0.32161665	25.783916	22.9317	1640000	7.450581e-09	655.63794	-0.0031411625	-648.34607	0.23723814	0.0032116254	0.027675	79.0	291.5090374946594
41	254.85649	11.013989	277.00403	223.84967	1000.0	25.487186	0.25341997	25.977331	24.626675	1680000	0.0	647.6676	-0.0020614923	-640.5667	0.22097488	0.0026560968	0.0163	79.0	298.2333507537842
42	259.4799	12.799828	285.32062	234.9789	1000.0	25.280212	0.30943257	26.330952	24.087484	1720000	-2.0489097e-08	663.03937	-0.002723222	-655.06396	0.20883843	0.003435621	0.02575	79.0	305.75267457962036
43	260.22867	15.245937	288.9927	220.71758	1000.0	25.647638	0.45327318	26.86182	23.705666	1760000	1.1175871e-08	669.7304	-0.0023279653	-660.7907	0.19569819	0.002787239	0.0213	79.0	312.46625542640686
44	260.86694	12.234731	283.76004	231.9304	1000.0	25.609533	0.858883	27.461962	23.276512	1800000	0.0	670.18414	-0.0028789183	-661.85156	0.1846602	0.004312657	0.024325	79.0	319.20219707489014
45	263.5388	11.371744	288.0636	230.41307	1000.0	25.6926	0.633087	28.031986	23.82125	1840000	-1.3038516e-08	686.0227	-0.0021516248	-678.21814	0.17137036	0.0027179024	0.015075	79.0	327.03626918792725
46	262.35922	13.092223	294.4532	241.11618	1000.0	26.006908	0.43408668	28.09331	24.756613	1880000	9.313226e-09	678.0735	-0.002098443	-669.1863	0.16128433	0.003053561	0.017925	79.0	333.80448150634766
47	263.56262	14.327124	301.7299	236.81902	1000.0	25.915548	0.539629	28.316242	24.53436	1920000	-1.3969839e-08	686.3424	-0.0022905143	-677.1499	0.15371332	0.002178939	0.018475	79.0	340.85293984413147
48	261.9665	15.676026	289.2164	230.99417	1000.0	25.895676	0.74581295	28.639318	24.393362	1960000	3.7252903e-09	675.7931	-0.0022996317	-666.09717	0.14088662	0.002963734	0.018125001	79.0	347.67828822135925
49	271.87555	14.347955	303.9869	238.33307	1000.0	25.90677	0.8385118	29.168438	23.860281	2000000	1.8626451e-09	727.18317	-0.002678602	-718.0856	0.12852271	0.003409159	0.02185	79.0	354.7461905479431
50	270.15616	15.356696	297.27045	235.86197	1000.0	26.854212	0.6342673	29.469175	25.142763	2040000	1.3038516e-08	722.2145	-0.0027749233	-712.35486	0.12026926	0.003767648	0.024925001	79.0	362.57186579704285
51	276.1729	15.149137	311.66937	232.8916	1000.0	26.679708	0.81093055	29.731956	24.435078	2080000	-1.3038516e-08	752.20416	-0.0023024417	-742.2975	0.11219912	0.0029159512	0.0219	79.0	369.5182595252991
52	270.44614	14.555155	298.20517	241.71123	1000.0	27.209337	0.46094233	29.960653	26.030928	2120000	-6.519258e-09	725.75836	-0.0024341904	-715.29675	0.10382394	0.00285835	0.01995	79.0	376.4194037914276
53	271.3409	12.94667	300.31052	248.05617	1000.0	26.81625	0.79188854	29.855078	24.375925	2160000	-1.3969839e-09	726.1835	-0.0025173454	-716.1329	0.09324646	0.0030774141	0.024475	79.0	384.1071786880493
54	273.45807	16.011858	326.48767	231.84995	1000.0	26.799818	0.58687496	29.583685	25.40106	2200000	-1.8626451e-09	729.5462	-0.0024065587	-718.00195	0.07861104	0.002608831	0.020975	79.0	390.94431161880493
55	276.1302	17.275677	317.08054	239.98158	1000.0	26.837494	0.6253322	30.220493	25.116589	2240000	-4.656613e-09	748.1888	-0.0027437173	-736.05444	0.06961316	0.002807967	0.023025	79.0	398.4853904247284
56	276.7526	18.363302	313.2978	237.9046	1000.0	27.11606	0.73336655	30.572124	25.081778	2280000	-2.3283064e-08	760.1646	-0.0024575125	-747.7711	0.057648707	0.0037428031	0.024425	79.0	405.19587779045105
57	276.51178	16.265802	311.2589	236.87155	1000.0	27.32628	0.67860425	30.328802	25.134565	2320000	1.8626451e-09	757.2682	-0.0028406484	-746.01135	0.049086254	0.0034029274	0.0238	79.0	412.2473156452179
58	283.83075	19.191835	322.9544	243.8901	1000.0	27.333078	0.49016428	30.217503	26.215738	2360000	1.3969839e-09	791.50085	-0.0020306408	-777.84705	0.0377585	0.002251443	0.015225001	79.0	420.3214433193207
59	274.86978	15.465009	301.20193	237.41748	1000.0	27.772655	0.88707083	31.122278	25.82305	2400000	-4.656613e-09	744.9308	-0.0025485558	-732.2142	0.03155709	0.003556275	0.022525001	79.0	427.16698002815247
